 291.80800
   0.00000
   0.00000
   0.00000
 291.80800
   0.00000
  -0.00000
  -0.00000
 291.80800
   1.01975
   0.00252
   0.00252
  -0.00000
 -38.38320
 -39.40800
  -0.00000
 -39.40800
 -38.38320
 -38.38320
  -0.00000
 -39.40800
   0.00252
   1.01975
   0.00252
 -39.40800
  -0.00000
 -38.38320
 -38.38320
 -39.40800
  -0.00000
 -39.40800
 -38.38320
  -0.00000
   0.00252
   0.00252
   1.01975
   0.10486
   0.04063
  -0.00000
   0.04064
  -0.00350
  -0.00000
   0.00000
   0.00000
  -0.01705
   0.10486
  -0.00000
   0.04063
   0.00000
  -0.01705
   0.00000
   0.04064
  -0.00000
  -0.00350
   0.10486
  -0.00000
  -0.04063
   0.00000
  -0.01705
  -0.00000
  -0.04064
  -0.00000
  -0.00350
   0.10486
  -0.04063
  -0.00000
  -0.04064
  -0.00350
  -0.00000
   0.00000
  -0.00000
  -0.01705
  -0.00350
   0.04064
  -0.00000
   0.04063
   0.10486
  -0.00000
   0.00000
   0.00000
  -0.01705
   0.53008
   0.32868
   0.32868
   0.32872
   0.03707
   0.16436
   0.32872
   0.16436
   0.03707
   0.03707
   0.32872
   0.16436
   0.32868
   0.53008
   0.32868
   0.16436
   0.32872
   0.03707
   0.03707
   0.16436
   0.32872
   0.16436
   0.03707
   0.32872
   0.32868
   0.32868
   0.53008
   0.12163
   0.16289
  -0.00000
   0.16289
   0.12163
  -0.00000
   0.00001
   0.00001
  -0.04127
   0.53008
   0.32868
  -0.32868
   0.32872
   0.03707
  -0.16436
  -0.32874
  -0.16437
   0.03704
   0.03707
   0.32872
  -0.16436
   0.32868
   0.53008
  -0.32868
  -0.16437
  -0.32874
   0.03704
 -38.34150
 -39.35630
  -0.00000
 -39.35630
 -38.34150
  -0.00000
  -0.00252
  -0.00252
   1.01975
   0.03707
   0.16436
  -0.32872
   0.16436
   0.03707
  -0.32872
  -0.32879
  -0.32879
   0.53022
  -0.00350
  -0.00000
   0.04064
   0.00000
  -0.01705
   0.00000
   0.04063
  -0.00000
   0.10486
   0.12163
  -0.00000
   0.16289
   0.00001
  -0.04127
   0.00001
   0.16289
  -0.00000
   0.12163
   0.53008
  -0.32868
   0.32868
  -0.32874
   0.03704
  -0.16437
   0.32872
  -0.16436
   0.03707
 -38.34150
  -0.00000
 -39.35630
  -0.00252
   1.01975
  -0.00252
 -39.35630
  -0.00000
 -38.34150
   0.03707
  -0.16436
   0.32872
  -0.16437
   0.03704
  -0.32874
   0.32868
  -0.32868
   0.53008
   3.50641
  -0.00000
  -0.00000
   0.00013
  -0.57981
  -0.00000
   0.00013
  -0.00000
  -0.57981
   0.53008
  -0.32868
  -0.32868
  -0.32874
   0.03704
   0.16437
  -0.32874
   0.16437
   0.03704
 -38.34150
  -0.00000
  39.35630
  -0.00252
   1.01975
   0.00252
  39.40800
  -0.00000
 -38.38320
 -38.34150
  39.35630
  -0.00000
  39.40800
 -38.38320
  -0.00000
  -0.00252
   0.00252
   1.01975
   0.12163
  -0.00000
  -0.16289
   0.00001
  -0.04127
  -0.00001
  -0.16293
  -0.00000
   0.12165
  -0.00350
  -0.00000
  -0.04064
   0.00000
  -0.01705
  -0.00000
  -0.04065
  -0.00000
   0.10489
   0.03707
  -0.16436
  -0.32872
  -0.16437
   0.03704
   0.32874
  -0.32879
   0.32879
   0.53023
   0.03707
  -0.32872
   0.16436
  -0.32879
   0.53023
  -0.32879
   0.16436
  -0.32872
   0.03707
   0.12163
  -0.16289
  -0.00000
  -0.16293
   0.12165
  -0.00000
   0.00001
  -0.00001
  -0.04127
   0.03707
  -0.32872
  -0.16436
  -0.32879
   0.53023
   0.32879
  -0.16437
   0.32874
   0.03704
  -0.00350
  -0.04064
  -0.00000
  -0.04065
   0.10489
  -0.00000
   0.00000
  -0.00000
  -0.01705
  -0.01705
   0.00000
   0.00000
  -0.00000
   0.10486
   0.04063
  -0.00000
   0.04064
  -0.00350
  -0.01705
   0.00000
  -0.00000
  -0.00000
   0.10486
  -0.04063
  -0.00000
  -0.04064
  -0.00350
  -0.00350
  -0.04064
  -0.00000
  -0.04063
   0.10486
  -0.00000
  -0.00000
   0.00000
  -0.01705
  -0.01705
   0.00000
   0.00000
  -0.00000
  -0.00350
   0.04064
  -0.00000
   0.04063
   0.10486
  -0.04127
   0.00001
   0.00001
  -0.00000
   0.12163
   0.16289
  -0.00000
   0.16289
   0.12163
   1.01975
  -0.00252
  -0.00252
  -0.00000
 -38.34150
 -39.35630
  -0.00000
 -39.35630
 -38.34150
   0.03704
  -0.32874
  -0.16437
  -0.32868
   0.53008
   0.32868
  -0.16436
   0.32872
   0.03707
   0.03704
  -0.16437
  -0.32874
  -0.16436
   0.03707
   0.32872
  -0.32868
   0.32868
   0.53008
  -0.57981
   0.00013
  -0.00000
  -0.00000
   3.50641
  -0.00000
  -0.00000
   0.00013
  -0.57981
   1.01975
  -0.00252
   0.00252
  -0.00000
 -38.34150
  39.35630
  -0.00000
  39.40800
 -38.38320
   0.03704
  -0.32874
   0.16437
  -0.32868
   0.53008
  -0.32868
   0.16437
  -0.32874
   0.03704
 -38.38320
  39.40800
  -0.00000
  39.35630
 -38.34150
  -0.00000
   0.00252
  -0.00252
   1.01975
  -0.04127
   0.00001
  -0.00001
  -0.00000
   0.12163
  -0.16289
  -0.00000
  -0.16293
   0.12165
  -0.01705
   0.00000
  -0.00000
  -0.00000
  -0.00350
  -0.04064
  -0.00000
  -0.04065
   0.10489
   0.03704
  -0.16437
   0.32874
  -0.16436
   0.03707
  -0.32872
   0.32879
  -0.32879
   0.53023
  -0.01705
  -0.00000
   0.00000
  -0.00000
  -0.00350
  -0.04064
  -0.00000
  -0.04063
   0.10486
  -0.00350
  -0.00000
  -0.04064
  -0.00000
  -0.01705
   0.00000
  -0.04063
  -0.00000
   0.10486
  -0.57981
  -0.00000
   0.00013
  -0.00000
  -0.57981
   0.00013
  -0.00000
  -0.00000
   3.50641
   1.01975
   0.00252
  -0.00252
  -0.00000
 -38.38320
  39.40800
  -0.00000
  39.35630
 -38.34150
 -38.38320
  -0.00000
  39.40800
   0.00252
   1.01975
  -0.00252
  39.35630
  -0.00000
 -38.34150
   0.03704
   0.16437
  -0.32874
   0.16437
   0.03704
  -0.32874
  -0.32868
  -0.32868
   0.53008
  -0.57981
  -0.00000
  -0.00013
  -0.00000
  -0.57981
  -0.00013
  -0.00000
  -0.00000
   3.50774
  -0.01705
  -0.00000
  -0.00000
  -0.00000
  -0.00350
   0.04064
  -0.00000
   0.04065
   0.10489
  -0.00350
  -0.00000
   0.04064
  -0.00000
  -0.01705
  -0.00000
   0.04065
  -0.00000
   0.10489
   0.03704
   0.16437
   0.32874
   0.16437
   0.03704
   0.32874
   0.32879
   0.32879
   0.53023
  -0.04127
  -0.00001
   0.00001
  -0.00000
   0.12165
  -0.16293
  -0.00000
  -0.16289
   0.12163
  -0.01705
  -0.00000
   0.00000
  -0.00000
   0.10489
  -0.04065
  -0.00000
  -0.04064
  -0.00350
   0.03704
   0.32874
  -0.16437
   0.32879
   0.53023
  -0.32879
  -0.16436
  -0.32872
   0.03707
  -0.57981
  -0.00013
  -0.00000
  -0.00000
   3.50774
  -0.00000
  -0.00000
  -0.00013
  -0.57981
  -0.01705
  -0.00000
  -0.00000
  -0.00000
   0.10489
   0.04065
  -0.00000
   0.04064
  -0.00350
   0.03704
   0.32874
   0.16437
   0.32879
   0.53023
   0.32879
   0.16437
   0.32874
   0.03704
  -0.00350
   0.04064
  -0.00000
   0.04065
   0.10489
  -0.00000
  -0.00000
  -0.00000
  -0.01705
  -0.04127
  -0.00001
  -0.00001
  -0.00000
   0.12165
   0.16293
  -0.00000
   0.16293
   0.12165
   0.53023
  -0.32879
  -0.32879
  -0.32872
   0.03707
   0.16436
  -0.32872
   0.16436
   0.03707
   0.12165
  -0.16293
  -0.00000
  -0.16289
   0.12163
  -0.00000
  -0.00001
   0.00001
  -0.04127
   0.53023
  -0.32879
   0.32879
  -0.32872
   0.03707
  -0.16436
   0.32874
  -0.16437
   0.03704
   0.10489
  -0.04065
  -0.00000
  -0.04064
  -0.00350
  -0.00000
  -0.00000
   0.00000
  -0.01705
   0.12165
  -0.00000
  -0.16293
  -0.00001
  -0.04127
   0.00001
  -0.16289
  -0.00000
   0.12163
   0.53023
   0.32879
  -0.32879
   0.32874
   0.03704
  -0.16437
  -0.32872
  -0.16436
   0.03707
   0.10489
  -0.00000
  -0.04065
  -0.00000
  -0.01705
   0.00000
  -0.04064
  -0.00000
  -0.00350
   3.50774
  -0.00000
  -0.00000
  -0.00013
  -0.57981
  -0.00000
  -0.00013
  -0.00000
  -0.57981
   0.53023
   0.32879
   0.32879
   0.32874
   0.03704
   0.16437
   0.32874
   0.16437
   0.03704
   0.10489
  -0.00000
   0.04065
  -0.00000
  -0.01705
  -0.00000
   0.04064
  -0.00000
  -0.00350
   0.10489
   0.04065
  -0.00000
   0.04064
  -0.00350
  -0.00000
  -0.00000
  -0.00000
  -0.01705
   0.12165
  -0.00000
   0.16293
  -0.00001
  -0.04127
  -0.00001
   0.16293
  -0.00000
   0.12165
   0.12165
   0.16293
  -0.00000
   0.16293
   0.12165
  -0.00000
  -0.00001
  -0.00001
  -0.04127
