  -0.00000
  -0.00000
  -0.00000
  -0.00000
   0.00000
   0.00000
  -0.00000
   0.00000
   0.00000
  -0.00000
  -0.00000
   0.00000
  -0.00000
  -0.00000
  -0.00000
   0.00000
  -0.00000
   0.00000
  -0.00000
   0.00000
  -0.00000
   0.00000
  -0.00000
  -0.00000
  -0.00000
  -0.00000
  -0.00000
  -0.00000
 -50.35000
 -50.35000
 -50.35000
  -0.00000
  -0.00000
 -50.35000
  -0.00000
  -0.00000
 -50.37350
  -0.00000
  -0.00000
  -0.00000
 417.00000
 517.70000
  -0.00000
 517.70000
 517.75000
 -50.37350
  -0.00000
  -0.00000
  -0.00000
 517.75000
 517.70000
  -0.00000
 517.70000
 417.00000
 417.00000
  -0.00000
 517.70000
  -0.00000
 -50.37350
  -0.00000
 517.70000
  -0.00000
 517.75000
  -0.00000
 -50.35000
  -0.00000
 -50.35000
  -0.00000
 -50.35000
  -0.00000
 -50.35000
  -0.00000
 517.75000
  -0.00000
 517.70000
  -0.00000
 -50.37350
  -0.00000
 517.70000
  -0.00000
 417.00000
 417.00000
 517.70000
  -0.00000
 517.70000
 517.75000
  -0.00000
  -0.00000
  -0.00000
 -50.37350
 517.75000
 517.70000
  -0.00000
 517.70000
 417.00000
  -0.00000
  -0.00000
  -0.00000
 -50.37350
  -0.00000
  -0.00000
 -50.35000
  -0.00000
  -0.00000
 -50.35000
 -50.35000
 -50.35000
  -0.00000
   0.30750
   0.13675
  -0.00000
   0.13675
  -0.00050
  -0.00000
   0.00000
   0.00000
  -0.05198
   0.13725
  -0.00050
  -0.00000
  -0.00050
  -0.03483
  -0.00000
   0.00000
   0.00000
  -0.01733
  -0.00000
  -0.00000
  -0.05200
  -0.00000
  -0.00000
  -0.01700
  -0.05200
  -0.01700
  -0.00000
   0.30750
  -0.00000
   0.13675
   0.00000
  -0.05198
   0.00000
   0.13675
  -0.00000
  -0.00050
  -0.00000
  -0.05200
  -0.00000
  -0.05200
  -0.00000
  -0.01700
  -0.00000
  -0.01700
  -0.00000
   0.13725
  -0.00000
  -0.00050
   0.00000
  -0.01733
   0.00000
  -0.00050
  -0.00000
  -0.03483
   0.30750
  -0.00000
  -0.13675
   0.00000
  -0.05198
  -0.00000
  -0.13675
  -0.00000
  -0.00050
  -0.00000
  -0.05200
  -0.00000
  -0.05200
  -0.00000
   0.01700
  -0.00000
   0.01700
  -0.00000
  -0.13725
  -0.00000
  -0.00050
  -0.00000
   0.01733
  -0.00000
  -0.00050
  -0.00000
   0.03482
   0.30750
  -0.13675
  -0.00000
  -0.13675
  -0.00050
  -0.00000
   0.00000
  -0.00000
  -0.05198
  -0.13725
  -0.00050
  -0.00000
  -0.00050
   0.03482
  -0.00000
  -0.00000
  -0.00000
   0.01733
  -0.00000
  -0.00000
  -0.05200
  -0.00000
  -0.00000
   0.01700
  -0.05200
   0.01700
  -0.00000
  -0.03483
  -0.00050
  -0.00000
  -0.00050
   0.13725
  -0.00000
   0.00000
   0.00000
  -0.01733
  -0.00050
   0.13675
  -0.00000
   0.13675
   0.30750
  -0.00000
   0.00000
   0.00000
  -0.05198
  -0.00000
  -0.00000
  -0.01700
  -0.00000
  -0.00000
  -0.05200
  -0.01700
  -0.05200
  -0.00000
   1.40000
   1.13000
   1.13000
   1.13000
   0.25000
   0.67024
   1.13000
   0.67024
   0.25000
   1.12750
   0.24500
   0.66500
   0.24500
  -0.29625
   0.12500
   0.66500
   0.12500
   0.12500
   1.12750
   0.66500
   0.24500
   0.66500
   0.12500
   0.12500
   0.24500
   0.12500
  -0.29625
  -0.29625
   0.24500
   0.12500
   0.24500
   1.12750
   0.66500
   0.12500
   0.66500
   0.12500
   0.25000
   1.13000
   0.67024
   1.13000
   1.40000
   1.13000
   0.67024
   1.13000
   0.25000
   0.12500
   0.66500
   0.12500
   0.66500
   1.12750
   0.24500
   0.12500
   0.24500
  -0.29625
  -0.29625
   0.12500
   0.24500
   0.12500
   0.12500
   0.66500
   0.24500
   0.66500
   1.12750
   0.12500
   0.12500
   0.66500
   0.12500
  -0.29625
   0.24500
   0.66500
   0.24500
   1.12750
   0.25000
   0.67024
   1.13000
   0.67024
   0.25000
   1.13000
   1.13000
   1.13000
   1.40000
   0.19750
   0.40725
  -0.00000
   0.40725
   0.40750
  -0.00000
   0.00000
  -0.00000
  -0.10419
   0.40750
   0.40725
  -0.00000
   0.40725
   0.19750
  -0.00000
  -0.00000
   0.00000
  -0.10419
  -0.00000
  -0.00000
  -0.10450
  -0.00000
  -0.00000
  -0.10450
  -0.10450
  -0.10450
  -0.00000
   1.40000
   1.13000
  -1.13000
   1.13000
   0.25000
  -0.67024
  -1.13000
  -0.67024
   0.25000
   1.12750
   0.24500
  -0.66500
   0.24500
  -0.29625
  -0.12500
  -0.66500
  -0.12500
   0.12500
  -1.12750
  -0.66500
   0.24500
  -0.66500
  -0.12500
   0.12500
   0.24500
   0.12500
   0.29625
  -0.29625
   0.24500
  -0.12500
   0.24500
   1.12750
  -0.66500
  -0.12500
  -0.66500
   0.12500
   0.25000
   1.13000
  -0.67024
   1.13000
   1.40000
  -1.13000
  -0.67024
  -1.13000
   0.25000
  -0.12500
  -0.66500
   0.12500
  -0.66500
  -1.12750
   0.24500
   0.12500
   0.24500
   0.29625
-417.00000
-517.70000
  -0.00000
-517.70000
-517.75000
  -0.00000
  -0.00000
  -0.00000
  50.37350
-517.75000
-517.70000
  -0.00000
-517.70000
-417.00000
  -0.00000
  -0.00000
  -0.00000
  50.37350
  -0.00000
  -0.00000
  50.35000
  -0.00000
  -0.00000
  50.35000
  50.35000
  50.35000
  -0.00000
  -0.29625
   0.12500
  -0.24500
   0.12500
   0.12500
  -0.66500
  -0.24500
  -0.66500
   1.12750
   0.12500
   0.12500
  -0.66500
   0.12500
  -0.29625
  -0.24500
  -0.66500
  -0.24500
   1.12750
  -0.25000
  -0.67024
   1.13000
  -0.67024
  -0.25000
   1.13000
   1.13000
   1.13000
  -1.40000
  -0.03483
  -0.00000
  -0.00050
   0.00000
  -0.01733
   0.00000
  -0.00050
  -0.00000
   0.13725
  -0.00000
  -0.01700
  -0.00000
  -0.01700
  -0.00000
  -0.05200
  -0.00000
  -0.05200
  -0.00000
  -0.00050
  -0.00000
   0.13675
   0.00000
  -0.05198
   0.00000
   0.13675
  -0.00000
   0.30750
   0.19750
  -0.00000
   0.40725
   0.00000
  -0.10419
  -0.00000
   0.40725
  -0.00000
   0.40750
  -0.00000
  -0.10450
  -0.00000
  -0.10450
  -0.00000
  -0.10450
  -0.00000
  -0.10450
  -0.00000
   0.40750
  -0.00000
   0.40725
  -0.00000
  -0.10419
   0.00000
   0.40725
  -0.00000
   0.19750
   1.40000
  -1.13000
   1.13000
  -1.13000
   0.25000
  -0.67024
   1.13000
  -0.67024
   0.25000
  -1.12750
   0.24500
  -0.66500
   0.24500
   0.29625
   0.12500
  -0.66500
   0.12500
  -0.12500
   1.12750
  -0.66500
   0.24500
  -0.66500
   0.12500
  -0.12500
   0.24500
  -0.12500
  -0.29625
-417.00000
  -0.00000
-517.70000
  -0.00000
  50.37350
  -0.00000
-517.70000
  -0.00000
-517.75000
  -0.00000
  50.35000
  -0.00000
  50.35000
  -0.00000
  50.35000
  -0.00000
  50.35000
  -0.00000
-517.75000
  -0.00000
-517.70000
  -0.00000
  50.37350
  -0.00000
-517.70000
  -0.00000
-417.00000
  -0.29625
  -0.12500
   0.24500
  -0.12500
   0.12500
  -0.66500
   0.24500
  -0.66500
   1.12750
  -0.12500
   0.12500
  -0.66500
   0.12500
   0.29625
   0.24500
  -0.66500
   0.24500
  -1.12750
   0.25000
  -0.67024
   1.13000
  -0.67024
   0.25000
  -1.13000
   1.13000
  -1.13000
   1.40000
  13.35000
  -0.00000
  -0.00000
  -0.00000
  -2.61377
  -0.00000
  -0.00000
  -0.00000
  -2.61377
  -0.00000
  -2.61500
  -0.00000
  -2.61500
  -0.00000
  -0.00000
  -0.00000
  -0.00000
  -0.00000
  -0.00000
  -0.00000
  -2.61500
  -0.00000
  -0.00000
  -0.00000
  -2.61500
  -0.00000
  -0.00000
   1.40000
  -1.13000
  -1.13000
  -1.13000
   0.25000
   0.67024
  -1.13000
   0.67024
   0.25000
  -1.12750
   0.24500
   0.66500
   0.24500
   0.29625
  -0.12500
   0.66500
  -0.12500
  -0.12500
  -1.12750
   0.66500
   0.24500
   0.66500
  -0.12500
  -0.12500
   0.24500
  -0.12500
   0.29625
-417.00000
  -0.00000
 517.70000
  -0.00000
  50.37350
  -0.00000
 517.70000
  -0.00000
-517.75000
  -0.00000
  50.35000
  -0.00000
  50.35000
  -0.00000
 -50.35000
  -0.00000
 -50.35000
  -0.00000
 517.75000
  -0.00000
-517.70000
  -0.00000
 -50.37350
  -0.00000
-517.70000
  -0.00000
 417.00000
-417.00000
 517.70000
  -0.00000
 517.70000
-517.75000
  -0.00000
  -0.00000
  -0.00000
  50.37350
 517.75000
-517.70000
  -0.00000
-517.70000
 417.00000
  -0.00000
  -0.00000
  -0.00000
 -50.37350
  -0.00000
  -0.00000
  50.35000
  -0.00000
  -0.00000
 -50.35000
  50.35000
 -50.35000
  -0.00000
   0.19750
  -0.00000
  -0.40725
   0.00000
  -0.10419
  -0.00000
  -0.40725
  -0.00000
   0.40750
  -0.00000
  -0.10450
  -0.00000
  -0.10450
  -0.00000
   0.10450
  -0.00000
   0.10450
  -0.00000
  -0.40750
  -0.00000
   0.40725
  -0.00000
   0.10419
   0.00000
   0.40725
  -0.00000
  -0.19750
  -0.03483
  -0.00000
   0.00050
   0.00000
  -0.01733
  -0.00000
   0.00050
  -0.00000
   0.13725
  -0.00000
  -0.01700
  -0.00000
  -0.01700
  -0.00000
   0.05200
  -0.00000
   0.05200
  -0.00000
   0.00050
  -0.00000
   0.13675
  -0.00000
   0.05198
   0.00000
   0.13675
  -0.00000
  -0.30750
  -0.29625
  -0.12500
  -0.24500
  -0.12500
   0.12500
   0.66500
  -0.24500
   0.66500
   1.12750
  -0.12500
   0.12500
   0.66500
   0.12500
   0.29625
  -0.24500
   0.66500
  -0.24500
  -1.12750
  -0.25000
   0.67024
   1.13000
   0.67024
  -0.25000
  -1.13000
   1.13000
  -1.13000
  -1.40000
  -0.29625
  -0.24500
   0.12500
  -0.24500
   1.12750
  -0.66500
   0.12500
  -0.66500
   0.12500
  -0.25000
   1.13000
  -0.67024
   1.13000
  -1.40000
   1.13000
  -0.67024
   1.13000
  -0.25000
   0.12500
  -0.66500
   0.12500
  -0.66500
   1.12750
  -0.24500
   0.12500
  -0.24500
  -0.29625
   0.19750
  -0.40725
  -0.00000
  -0.40725
   0.40750
  -0.00000
   0.00000
  -0.00000
  -0.10419
  -0.40750
   0.40725
  -0.00000
   0.40725
  -0.19750
  -0.00000
  -0.00000
   0.00000
   0.10419
  -0.00000
  -0.00000
  -0.10450
  -0.00000
  -0.00000
   0.10450
  -0.10450
   0.10450
  -0.00000
  -0.29625
  -0.24500
  -0.12500
  -0.24500
   1.12750
   0.66500
  -0.12500
   0.66500
   0.12500
  -0.25000
   1.13000
   0.67024
   1.13000
  -1.40000
  -1.13000
   0.67024
  -1.13000
  -0.25000
  -0.12500
   0.66500
   0.12500
   0.66500
  -1.12750
  -0.24500
   0.12500
  -0.24500
   0.29625
  -0.03483
   0.00050
  -0.00000
   0.00050
   0.13725
  -0.00000
   0.00000
  -0.00000
  -0.01733
   0.00050
   0.13675
  -0.00000
   0.13675
  -0.30750
  -0.00000
  -0.00000
   0.00000
   0.05198
  -0.00000
  -0.00000
  -0.01700
  -0.00000
  -0.00000
   0.05200
  -0.01700
   0.05200
  -0.00000
  -0.00000
  -0.05200
  -0.01700
  -0.05200
  -0.00000
  -0.00000
  -0.01700
  -0.00000
  -0.00000
  -0.05198
   0.00000
   0.00000
  -0.00000
   0.30750
   0.13675
  -0.00000
   0.13675
  -0.00050
  -0.01733
   0.00000
   0.00000
  -0.00000
   0.13725
  -0.00050
  -0.00000
  -0.00050
  -0.03483
  -0.00000
  -0.05200
   0.01700
  -0.05200
  -0.00000
  -0.00000
   0.01700
  -0.00000
  -0.00000
  -0.05198
   0.00000
  -0.00000
  -0.00000
   0.30750
  -0.13675
  -0.00000
  -0.13675
  -0.00050
   0.01733
  -0.00000
  -0.00000
  -0.00000
  -0.13725
  -0.00050
  -0.00000
  -0.00050
   0.03482
   0.03482
  -0.00050
  -0.00000
  -0.00050
  -0.13725
  -0.00000
  -0.00000
  -0.00000
   0.01733
  -0.00050
  -0.13675
  -0.00000
  -0.13675
   0.30750
  -0.00000
  -0.00000
   0.00000
  -0.05198
  -0.00000
  -0.00000
   0.01700
  -0.00000
  -0.00000
  -0.05200
   0.01700
  -0.05200
  -0.00000
  -0.00000
  -0.01700
  -0.05200
  -0.01700
  -0.00000
  -0.00000
  -0.05200
  -0.00000
  -0.00000
  -0.01733
   0.00000
   0.00000
  -0.00000
  -0.03483
  -0.00050
  -0.00000
  -0.00050
   0.13725
  -0.05198
   0.00000
   0.00000
  -0.00000
  -0.00050
   0.13675
  -0.00000
   0.13675
   0.30750
  -0.00000
  -0.10450
  -0.10450
  -0.10450
  -0.00000
  -0.00000
  -0.10450
  -0.00000
  -0.00000
  -0.10419
   0.00000
  -0.00000
  -0.00000
   0.19750
   0.40725
  -0.00000
   0.40725
   0.40750
  -0.10419
  -0.00000
   0.00000
  -0.00000
   0.40750
   0.40725
  -0.00000
   0.40725
   0.19750
  -0.00000
  50.35000
  50.35000
  50.35000
  -0.00000
  -0.00000
  50.35000
  -0.00000
  -0.00000
  50.37350
  -0.00000
  -0.00000
  -0.00000
-417.00000
-517.70000
  -0.00000
-517.70000
-517.75000
  50.37350
  -0.00000
  -0.00000
  -0.00000
-517.75000
-517.70000
  -0.00000
-517.70000
-417.00000
   0.29625
   0.24500
   0.12500
   0.24500
  -1.12750
  -0.66500
   0.12500
  -0.66500
  -0.12500
   0.25000
  -1.13000
  -0.67024
  -1.13000
   1.40000
   1.13000
  -0.67024
   1.13000
   0.25000
   0.12500
  -0.66500
  -0.12500
  -0.66500
   1.12750
   0.24500
  -0.12500
   0.24500
  -0.29625
   0.29625
   0.12500
   0.24500
   0.12500
  -0.12500
  -0.66500
   0.24500
  -0.66500
  -1.12750
   0.12500
  -0.12500
  -0.66500
  -0.12500
  -0.29625
   0.24500
  -0.66500
   0.24500
   1.12750
   0.25000
  -0.67024
  -1.13000
  -0.67024
   0.25000
   1.13000
  -1.13000
   1.13000
   1.40000
  -0.00000
  -2.61500
  -0.00000
  -2.61500
  -0.00000
  -0.00000
  -0.00000
  -0.00000
  -0.00000
  -2.61377
  -0.00000
  -0.00000
  -0.00000
  13.35000
  -0.00000
  -0.00000
  -0.00000
  -2.61377
  -0.00000
  -0.00000
  -0.00000
  -0.00000
  -0.00000
  -2.61500
  -0.00000
  -2.61500
  -0.00000
  -0.00000
  50.35000
 -50.35000
  50.35000
  -0.00000
  -0.00000
 -50.35000
  -0.00000
  -0.00000
  50.37350
  -0.00000
  -0.00000
  -0.00000
-417.00000
 517.70000
  -0.00000
 517.70000
-517.75000
 -50.37350
  -0.00000
  -0.00000
  -0.00000
 517.75000
-517.70000
  -0.00000
-517.70000
 417.00000
   0.29625
   0.24500
  -0.12500
   0.24500
  -1.12750
   0.66500
  -0.12500
   0.66500
  -0.12500
   0.25000
  -1.13000
   0.67024
  -1.13000
   1.40000
  -1.13000
   0.67024
  -1.13000
   0.25000
  -0.12500
   0.66500
  -0.12500
   0.66500
  -1.12750
   0.24500
  -0.12500
   0.24500
   0.29625
 417.00000
-517.70000
  -0.00000
-517.70000
 517.75000
  -0.00000
  -0.00000
  -0.00000
 -50.37350
-517.75000
 517.70000
  -0.00000
 517.70000
-417.00000
  -0.00000
  -0.00000
  -0.00000
  50.37350
  -0.00000
  -0.00000
 -50.35000
  -0.00000
  -0.00000
  50.35000
 -50.35000
  50.35000
  -0.00000
  -0.00000
  -0.10450
   0.10450
  -0.10450
  -0.00000
  -0.00000
   0.10450
  -0.00000
  -0.00000
  -0.10419
   0.00000
  -0.00000
  -0.00000
   0.19750
  -0.40725
  -0.00000
  -0.40725
   0.40750
   0.10419
  -0.00000
   0.00000
  -0.00000
  -0.40750
   0.40725
  -0.00000
   0.40725
  -0.19750
  -0.00000
  -0.01700
   0.05200
  -0.01700
  -0.00000
  -0.00000
   0.05200
  -0.00000
  -0.00000
  -0.01733
   0.00000
  -0.00000
  -0.00000
  -0.03483
   0.00050
  -0.00000
   0.00050
   0.13725
   0.05198
  -0.00000
   0.00000
  -0.00000
   0.00050
   0.13675
  -0.00000
   0.13675
  -0.30750
   0.29625
   0.12500
  -0.24500
   0.12500
  -0.12500
   0.66500
  -0.24500
   0.66500
  -1.12750
   0.12500
  -0.12500
   0.66500
  -0.12500
  -0.29625
  -0.24500
   0.66500
  -0.24500
   1.12750
  -0.25000
   0.67024
  -1.13000
   0.67024
  -0.25000
   1.13000
  -1.13000
   1.13000
  -1.40000
  -0.00000
   0.01700
  -0.05200
   0.01700
  -0.00000
  -0.00000
  -0.05200
  -0.00000
  -0.00000
   0.01733
  -0.00000
  -0.00000
  -0.00000
   0.03482
  -0.00050
  -0.00000
  -0.00050
  -0.13725
  -0.05198
  -0.00000
   0.00000
  -0.00000
  -0.00050
  -0.13675
  -0.00000
  -0.13675
   0.30750
   0.03482
  -0.00000
  -0.00050
  -0.00000
   0.01733
  -0.00000
  -0.00050
  -0.00000
  -0.13725
  -0.00000
   0.01700
  -0.00000
   0.01700
  -0.00000
  -0.05200
  -0.00000
  -0.05200
  -0.00000
  -0.00050
  -0.00000
  -0.13675
  -0.00000
  -0.05198
   0.00000
  -0.13675
  -0.00000
   0.30750
  -0.00000
  -0.00000
  -2.61500
  -0.00000
  -0.00000
  -0.00000
  -2.61500
  -0.00000
  -0.00000
  -0.00000
  -0.00000
  -0.00000
  -0.00000
  -0.00000
  -2.61500
  -0.00000
  -2.61500
  -0.00000
  -2.61377
  -0.00000
  -0.00000
  -0.00000
  -2.61377
  -0.00000
  -0.00000
  -0.00000
  13.35000
  -0.00000
 -50.35000
  50.35000
 -50.35000
  -0.00000
  -0.00000
  50.35000
  -0.00000
  -0.00000
 -50.37350
  -0.00000
  -0.00000
  -0.00000
 417.00000
-517.70000
  -0.00000
-517.70000
 517.75000
  50.37350
  -0.00000
  -0.00000
  -0.00000
-517.75000
 517.70000
  -0.00000
 517.70000
-417.00000
 417.00000
  -0.00000
-517.70000
  -0.00000
 -50.37350
  -0.00000
-517.70000
  -0.00000
 517.75000
  -0.00000
 -50.35000
  -0.00000
 -50.35000
  -0.00000
  50.35000
  -0.00000
  50.35000
  -0.00000
-517.75000
  -0.00000
 517.70000
  -0.00000
  50.37350
  -0.00000
 517.70000
  -0.00000
-417.00000
   0.29625
  -0.12500
   0.24500
  -0.12500
  -0.12500
   0.66500
   0.24500
   0.66500
  -1.12750
  -0.12500
  -0.12500
   0.66500
  -0.12500
   0.29625
   0.24500
   0.66500
   0.24500
  -1.12750
   0.25000
   0.67024
  -1.13000
   0.67024
   0.25000
  -1.13000
  -1.13000
  -1.13000
   1.40000
  -0.00000
  -0.00000
   2.61500
  -0.00000
  -0.00000
  -0.00000
   2.61500
  -0.00000
  -0.00000
  -0.00000
  -0.00000
  -0.00000
  -0.00000
  -0.00000
   2.61500
  -0.00000
   2.61500
  -0.00000
   2.61377
  -0.00000
  -0.00000
  -0.00000
   2.61377
  -0.00000
  -0.00000
  -0.00000
 -13.35000
  -0.00000
   0.01700
   0.05200
   0.01700
  -0.00000
  -0.00000
   0.05200
  -0.00000
  -0.00000
   0.01733
  -0.00000
   0.00000
  -0.00000
   0.03482
   0.00050
  -0.00000
   0.00050
  -0.13725
   0.05198
   0.00000
   0.00000
  -0.00000
   0.00050
  -0.13675
  -0.00000
  -0.13675
  -0.30750
   0.03482
  -0.00000
   0.00050
  -0.00000
   0.01733
   0.00000
   0.00050
  -0.00000
  -0.13725
  -0.00000
   0.01700
  -0.00000
   0.01700
  -0.00000
   0.05200
  -0.00000
   0.05200
  -0.00000
   0.00050
  -0.00000
  -0.13675
   0.00000
   0.05198
   0.00000
  -0.13675
  -0.00000
  -0.30750
   0.29625
  -0.12500
  -0.24500
  -0.12500
  -0.12500
  -0.66500
  -0.24500
  -0.66500
  -1.12750
  -0.12500
  -0.12500
  -0.66500
  -0.12500
   0.29625
  -0.24500
  -0.66500
  -0.24500
  -1.12750
  -0.25000
  -0.67024
  -1.13000
  -0.67024
  -0.25000
  -1.13000
  -1.13000
  -1.13000
  -1.40000
  -0.00000
   0.10450
  -0.10450
   0.10450
  -0.00000
  -0.00000
  -0.10450
  -0.00000
  -0.00000
   0.10419
   0.00000
  -0.00000
  -0.00000
  -0.19750
   0.40725
  -0.00000
   0.40725
  -0.40750
  -0.10419
  -0.00000
   0.00000
  -0.00000
   0.40750
  -0.40725
  -0.00000
  -0.40725
   0.19750
  -0.00000
   0.05200
  -0.01700
   0.05200
  -0.00000
  -0.00000
  -0.01700
  -0.00000
  -0.00000
   0.05198
   0.00000
  -0.00000
  -0.00000
  -0.30750
   0.13675
  -0.00000
   0.13675
   0.00050
  -0.01733
  -0.00000
   0.00000
  -0.00000
   0.13725
   0.00050
  -0.00000
   0.00050
  -0.03483
   0.29625
  -0.24500
   0.12500
  -0.24500
  -1.12750
   0.66500
   0.12500
   0.66500
  -0.12500
  -0.25000
  -1.13000
   0.67024
  -1.13000
  -1.40000
   1.13000
   0.67024
   1.13000
  -0.25000
   0.12500
   0.66500
  -0.12500
   0.66500
   1.12750
  -0.24500
  -0.12500
  -0.24500
  -0.29625
  -0.00000
   2.61500
  -0.00000
   2.61500
  -0.00000
  -0.00000
  -0.00000
  -0.00000
  -0.00000
   2.61377
  -0.00000
  -0.00000
  -0.00000
 -13.35000
  -0.00000
  -0.00000
  -0.00000
   2.61377
  -0.00000
  -0.00000
  -0.00000
  -0.00000
  -0.00000
   2.61500
  -0.00000
   2.61500
  -0.00000
  -0.00000
   0.05200
   0.01700
   0.05200
  -0.00000
  -0.00000
   0.01700
  -0.00000
  -0.00000
   0.05198
   0.00000
   0.00000
  -0.00000
  -0.30750
  -0.13675
  -0.00000
  -0.13675
   0.00050
   0.01733
   0.00000
  -0.00000
  -0.00000
  -0.13725
   0.00050
  -0.00000
   0.00050
   0.03482
   0.29625
  -0.24500
  -0.12500
  -0.24500
  -1.12750
  -0.66500
  -0.12500
  -0.66500
  -0.12500
  -0.25000
  -1.13000
  -0.67024
  -1.13000
  -1.40000
  -1.13000
  -0.67024
  -1.13000
  -0.25000
  -0.12500
  -0.66500
  -0.12500
  -0.66500
  -1.12750
  -0.24500
  -0.12500
  -0.24500
   0.29625
   0.03482
   0.00050
  -0.00000
   0.00050
  -0.13725
  -0.00000
  -0.00000
   0.00000
   0.01733
   0.00050
  -0.13675
  -0.00000
  -0.13675
  -0.30750
  -0.00000
   0.00000
   0.00000
   0.05198
  -0.00000
  -0.00000
   0.01700
  -0.00000
  -0.00000
   0.05200
   0.01700
   0.05200
  -0.00000
  -0.00000
   0.10450
   0.10450
   0.10450
  -0.00000
  -0.00000
   0.10450
  -0.00000
  -0.00000
   0.10419
   0.00000
  -0.00000
  -0.00000
  -0.19750
  -0.40725
  -0.00000
  -0.40725
  -0.40750
   0.10419
  -0.00000
   0.00000
  -0.00000
  -0.40750
  -0.40725
  -0.00000
  -0.40725
  -0.19750
  -1.40000
   1.13000
   1.13000
   1.13000
  -0.25000
  -0.67024
   1.13000
  -0.67024
  -0.25000
   1.12750
  -0.24500
  -0.66500
  -0.24500
  -0.29625
   0.12500
  -0.66500
   0.12500
   0.12500
   1.12750
  -0.66500
  -0.24500
  -0.66500
   0.12500
   0.12500
  -0.24500
   0.12500
  -0.29625
  -0.19750
   0.40725
  -0.00000
   0.40725
  -0.40750
  -0.00000
   0.00000
  -0.00000
   0.10419
   0.40750
  -0.40725
  -0.00000
  -0.40725
   0.19750
  -0.00000
  -0.00000
   0.00000
  -0.10419
  -0.00000
  -0.00000
   0.10450
  -0.00000
  -0.00000
  -0.10450
   0.10450
  -0.10450
  -0.00000
  -1.40000
   1.13000
  -1.13000
   1.13000
  -0.25000
   0.67024
  -1.13000
   0.67024
  -0.25000
   1.12750
  -0.24500
   0.66500
  -0.24500
  -0.29625
  -0.12500
   0.66500
  -0.12500
   0.12500
  -1.12750
   0.66500
  -0.24500
   0.66500
  -0.12500
   0.12500
  -0.24500
   0.12500
   0.29625
  -0.30750
   0.13675
  -0.00000
   0.13675
   0.00050
  -0.00000
   0.00000
  -0.00000
   0.05198
   0.13725
   0.00050
  -0.00000
   0.00050
  -0.03483
  -0.00000
  -0.00000
   0.00000
  -0.01733
  -0.00000
  -0.00000
   0.05200
  -0.00000
  -0.00000
  -0.01700
   0.05200
  -0.01700
  -0.00000
  -0.19750
  -0.00000
   0.40725
   0.00000
   0.10419
  -0.00000
   0.40725
  -0.00000
  -0.40750
  -0.00000
   0.10450
  -0.00000
   0.10450
  -0.00000
  -0.10450
  -0.00000
  -0.10450
  -0.00000
   0.40750
  -0.00000
  -0.40725
  -0.00000
  -0.10419
   0.00000
  -0.40725
  -0.00000
   0.19750
  -1.40000
  -1.13000
   1.13000
  -1.13000
  -0.25000
   0.67024
   1.13000
   0.67024
  -0.25000
  -1.12750
  -0.24500
   0.66500
  -0.24500
   0.29625
   0.12500
   0.66500
   0.12500
  -0.12500
   1.12750
   0.66500
  -0.24500
   0.66500
   0.12500
  -0.12500
  -0.24500
  -0.12500
  -0.29625
  -0.30750
  -0.00000
   0.13675
   0.00000
   0.05198
  -0.00000
   0.13675
  -0.00000
   0.00050
  -0.00000
   0.05200
  -0.00000
   0.05200
  -0.00000
  -0.01700
  -0.00000
  -0.01700
  -0.00000
   0.13725
  -0.00000
   0.00050
  -0.00000
  -0.01733
   0.00000
   0.00050
  -0.00000
  -0.03483
 -13.35000
  -0.00000
  -0.00000
  -0.00000
   2.61377
  -0.00000
  -0.00000
  -0.00000
   2.61377
  -0.00000
   2.61500
  -0.00000
   2.61500
  -0.00000
  -0.00000
  -0.00000
  -0.00000
  -0.00000
  -0.00000
  -0.00000
   2.61500
  -0.00000
  -0.00000
  -0.00000
   2.61500
  -0.00000
  -0.00000
  -1.40000
  -1.13000
  -1.13000
  -1.13000
  -0.25000
  -0.67024
  -1.13000
  -0.67024
  -0.25000
  -1.12750
  -0.24500
  -0.66500
  -0.24500
   0.29625
  -0.12500
  -0.66500
  -0.12500
  -0.12500
  -1.12750
  -0.66500
  -0.24500
  -0.66500
  -0.12500
  -0.12500
  -0.24500
  -0.12500
   0.29625
  -0.30750
  -0.00000
  -0.13675
   0.00000
   0.05198
   0.00000
  -0.13675
  -0.00000
   0.00050
  -0.00000
   0.05200
  -0.00000
   0.05200
  -0.00000
   0.01700
  -0.00000
   0.01700
  -0.00000
  -0.13725
  -0.00000
   0.00050
   0.00000
   0.01733
  -0.00000
   0.00050
  -0.00000
   0.03482
  -0.30750
  -0.13675
  -0.00000
  -0.13675
   0.00050
  -0.00000
   0.00000
   0.00000
   0.05198
  -0.13725
   0.00050
  -0.00000
   0.00050
   0.03482
  -0.00000
   0.00000
  -0.00000
   0.01733
  -0.00000
  -0.00000
   0.05200
  -0.00000
  -0.00000
   0.01700
   0.05200
   0.01700
  -0.00000
  -0.19750
  -0.00000
  -0.40725
   0.00000
   0.10419
  -0.00000
  -0.40725
  -0.00000
  -0.40750
  -0.00000
   0.10450
  -0.00000
   0.10450
  -0.00000
   0.10450
  -0.00000
   0.10450
  -0.00000
  -0.40750
  -0.00000
  -0.40725
  -0.00000
   0.10419
   0.00000
  -0.40725
  -0.00000
  -0.19750
  -0.19750
  -0.40725
  -0.00000
  -0.40725
  -0.40750
  -0.00000
   0.00000
  -0.00000
   0.10419
  -0.40750
  -0.40725
  -0.00000
  -0.40725
  -0.19750
  -0.00000
  -0.00000
   0.00000
   0.10419
  -0.00000
  -0.00000
   0.10450
  -0.00000
  -0.00000
   0.10450
   0.10450
   0.10450
  -0.00000
