 304.62000
   0.00000
   0.00000
   0.00000
 304.62000
   0.00000
   0.00000
  -0.00000
 304.62000
   1.20566
   0.00265
   0.00265
  -0.00000
 -40.09960
 -41.31060
  -0.00000
 -41.31060
 -40.09960
   1.20566
  -0.00265
  -0.00265
  -0.00000
 -40.05630
 -41.25670
  -0.00000
 -41.25670
 -40.05630
   1.20566
  -0.00265
   0.00265
  -0.00000
 -40.05630
  41.25670
  -0.00000
  41.31060
 -40.09960
   1.20566
   0.00265
  -0.00265
  -0.00000
 -40.09960
  41.31060
  -0.00000
  41.25670
 -40.05630
 -40.09960
  -0.00000
 -41.31060
   0.00265
   1.20566
   0.00265
 -41.31060
  -0.00000
 -40.09960
 -40.05630
  -0.00000
 -41.25670
  -0.00265
   1.20566
  -0.00265
 -41.25670
  -0.00000
 -40.05630
 -40.05630
  -0.00000
  41.25670
  -0.00265
   1.20566
   0.00265
  41.31060
  -0.00000
 -40.09960
 -40.09960
  -0.00000
  41.31060
   0.00265
   1.20566
  -0.00265
  41.25670
  -0.00000
 -40.05630
 -40.09960
 -41.31060
  -0.00000
 -41.31060
 -40.09960
  -0.00000
   0.00265
   0.00265
   1.20566
 -40.05630
 -41.25670
  -0.00000
 -41.25670
 -40.05630
  -0.00000
  -0.00265
  -0.00265
   1.20566
 -40.05630
  41.25670
  -0.00000
  41.31060
 -40.09960
  -0.00000
  -0.00265
   0.00265
   1.20566
 -40.09960
  41.31060
  -0.00000
  41.25670
 -40.05630
  -0.00000
   0.00265
  -0.00265
   1.20566
   3.55472
  -0.00000
  -0.00000
   0.00013
  -0.58930
  -0.00000
   0.00013
  -0.00000
  -0.58930
  -0.58930
   0.00013
  -0.00000
  -0.00000
   3.55472
  -0.00000
  -0.00000
   0.00013
  -0.58930
  -0.58930
  -0.00000
   0.00013
  -0.00000
  -0.58930
   0.00013
  -0.00000
  -0.00000
   3.55472
  -0.58930
  -0.00000
  -0.00013
  -0.00000
  -0.58930
  -0.00013
  -0.00000
  -0.00000
   3.55607
  -0.58930
  -0.00013
  -0.00000
  -0.00000
   3.55607
  -0.00000
  -0.00000
  -0.00013
  -0.58930
   3.55607
  -0.00000
  -0.00000
  -0.00013
  -0.58930
  -0.00000
  -0.00013
  -0.00000
  -0.58930
   0.53931
   0.33444
   0.33444
   0.33448
   0.03766
   0.16724
   0.33448
   0.16724
   0.03766
   0.53931
   0.33444
  -0.33444
   0.33448
   0.03766
  -0.16724
  -0.33451
  -0.16725
   0.03763
   0.53931
  -0.33444
   0.33444
  -0.33451
   0.03763
  -0.16725
   0.33448
  -0.16724
   0.03766
   0.53931
  -0.33444
  -0.33444
  -0.33451
   0.03763
   0.16725
  -0.33451
   0.16725
   0.03763
   0.53946
  -0.33455
  -0.33455
  -0.33448
   0.03766
   0.16724
  -0.33448
   0.16724
   0.03766
   0.53946
  -0.33455
   0.33455
  -0.33448
   0.03766
  -0.16724
   0.33451
  -0.16725
   0.03763
   0.53946
   0.33455
  -0.33455
   0.33451
   0.03763
  -0.16725
  -0.33448
  -0.16724
   0.03766
   0.53946
   0.33455
   0.33455
   0.33451
   0.03763
   0.16725
   0.33451
   0.16725
   0.03763
   0.03766
   0.33448
   0.16724
   0.33444
   0.53931
   0.33444
   0.16724
   0.33448
   0.03766
   0.03766
   0.33448
  -0.16724
   0.33444
   0.53931
  -0.33444
  -0.16725
  -0.33451
   0.03763
   0.03766
  -0.33448
   0.16724
  -0.33455
   0.53946
  -0.33455
   0.16724
  -0.33448
   0.03766
   0.03766
  -0.33448
  -0.16724
  -0.33455
   0.53946
   0.33455
  -0.16725
   0.33451
   0.03763
   0.03763
  -0.33451
  -0.16725
  -0.33444
   0.53931
   0.33444
  -0.16724
   0.33448
   0.03766
   0.03763
  -0.33451
   0.16725
  -0.33444
   0.53931
  -0.33444
   0.16725
  -0.33451
   0.03763
   0.03763
   0.33451
  -0.16725
   0.33455
   0.53946
  -0.33455
  -0.16724
  -0.33448
   0.03766
   0.03763
   0.33451
   0.16725
   0.33455
   0.53946
   0.33455
   0.16725
   0.33451
   0.03763
   0.03766
   0.16724
   0.33448
   0.16724
   0.03766
   0.33448
   0.33444
   0.33444
   0.53931
   0.03766
   0.16724
  -0.33448
   0.16724
   0.03766
  -0.33448
  -0.33455
  -0.33455
   0.53946
   0.03766
  -0.16724
   0.33448
  -0.16725
   0.03763
  -0.33451
   0.33444
  -0.33444
   0.53931
   0.03766
  -0.16724
  -0.33448
  -0.16725
   0.03763
   0.33451
  -0.33455
   0.33455
   0.53946
   0.03763
  -0.16725
  -0.33451
  -0.16724
   0.03766
   0.33448
  -0.33444
   0.33444
   0.53931
   0.03763
  -0.16725
   0.33451
  -0.16724
   0.03766
  -0.33448
   0.33455
  -0.33455
   0.53946
   0.03763
   0.16725
  -0.33451
   0.16725
   0.03763
  -0.33451
  -0.33444
  -0.33444
   0.53931
   0.03763
   0.16725
   0.33451
   0.16725
   0.03763
   0.33451
   0.33455
   0.33455
   0.53946
   1.20566
  -0.00265
  -0.00265
  -0.00000
 -40.05630
 -41.25670
  -0.00000
 -41.25670
 -40.05630
 304.62000
  -0.00000
  -0.00000
  -0.00000
 304.62000
  -0.00000
  -0.00000
   0.00000
 304.62000
  -0.58930
   0.00013
  -0.00000
  -0.00000
   3.55472
  -0.00000
  -0.00000
   0.00013
  -0.58930
  -0.58930
  -0.00000
   0.00013
  -0.00000
  -0.58930
   0.00013
  -0.00000
  -0.00000
   3.55472
 -40.09960
  41.31060
  -0.00000
  41.25670
 -40.05630
  -0.00000
   0.00265
  -0.00265
   1.20566
   0.03766
   0.16724
   0.33448
   0.16724
   0.03766
   0.33448
   0.33444
   0.33444
   0.53931
 -40.05630
 -41.25670
  -0.00000
 -41.25670
 -40.05630
  -0.00000
  -0.00265
  -0.00265
   1.20566
   0.03763
  -0.16725
  -0.33451
  -0.16724
   0.03766
   0.33448
  -0.33444
   0.33444
   0.53931
 -40.09960
  -0.00000
  41.31060
   0.00265
   1.20566
  -0.00265
  41.25670
  -0.00000
 -40.05630
   0.03766
   0.33448
   0.16724
   0.33444
   0.53931
   0.33444
   0.16724
   0.33448
   0.03766
 -40.05630
  -0.00000
 -41.25670
  -0.00265
   1.20566
  -0.00265
 -41.25670
  -0.00000
 -40.05630
   0.03763
  -0.33451
  -0.16725
  -0.33444
   0.53931
   0.33444
  -0.16724
   0.33448
   0.03766
   0.53931
   0.33444
   0.33444
   0.33448
   0.03766
   0.16724
   0.33448
   0.16724
   0.03766
   1.20566
  -0.00265
   0.00265
  -0.00000
 -40.05630
  41.25670
  -0.00000
  41.31060
 -40.09960
   1.20566
   0.00265
  -0.00265
  -0.00000
 -40.09960
  41.31060
  -0.00000
  41.25670
 -40.05630
   0.53946
  -0.33455
  -0.33455
  -0.33448
   0.03766
   0.16724
  -0.33448
   0.16724
   0.03766
   3.55472
  -0.00000
  -0.00000
   0.00013
  -0.58930
  -0.00000
   0.00013
  -0.00000
  -0.58930
   3.55607
  -0.00000
  -0.00000
  -0.00013
  -0.58930
  -0.00000
  -0.00013
  -0.00000
  -0.58930
   0.03766
  -0.16724
   0.33448
  -0.16725
   0.03763
  -0.33451
   0.33444
  -0.33444
   0.53931
 -40.05630
  41.25670
  -0.00000
  41.31060
 -40.09960
  -0.00000
  -0.00265
   0.00265
   1.20566
   0.03763
   0.16725
  -0.33451
   0.16725
   0.03763
  -0.33451
  -0.33444
  -0.33444
   0.53931
 -40.09960
 -41.31060
  -0.00000
 -41.31060
 -40.09960
  -0.00000
   0.00265
   0.00265
   1.20566
   0.03766
   0.33448
  -0.16724
   0.33444
   0.53931
  -0.33444
  -0.16725
  -0.33451
   0.03763
 -40.05630
  -0.00000
  41.25670
  -0.00265
   1.20566
   0.00265
  41.31060
  -0.00000
 -40.09960
   0.03763
  -0.33451
   0.16725
  -0.33444
   0.53931
  -0.33444
   0.16725
  -0.33451
   0.03763
 -40.09960
  -0.00000
 -41.31060
   0.00265
   1.20566
   0.00265
 -41.31060
  -0.00000
 -40.09960
   0.53931
   0.33444
  -0.33444
   0.33448
   0.03766
  -0.16724
  -0.33451
  -0.16725
   0.03763
   0.53931
  -0.33444
   0.33444
  -0.33451
   0.03763
  -0.16725
   0.33448
  -0.16724
   0.03766
   1.20566
   0.00265
   0.00265
  -0.00000
 -40.09960
 -41.31060
  -0.00000
 -41.31060
 -40.09960
   0.53946
  -0.33455
   0.33455
  -0.33448
   0.03766
  -0.16724
   0.33451
  -0.16725
   0.03763
   0.53946
   0.33455
  -0.33455
   0.33451
   0.03763
  -0.16725
  -0.33448
  -0.16724
   0.03766
  -0.58930
  -0.00000
  -0.00013
  -0.00000
  -0.58930
  -0.00013
  -0.00000
  -0.00000
   3.55607
  -0.58930
  -0.00013
  -0.00000
  -0.00000
   3.55607
  -0.00000
  -0.00000
  -0.00013
  -0.58930
   0.03766
   0.16724
  -0.33448
   0.16724
   0.03766
  -0.33448
  -0.33455
  -0.33455
   0.53946
   0.03763
  -0.16725
   0.33451
  -0.16724
   0.03766
  -0.33448
   0.33455
  -0.33455
   0.53946
   0.03766
  -0.33448
   0.16724
  -0.33455
   0.53946
  -0.33455
   0.16724
  -0.33448
   0.03766
   0.03763
   0.33451
  -0.16725
   0.33455
   0.53946
  -0.33455
  -0.16724
  -0.33448
   0.03766
   0.53931
  -0.33444
  -0.33444
  -0.33451
   0.03763
   0.16725
  -0.33451
   0.16725
   0.03763
   0.53946
   0.33455
   0.33455
   0.33451
   0.03763
   0.16725
   0.33451
   0.16725
   0.03763
   0.03766
  -0.16724
  -0.33448
  -0.16725
   0.03763
   0.33451
  -0.33455
   0.33455
   0.53946
   0.03763
   0.16725
   0.33451
   0.16725
   0.03763
   0.33451
   0.33455
   0.33455
   0.53946
   0.03766
  -0.33448
  -0.16724
  -0.33455
   0.53946
   0.33455
  -0.16725
   0.33451
   0.03763
   0.03763
   0.33451
   0.16725
   0.33455
   0.53946
   0.33455
   0.16725
   0.33451
   0.03763
 -40.05630
  -0.00000
 -41.25670
  -0.00265
   1.20566
  -0.00265
 -41.25670
  -0.00000
 -40.05630
 -40.05630
  41.25670
  -0.00000
  41.31060
 -40.09960
  -0.00000
  -0.00265
   0.00265
   1.20566
   0.03766
   0.16724
   0.33448
   0.16724
   0.03766
   0.33448
   0.33444
   0.33444
   0.53931
 -40.05630
 -41.25670
  -0.00000
 -41.25670
 -40.05630
  -0.00000
  -0.00265
  -0.00265
   1.20566
   0.03766
  -0.16724
   0.33448
  -0.16725
   0.03763
  -0.33451
   0.33444
  -0.33444
   0.53931
 304.62000
  -0.00000
  -0.00000
   0.00000
 304.62000
  -0.00000
   0.00000
  -0.00000
 304.62000
   3.55472
  -0.00000
  -0.00000
   0.00013
  -0.58930
  -0.00000
   0.00013
  -0.00000
  -0.58930
  -0.58930
  -0.00000
   0.00013
  -0.00000
  -0.58930
   0.00013
  -0.00000
  -0.00000
   3.55472
   1.20566
   0.00265
  -0.00265
  -0.00000
 -40.09960
  41.31060
  -0.00000
  41.25670
 -40.05630
   0.53931
   0.33444
   0.33444
   0.33448
   0.03766
   0.16724
   0.33448
   0.16724
   0.03766
   0.53931
  -0.33444
   0.33444
  -0.33451
   0.03763
  -0.16725
   0.33448
  -0.16724
   0.03766
   1.20566
  -0.00265
  -0.00265
  -0.00000
 -40.05630
 -41.25670
  -0.00000
 -41.25670
 -40.05630
   0.03766
   0.33448
   0.16724
   0.33444
   0.53931
   0.33444
   0.16724
   0.33448
   0.03766
 -40.05630
  -0.00000
  41.25670
  -0.00265
   1.20566
   0.00265
  41.31060
  -0.00000
 -40.09960
   0.03766
  -0.33448
   0.16724
  -0.33455
   0.53946
  -0.33455
   0.16724
  -0.33448
   0.03766
 -40.09960
  -0.00000
  41.31060
   0.00265
   1.20566
  -0.00265
  41.25670
  -0.00000
 -40.05630
   0.03763
  -0.16725
  -0.33451
  -0.16724
   0.03766
   0.33448
  -0.33444
   0.33444
   0.53931
 -40.09960
  41.31060
  -0.00000
  41.25670
 -40.05630
  -0.00000
   0.00265
  -0.00265
   1.20566
   0.03763
   0.16725
  -0.33451
   0.16725
   0.03763
  -0.33451
  -0.33444
  -0.33444
   0.53931
 -40.09960
 -41.31060
  -0.00000
 -41.31060
 -40.09960
  -0.00000
   0.00265
   0.00265
   1.20566
  -0.58930
   0.00013
  -0.00000
  -0.00000
   3.55472
  -0.00000
  -0.00000
   0.00013
  -0.58930
  -0.58930
  -0.00013
  -0.00000
  -0.00000
   3.55607
  -0.00000
  -0.00000
  -0.00013
  -0.58930
   0.53931
   0.33444
  -0.33444
   0.33448
   0.03766
  -0.16724
  -0.33451
  -0.16725
   0.03763
   0.53931
  -0.33444
  -0.33444
  -0.33451
   0.03763
   0.16725
  -0.33451
   0.16725
   0.03763
   1.20566
  -0.00265
   0.00265
  -0.00000
 -40.05630
  41.25670
  -0.00000
  41.31060
 -40.09960
   1.20566
   0.00265
   0.00265
  -0.00000
 -40.09960
 -41.31060
  -0.00000
 -41.31060
 -40.09960
   0.03766
   0.33448
  -0.16724
   0.33444
   0.53931
  -0.33444
  -0.16725
  -0.33451
   0.03763
   0.03766
  -0.33448
  -0.16724
  -0.33455
   0.53946
   0.33455
  -0.16725
   0.33451
   0.03763
   0.03763
  -0.33451
  -0.16725
  -0.33444
   0.53931
   0.33444
  -0.16724
   0.33448
   0.03766
 -40.09960
  -0.00000
 -41.31060
   0.00265
   1.20566
   0.00265
 -41.31060
  -0.00000
 -40.09960
   0.03763
   0.33451
  -0.16725
   0.33455
   0.53946
  -0.33455
  -0.16724
  -0.33448
   0.03766
   0.03766
   0.16724
  -0.33448
   0.16724
   0.03766
  -0.33448
  -0.33455
  -0.33455
   0.53946
   0.03766
  -0.16724
  -0.33448
  -0.16725
   0.03763
   0.33451
  -0.33455
   0.33455
   0.53946
  -0.58930
  -0.00000
  -0.00013
  -0.00000
  -0.58930
  -0.00013
  -0.00000
  -0.00000
   3.55607
   3.55607
  -0.00000
  -0.00000
  -0.00013
  -0.58930
  -0.00000
  -0.00013
  -0.00000
  -0.58930
   0.53946
  -0.33455
  -0.33455
  -0.33448
   0.03766
   0.16724
  -0.33448
   0.16724
   0.03766
   0.53946
   0.33455
  -0.33455
   0.33451
   0.03763
  -0.16725
  -0.33448
  -0.16724
   0.03766
   0.03763
  -0.33451
   0.16725
  -0.33444
   0.53931
  -0.33444
   0.16725
  -0.33451
   0.03763
   0.03763
   0.33451
   0.16725
   0.33455
   0.53946
   0.33455
   0.16725
   0.33451
   0.03763
   0.03763
  -0.16725
   0.33451
  -0.16724
   0.03766
  -0.33448
   0.33455
  -0.33455
   0.53946
   0.03763
   0.16725
   0.33451
   0.16725
   0.03763
   0.33451
   0.33455
   0.33455
   0.53946
   0.53946
  -0.33455
   0.33455
  -0.33448
   0.03766
  -0.16724
   0.33451
  -0.16725
   0.03763
   0.53946
   0.33455
   0.33455
   0.33451
   0.03763
   0.16725
   0.33451
   0.16725
   0.03763
 -40.05630
 -41.25670
  -0.00000
 -41.25670
 -40.05630
  -0.00000
  -0.00265
  -0.00265
   1.20566
 -40.05630
  -0.00000
  41.25670
  -0.00265
   1.20566
   0.00265
  41.31060
  -0.00000
 -40.09960
   0.03766
   0.33448
   0.16724
   0.33444
   0.53931
   0.33444
   0.16724
   0.33448
   0.03766
   0.03766
   0.33448
  -0.16724
   0.33444
   0.53931
  -0.33444
  -0.16725
  -0.33451
   0.03763
 -40.05630
  -0.00000
 -41.25670
  -0.00265
   1.20566
  -0.00265
 -41.25670
  -0.00000
 -40.05630
   1.20566
  -0.00265
   0.00265
  -0.00000
 -40.05630
  41.25670
  -0.00000
  41.31060
 -40.09960
   0.53931
   0.33444
   0.33444
   0.33448
   0.03766
   0.16724
   0.33448
   0.16724
   0.03766
   0.53931
   0.33444
  -0.33444
   0.33448
   0.03766
  -0.16724
  -0.33451
  -0.16725
   0.03763
   1.20566
  -0.00265
  -0.00265
  -0.00000
 -40.05630
 -41.25670
  -0.00000
 -41.25670
 -40.05630
 304.62000
   0.00000
  -0.00000
   0.00000
 304.62000
  -0.00000
  -0.00000
   0.00000
 304.62000
   3.55472
  -0.00000
  -0.00000
   0.00013
  -0.58930
  -0.00000
   0.00013
  -0.00000
  -0.58930
  -0.58930
   0.00013
  -0.00000
  -0.00000
   3.55472
  -0.00000
  -0.00000
   0.00013
  -0.58930
   0.03766
   0.16724
   0.33448
   0.16724
   0.03766
   0.33448
   0.33444
   0.33444
   0.53931
   0.03766
   0.16724
  -0.33448
   0.16724
   0.03766
  -0.33448
  -0.33455
  -0.33455
   0.53946
 -40.05630
  41.25670
  -0.00000
  41.31060
 -40.09960
  -0.00000
  -0.00265
   0.00265
   1.20566
 -40.09960
  41.31060
  -0.00000
  41.25670
 -40.05630
  -0.00000
   0.00265
  -0.00265
   1.20566
   0.03763
  -0.33451
  -0.16725
  -0.33444
   0.53931
   0.33444
  -0.16724
   0.33448
   0.03766
   0.03763
  -0.33451
   0.16725
  -0.33444
   0.53931
  -0.33444
   0.16725
  -0.33451
   0.03763
 -40.09960
  -0.00000
  41.31060
   0.00265
   1.20566
  -0.00265
  41.25670
  -0.00000
 -40.05630
 -40.09960
  -0.00000
 -41.31060
   0.00265
   1.20566
   0.00265
 -41.31060
  -0.00000
 -40.09960
   0.53931
  -0.33444
   0.33444
  -0.33451
   0.03763
  -0.16725
   0.33448
  -0.16724
   0.03766
   0.53931
  -0.33444
  -0.33444
  -0.33451
   0.03763
   0.16725
  -0.33451
   0.16725
   0.03763
   1.20566
   0.00265
  -0.00265
  -0.00000
 -40.09960
  41.31060
  -0.00000
  41.25670
 -40.05630
   1.20566
   0.00265
   0.00265
  -0.00000
 -40.09960
 -41.31060
  -0.00000
 -41.31060
 -40.09960
  -0.58930
  -0.00000
   0.00013
  -0.00000
  -0.58930
   0.00013
  -0.00000
  -0.00000
   3.55472
  -0.58930
  -0.00000
  -0.00013
  -0.00000
  -0.58930
  -0.00013
  -0.00000
  -0.00000
   3.55607
   0.03766
  -0.16724
   0.33448
  -0.16725
   0.03763
  -0.33451
   0.33444
  -0.33444
   0.53931
   0.03766
  -0.16724
  -0.33448
  -0.16725
   0.03763
   0.33451
  -0.33455
   0.33455
   0.53946
   0.03763
  -0.16725
  -0.33451
  -0.16724
   0.03766
   0.33448
  -0.33444
   0.33444
   0.53931
   0.03763
  -0.16725
   0.33451
  -0.16724
   0.03766
  -0.33448
   0.33455
  -0.33455
   0.53946
 -40.09960
 -41.31060
  -0.00000
 -41.31060
 -40.09960
  -0.00000
   0.00265
   0.00265
   1.20566
   0.03766
  -0.33448
   0.16724
  -0.33455
   0.53946
  -0.33455
   0.16724
  -0.33448
   0.03766
   0.03766
  -0.33448
  -0.16724
  -0.33455
   0.53946
   0.33455
  -0.16725
   0.33451
   0.03763
   0.53946
  -0.33455
  -0.33455
  -0.33448
   0.03766
   0.16724
  -0.33448
   0.16724
   0.03766
   0.53946
  -0.33455
   0.33455
  -0.33448
   0.03766
  -0.16724
   0.33451
  -0.16725
   0.03763
  -0.58930
  -0.00013
  -0.00000
  -0.00000
   3.55607
  -0.00000
  -0.00000
  -0.00013
  -0.58930
   3.55607
  -0.00000
  -0.00000
  -0.00013
  -0.58930
  -0.00000
  -0.00013
  -0.00000
  -0.58930
   0.03763
   0.16725
  -0.33451
   0.16725
   0.03763
  -0.33451
  -0.33444
  -0.33444
   0.53931
   0.03763
   0.16725
   0.33451
   0.16725
   0.03763
   0.33451
   0.33455
   0.33455
   0.53946
   0.03763
   0.33451
  -0.16725
   0.33455
   0.53946
  -0.33455
  -0.16724
  -0.33448
   0.03766
   0.03763
   0.33451
   0.16725
   0.33455
   0.53946
   0.33455
   0.16725
   0.33451
   0.03763
   0.53946
   0.33455
  -0.33455
   0.33451
   0.03763
  -0.16725
  -0.33448
  -0.16724
   0.03766
   0.53946
   0.33455
   0.33455
   0.33451
   0.03763
   0.16725
   0.33451
   0.16725
   0.03763
