1980 Out of 49152 QH, Third, Fourth Freq in rad/ps and Lifetimes in ps for a 16x16x16 Ar Lattice at 10K. (atoms/UC=4)
13.3026	-0.139876	0.317686	6.86302
13.3026	-0.139876	0.317686	6.86302
13.3026	-0.139876	0.317686	6.86302
13.3026	-0.139876	0.317686	6.86302
6.01832	-0.0625252	0.128414	14.7839
6.01832	-0.0625252	0.128414	14.7839
6.01832	-0.0625252	0.128414	14.7839
6.01832	-0.0625252	0.128414	14.7839
6.01832	-0.0625252	0.128414	14.7839
6.01832	-0.0625252	0.128414	14.7839
6.01832	-0.0625252	0.128414	14.7839
6.01832	-0.0625252	0.128414	14.7839
13.2572	-0.140366	0.31657	6.52169
13.2572	-0.140366	0.31657	6.52169
13.2572	-0.140366	0.31657	6.52169
13.2572	-0.140366	0.31657	6.52169
6.12245	-0.068139	0.131139	15.5223
6.12245	-0.068139	0.131139	15.5223
6.12245	-0.068139	0.131139	15.5223
6.12245	-0.068139	0.131139	15.5223
6.01807	-0.063552	0.128441	16.0629
6.01807	-0.063552	0.128441	16.0629
6.01807	-0.063552	0.128441	16.0629
6.01807	-0.063552	0.128441	16.0629
13.1222	-0.133631	0.313072	6.48899
13.1222	-0.133631	0.313072	6.48899
13.1222	-0.133631	0.313072	6.48899
13.1222	-0.133631	0.313072	6.48899
6.41937	-0.0768988	0.138735	17.0208
6.41937	-0.0768988	0.138735	17.0208
6.41937	-0.0768988	0.138735	17.0208
6.41937	-0.0768988	0.138735	17.0208
6.01738	-0.064254	0.128469	16.3686
6.01738	-0.064254	0.128469	16.3686
6.01738	-0.064254	0.128469	16.3686
6.01738	-0.064254	0.128469	16.3686
12.902	-0.128825	0.307522	6.64854
12.902	-0.128825	0.307522	6.64854
12.902	-0.128825	0.307522	6.64854
12.902	-0.128825	0.307522	6.64854
6.869	-0.0832349	0.150036	18.5916
6.869	-0.0832349	0.150036	18.5916
6.869	-0.0832349	0.150036	18.5916
6.869	-0.0832349	0.150036	18.5916
6.01634	-0.0657865	0.128522	15.5042
6.01634	-0.0657865	0.128522	15.5042
6.01634	-0.0657865	0.128522	15.5042
6.01634	-0.0657865	0.128522	15.5042
12.6048	-0.128188	0.30021	6.49214
12.6048	-0.128188	0.30021	6.49214
12.6048	-0.128188	0.30021	6.49214
12.6048	-0.128188	0.30021	6.49214
7.41959	-0.0897716	0.163753	18.2434
7.41959	-0.0897716	0.163753	18.2434
7.41959	-0.0897716	0.163753	18.2434
7.41959	-0.0897716	0.163753	18.2434
6.01511	-0.0654264	0.128539	15.7026
6.01511	-0.0654264	0.128539	15.7026
6.01511	-0.0654264	0.128539	15.7026
6.01511	-0.0654264	0.128539	15.7026
12.2457	-0.128394	0.291506	6.36207
12.2457	-0.128394	0.291506	6.36207
12.2457	-0.128394	0.291506	6.36207
12.2457	-0.128394	0.291506	6.36207
8.01619	-0.0951671	0.178432	22.3813
8.01619	-0.0951671	0.178432	22.3813
8.01619	-0.0951671	0.178432	22.3813
8.01619	-0.0951671	0.178432	22.3813
6.01388	-0.0640759	0.128536	15.5236
6.01388	-0.0640759	0.128536	15.5236
6.01388	-0.0640759	0.128536	15.5236
6.01388	-0.0640759	0.128536	15.5236
11.8551	-0.135888	0.282437	5.98543
11.8551	-0.135888	0.282437	5.98543
11.8551	-0.135888	0.282437	5.98543
11.8551	-0.135888	0.282437	5.98543
8.59752	-0.10205	0.192497	19.596
8.59752	-0.10205	0.192497	19.596
8.59752	-0.10205	0.192497	19.596
8.59752	-0.10205	0.192497	19.596
6.01284	-0.0640209	0.128556	15.6679
6.01284	-0.0640209	0.128556	15.6679
6.01284	-0.0640209	0.128556	15.6679
6.01284	-0.0640209	0.128556	15.6679
11.5031	-0.145074	0.274749	7.14161
11.5031	-0.145074	0.274749	7.14161
11.5031	-0.145074	0.274749	7.14161
11.5031	-0.145074	0.274749	7.14161
9.07208	-0.105522	0.203468	21.1884
9.07208	-0.105522	0.203468	21.1884
9.07208	-0.105522	0.203468	21.1884
9.07208	-0.105522	0.203468	21.1884
6.01214	-0.0645296	0.128581	15.6183
6.01214	-0.0645296	0.128581	15.6183
6.01214	-0.0645296	0.128581	15.6183
6.01214	-0.0645296	0.128581	15.6183
11.3439	-0.146381	0.271465	7.16235
11.3439	-0.146381	0.271465	7.16235
11.3439	-0.146381	0.271465	7.16235
11.3439	-0.146381	0.271465	7.16235
9.2734	-0.107251	0.20785	20.3175
9.2734	-0.107251	0.20785	20.3175
9.2734	-0.107251	0.20785	20.3175
9.2734	-0.107251	0.20785	20.3175
6.0119	-0.064931	0.128594	15.0783
6.0119	-0.064931	0.128594	15.0783
6.0119	-0.064931	0.128594	15.0783
6.0119	-0.064931	0.128594	15.0783
13.2574	-0.140035	0.31621	6.58821
13.2574	-0.140035	0.31621	6.58821
13.1669	-0.137761	0.314627	6.77629
13.1669	-0.137761	0.314627	6.77629
6.30711	-0.0716968	0.135805	17.0815
6.30711	-0.0716968	0.135805	17.0815
6.11016	-0.0678042	0.130606	16.0502
6.11016	-0.0678042	0.130606	16.0502
6.03486	-0.068164	0.128969	14.9144
6.03486	-0.068164	0.128969	14.9144
6.03008	-0.0666709	0.129049	16.5696
6.03008	-0.0666709	0.129049	16.5696
13.1673	-0.138318	0.313593	6.55995
13.1673	-0.138318	0.313593	6.55995
12.9893	-0.131466	0.310427	6.9783
12.9893	-0.131466	0.310427	6.9783
6.67794	-0.0791739	0.145121	18.5037
6.67794	-0.0791739	0.145121	18.5037
6.2307	-0.0724938	0.134144	16.1813
6.2307	-0.0724938	0.134144	16.1813
6.18772	-0.0689686	0.132409	16.4173
6.18772	-0.0689686	0.132409	16.4173
5.96076	-0.0671055	0.12741	15.3137
5.96076	-0.0671055	0.12741	15.3137
12.9895	-0.138036	0.308873	6.31077
12.9895	-0.138036	0.308873	6.31077
12.7305	-0.126288	0.30423	6.59623
12.7305	-0.126288	0.30423	6.59623
7.18975	-0.0881406	0.157888	19.6176
7.18975	-0.0881406	0.157888	19.6176
6.59517	-0.0783878	0.143406	16.3372
6.59517	-0.0783878	0.143406	16.3372
6.24894	-0.0694769	0.133841	16.6374
6.24894	-0.0694769	0.133841	16.6374
5.89703	-0.0657033	0.125996	14.8732
5.89703	-0.0657033	0.125996	14.8732
12.7303	-0.137267	0.302201	6.29459
12.7303	-0.137267	0.302201	6.29459
12.4008	-0.12078	0.29628	6.69762
12.4008	-0.12078	0.29628	6.69762
7.78485	-0.0942243	0.172574	19.977
7.78485	-0.0942243	0.172574	19.977
7.07926	-0.081074	0.155478	17.0402
7.07926	-0.081074	0.155478	17.0402
6.29949	-0.0677928	0.134989	16.5421
6.29949	-0.0677928	0.134989	16.5421
5.84129	-0.0646504	0.124787	15.1547
5.84129	-0.0646504	0.124787	15.1547
12.4019	-0.135675	0.293946	5.96484
12.4019	-0.135675	0.293946	5.96484
12.0177	-0.120293	0.287211	6.32504
12.0177	-0.120293	0.287211	6.32504
8.4116	-0.103516	0.187997	21.9605
8.4116	-0.103516	0.187997	21.9605
7.62589	-0.0871936	0.168997	19.4776
7.62589	-0.0871936	0.168997	19.4776
6.33974	-0.0680756	0.135944	16.552
6.33974	-0.0680756	0.135944	16.552
5.79525	-0.0632006	0.123791	15.0544
5.79525	-0.0632006	0.123791	15.0544
12.0302	-0.140863	0.28506	5.98343
12.0302	-0.140863	0.28506	5.98343
11.6152	-0.130447	0.278115	6.19364
11.6152	-0.130447	0.278115	6.19364
9.01538	-0.111336	0.20261	20.3522
9.01538	-0.111336	0.20261	20.3522
8.16829	-0.0934246	0.182115	19.215
8.16829	-0.0934246	0.182115	19.215
6.36913	-0.0681951	0.136643	16.2798
6.36913	-0.0681951	0.136643	16.2798
5.76078	-0.0624007	0.123059	14.4306
5.76078	-0.0624007	0.123059	14.4306
11.68	-0.149849	0.277256	6.17913
11.68	-0.149849	0.277256	6.17913
11.2666	-0.139905	0.270627	7.28278
11.2666	-0.139905	0.270627	7.28278
9.51221	-0.116886	0.214168	20.0172
9.51221	-0.116886	0.214168	20.0172
8.60988	-0.0941791	0.192248	21.5609
8.60988	-0.0941791	0.192248	21.5609
6.38704	-0.0680446	0.137067	16.1544
6.38704	-0.0680446	0.137067	16.1544
5.73942	-0.0621624	0.122615	14.6161
5.73942	-0.0621624	0.122615	14.6161
11.5138	-0.148415	0.273737	6.6013
11.5138	-0.148415	0.273737	6.6013
11.1151	-0.139669	0.26748	8.39559
11.1151	-0.139669	0.26748	8.39559
9.72836	-0.116876	0.218826	18.3581
9.72836	-0.116876	0.218826	18.3581
8.79388	-0.0965371	0.196279	21.8303
8.79388	-0.0965371	0.196279	21.8303
6.39306	-0.0673044	0.137195	16.1378
6.39306	-0.0673044	0.137195	16.1378
5.73218	-0.0605646	0.122434	14.108
5.73218	-0.0605646	0.122434	14.108
13.123	-0.140457	0.311857	6.29455
13.123	-0.140457	0.311857	6.29455
12.773	-0.12539	0.305596	6.97933
12.773	-0.12539	0.305596	6.97933
7.0656	-0.0850643	0.154765	19.3277
7.0656	-0.0850643	0.154765	19.3277
6.3739	-0.0716612	0.136703	16.781
6.3739	-0.0716612	0.136703	16.781
6.08162	-0.0703887	0.130257	15.4542
6.08162	-0.0703887	0.130257	15.4542
6.06387	-0.0691568	0.130645	18.0165
6.06387	-0.0691568	0.130645	18.0165
12.9902	-0.141065	0.307951	6.3983
12.9902	-0.141065	0.307951	6.3983
12.4809	-0.12116	0.298886	6.77277
12.4809	-0.12116	0.298886	6.77277
7.58462	-0.092518	0.167556	20.7138
7.58462	-0.092518	0.167556	20.7138
6.52443	-0.0717476	0.140175	16.3987
6.52443	-0.0717476	0.140175	16.3987
6.35183	-0.0739325	0.137589	15.7517
6.35183	-0.0739325	0.137589	15.7517
5.93382	-0.066606	0.127289	15.7081
5.93382	-0.066606	0.127289	15.7081
12.7733	-0.140282	0.302027	6.18549
12.7733	-0.140282	0.302027	6.18549
12.1248	-0.117582	0.290592	6.80682
12.1248	-0.117582	0.290592	6.80682
8.18391	-0.100518	0.18225	21.8822
8.18391	-0.100518	0.18225	21.8822
6.76101	-0.0758555	0.147852	16.1389
6.76101	-0.0758555	0.147852	16.1389
6.64077	-0.072826	0.142904	16.2954
6.64077	-0.072826	0.142904	16.2954
5.81393	-0.0639534	0.124563	14.9792
5.81393	-0.0639534	0.124563	14.9792
12.4817	-0.141969	0.294479	6.0256
12.4817	-0.141969	0.294479	6.0256
11.7248	-0.120383	0.281399	6.71401
11.7248	-0.120383	0.281399	6.71401
8.81072	-0.109956	0.197586	22.4077
8.81072	-0.109956	0.197586	22.4077
7.24635	-0.0800998	0.159855	17.6375
7.24635	-0.0800998	0.159855	17.6375
6.72916	-0.0717419	0.144945	17.1407
6.72916	-0.0717419	0.144945	17.1407
5.7152	-0.0616583	0.12235	14.0603
5.7152	-0.0616583	0.12235	14.0603
12.1364	-0.144918	0.285932	5.8517
12.1364	-0.144918	0.285932	5.8517
11.3173	-0.124864	0.272221	7.05944
11.3173	-0.124864	0.272221	7.05944
9.41417	-0.118685	0.212195	21.1979
9.41417	-0.118685	0.212195	21.1979
7.7389	-0.0827103	0.171686	18.8507
7.7389	-0.0827103	0.171686	18.8507
6.79195	-0.0709672	0.146398	16.7851
6.79195	-0.0709671	0.146398	16.7851
5.64129	-0.0596837	0.120703	13.8074
5.64129	-0.0596837	0.120703	13.8074
11.794	-0.154296	0.278132	5.95071
11.794	-0.154296	0.278132	5.95071
10.9765	-0.133299	0.264975	8.13972
10.9765	-0.133299	0.264975	8.13972
9.91845	-0.126308	0.224017	17.576
9.91845	-0.126308	0.224017	17.576
8.14042	-0.0844164	0.180897	20.2376
8.14042	-0.0844164	0.180897	20.2376
6.82965	-0.0713971	0.14729	16.8649
6.82965	-0.0713971	0.14729	16.8649
5.59544	-0.0589748	0.119699	13.1849
5.59544	-0.0589748	0.119699	13.1849
11.6218	-0.15654	0.274521	5.97135
11.6218	-0.15654	0.274521	5.97135
10.8332	-0.130884	0.261956	10.0528
10.8332	-0.130884	0.261956	10.0528
10.1458	-0.126106	0.228913	17.2529
10.1458	-0.126106	0.228913	17.2529
8.30565	-0.0837659	0.18446	21.8437
8.30565	-0.0837659	0.18446	21.8437
6.84224	-0.0698935	0.147554	16.77
6.84224	-0.0698935	0.147554	16.77
5.5799	-0.0590548	0.119367	12.9199
5.5799	-0.0590548	0.119367	12.9199
12.9036	-0.141672	0.304878	5.98482
12.9036	-0.141672	0.304878	5.98482
12.1618	-0.117144	0.291781	6.9735
12.1618	-0.117144	0.291781	6.9735
8.06972	-0.101139	0.179441	23.7095
8.06972	-0.101139	0.179441	23.7095
6.77817	-0.0731598	0.14606	16.6974
6.77817	-0.0731598	0.14606	16.6974
6.15065	-0.0697109	0.132087	14.1405
6.15065	-0.0697109	0.132087	14.1405
6.11579	-0.0691595	0.1329	16.7462
6.11579	-0.0691595	0.1329	16.7462
12.7323	-0.145708	0.299896	5.78924
12.7323	-0.145708	0.299896	5.78924
11.7867	-0.11544	0.283289	7.07125
11.7867	-0.11544	0.283289	7.07125
8.62692	-0.107019	0.192948	23.0609
8.62692	-0.107019	0.192948	23.0609
6.9821	-0.0739074	0.15084	18.7275
6.9821	-0.0739074	0.15084	18.7275
6.46808	-0.0712751	0.14086	15.2087
6.46808	-0.0712751	0.14086	15.2087
5.94156	-0.0636522	0.128095	15.129
5.94156	-0.0636522	0.128095	15.129
12.4829	-0.14527	0.29307	5.79442
12.4829	-0.14527	0.29307	5.79442
11.3771	-0.117258	0.274032	7.53028
11.3771	-0.117258	0.274032	7.53028
9.21578	-0.116657	0.207277	22.3445
9.21578	-0.116657	0.207277	22.3445
7.13486	-0.0753607	0.15447	18.988
7.13486	-0.0753607	0.15447	18.988
6.88719	-0.0726905	0.15121	16.6205
6.88719	-0.0726905	0.15121	16.6205
5.78382	-0.0600754	0.12444	14.1339
5.78382	-0.0600754	0.12444	14.1339
12.1717	-0.152359	0.285184	5.5803
12.1717	-0.152359	0.285184	5.5803
10.9713	-0.121024	0.265018	7.91118
10.9713	-0.121024	0.265018	7.91118
9.78983	-0.128668	0.221237	20.0239
9.78983	-0.128668	0.221237	20.0239
7.324	-0.0743443	0.161661	17.1323
7.324	-0.0743443	0.161661	17.1323
7.241	-0.0752781	0.15698	18.6818
7.241	-0.0752781	0.15698	18.6818
5.66495	-0.0575334	0.121723	12.969
5.66495	-0.0575334	0.121723	12.969
11.8451	-0.156797	0.2774	5.79818
11.8451	-0.156797	0.2774	5.79818
10.6421	-0.125552	0.258014	9.66346
10.6421	-0.125552	0.258014	9.66346
10.2819	-0.137684	0.232874	16.451
10.2819	-0.137684	0.232874	16.451
7.68173	-0.0744188	0.169801	19.3617
7.68173	-0.0744188	0.169801	19.3617
7.3037	-0.0770775	0.158505	18.5515
7.3037	-0.0770775	0.158505	18.5515
5.59089	-0.0558087	0.120039	12.2126
5.59089	-0.0558087	0.120039	12.2126
11.6681	-0.165771	0.273768	5.58496
11.6681	-0.165771	0.273768	5.58496
10.5152	-0.138724	0.237946	14.1026
10.5152	-0.138724	0.237946	14.1026
10.5073	-0.122501	0.255169	9.91188
10.5073	-0.122501	0.255169	9.91188
7.82775	-0.0730064	0.172926	19.8834
7.82775	-0.0730064	0.172926	19.8834
7.32447	-0.0763911	0.158983	17.9592
7.32447	-0.0763911	0.158983	17.9592
5.56572	-0.0550025	0.119464	11.6118
5.56572	-0.0550025	0.119464	11.6118
12.6083	-0.144073	0.295679	5.78298
12.6083	-0.144073	0.295679	5.78298
11.4007	-0.117353	0.274812	7.84267
11.4007	-0.117353	0.274812	7.84267
9.1145	-0.114313	0.204692	21.2101
9.1145	-0.114313	0.204692	21.2101
7.27994	-0.0776728	0.157925	19.2783
7.27994	-0.0776728	0.157925	19.2783
6.23063	-0.065894	0.134159	13.5052
6.23063	-0.065894	0.134159	13.5052
6.18115	-0.062401	0.135283	17.5187
6.18115	-0.062401	0.135283	17.5187
12.406	-0.146701	0.289814	5.42309
12.406	-0.146701	0.289814	5.42309
10.9895	-0.114293	0.265561	8.29937
10.9895	-0.114293	0.265561	8.29937
9.63006	-0.125312	0.217191	22.4761
9.63006	-0.125312	0.217191	22.4761
7.51304	-0.0803926	0.163536	20.2048
7.51304	-0.0803926	0.163536	20.2048
6.5616	-0.0660703	0.143365	15.4911
6.5616	-0.0660703	0.143365	15.4911
5.98529	-0.0593665	0.12967	14.2552
5.98529	-0.0593665	0.12967	14.2552
12.137	-0.157157	0.28277	5.53616
12.137	-0.157157	0.28277	5.53616
10.5916	-0.118449	0.256868	9.79559
10.5916	-0.118449	0.256868	9.79559
10.1419	-0.137685	0.229642	19.4863
10.1419	-0.137685	0.229642	19.4863
7.67694	-0.081505	0.167501	20.8254
7.67694	-0.081505	0.167501	20.8254
6.94145	-0.0662605	0.152417	16.2266
6.94145	-0.0662605	0.152417	16.2266
5.81908	-0.0562149	0.125754	12.6786
5.81908	-0.0562149	0.125754	12.6786
11.8362	-0.163325	0.275363	5.55112
11.8362	-0.163325	0.275363	5.55112
10.5965	-0.149841	0.240559	13.5668
10.5965	-0.149841	0.240559	13.5668
10.2771	-0.116309	0.250106	11.5058
10.2771	-0.116309	0.250106	11.5058
7.77366	-0.0829946	0.169869	21.7228
7.77366	-0.0829946	0.169869	21.7228
7.25513	-0.0652277	0.159484	16.1495
7.25513	-0.0652277	0.159484	16.1495
5.71467	-0.0524989	0.123285	11.5115
5.71467	-0.0524989	0.123285	11.5115
11.6573	-0.174881	0.271627	5.67488
11.6573	-0.174881	0.271627	5.67488
10.8281	-0.148527	0.245587	12.6647
10.8281	-0.148527	0.245587	12.6647
10.151	-0.116752	0.247543	11.9961
10.151	-0.116752	0.247543	11.9961
7.80559	-0.0825682	0.170634	22.6497
7.80559	-0.0825682	0.170634	22.6497
7.38259	-0.0651766	0.162221	16.5461
7.38259	-0.0651766	0.162221	16.5461
5.67904	-0.0502833	0.122426	11.2005
5.67904	-0.0502833	0.122426	11.2005
12.2543	-0.161037	0.285196	4.85934
12.2543	-0.161037	0.285196	4.85934
10.5845	-0.116347	0.256721	9.19557
10.5845	-0.116347	0.256721	9.19557
10.0527	-0.137482	0.227386	22.0961
10.0527	-0.137482	0.227386	22.0961
7.82935	-0.0839162	0.171236	22.0966
7.82935	-0.0839162	0.171236	22.0966
6.30912	-0.0619501	0.136204	12.5704
6.30912	-0.0619501	0.136204	12.5704
6.25567	-0.0559696	0.137418	18.7651
6.25567	-0.0559696	0.137418	18.7651
12.0361	-0.170868	0.279119	5.49489
12.0361	-0.170868	0.279119	5.49489
10.4729	-0.150486	0.237599	18.7642
10.4729	-0.150486	0.237599	18.7642
10.2003	-0.115833	0.248349	11.8509
10.2003	-0.115833	0.248349	11.8509
8.06276	-0.0879802	0.177033	25.0166
8.06276	-0.0879802	0.177033	25.0166
6.61178	-0.0598687	0.144446	14.4712
6.61178	-0.0598687	0.144446	14.4712
6.06751	-0.0507193	0.131749	13.1234
6.06751	-0.0507193	0.131749	13.1234
11.775	-0.176458	0.272353	5.70868
11.775	-0.176458	0.272353	5.70868
10.86	-0.162581	0.246994	12.3885
10.86	-0.162581	0.246994	12.3885
9.90271	-0.107217	0.241889	13.693
9.90271	-0.107217	0.241889	13.693
8.20419	-0.0901182	0.180574	25.2596
8.20419	-0.0901182	0.180574	25.2596
6.88467	-0.0596853	0.150571	13.8719
6.88467	-0.0596853	0.150571	13.8719
5.93302	-0.0449941	0.128447	11.5533
5.93302	-0.0449941	0.128447	11.5533
11.6	-0.184087	0.268446	5.97316
11.6	-0.184087	0.268446	5.97316
11.0779	-0.166361	0.251916	10.8657
11.0779	-0.166361	0.251916	10.8657
9.78538	-0.106664	0.23951	14.0157
9.78538	-0.106664	0.23951	14.0157
8.25138	-0.0898674	0.181741	24.2888
8.25138	-0.0898674	0.181741	24.2888
6.99546	-0.0602515	0.152937	13.3012
6.99546	-0.0602515	0.152937	13.3012
5.88688	-0.0430178	0.127323	11.4918
5.88688	-0.0430178	0.127323	11.4918
11.8764	-0.17774	0.274154	5.91955
11.8764	-0.17774	0.274154	5.91955
10.7854	-0.164118	0.245174	15.0528
10.7854	-0.164118	0.245174	15.0528
9.83396	-0.106527	0.240285	14.2207
9.83396	-0.106527	0.240285	14.2207
8.3653	-0.0933693	0.184676	25.348
8.3653	-0.0933693	0.184676	25.348
6.37452	-0.0579437	0.137907	11.9503
6.37452	-0.0579437	0.137907	11.9503
6.33415	-0.0514271	0.138834	15.9292
6.33415	-0.0514271	0.138834	15.9292
11.6737	-0.185616	0.268568	6.07991
11.6737	-0.185616	0.268568	6.07991
11.0747	-0.179392	0.252323	11.2094
11.0747	-0.179392	0.252323	11.2094
9.55409	-0.101187	0.234377	16.1391
9.55409	-0.101187	0.234377	16.1391
8.55802	-0.0977499	0.189651	28.1873
8.55802	-0.0977499	0.189651	28.1873
6.59555	-0.0554749	0.143606	12.899
6.59555	-0.0554749	0.143606	12.899
6.19069	-0.047061	0.134403	13.2265
6.19069	-0.047061	0.134403	13.2265
11.5165	-0.193866	0.264856	6.75734
11.5165	-0.193866	0.264856	6.75734
11.2598	-0.182974	0.256607	8.90959
11.2598	-0.182974	0.256607	8.90959
9.445	-0.0987006	0.232159	16.219
9.445	-0.0987006	0.232159	16.219
8.62414	-0.0983408	0.191355	29.1083
8.62414	-0.0983408	0.191355	29.1083
6.6929	-0.0559379	0.145658	12.1173
6.6929	-0.0559379	0.145658	12.1173
6.13492	-0.0431939	0.132978	13.8553
6.13492	-0.0431939	0.132978	13.8553
11.5486	-0.195774	0.26469	6.66888
11.5486	-0.195774	0.26469	6.66888
11.2489	-0.195842	0.256709	10.1985
11.2489	-0.195842	0.256709	10.1985
9.28951	-0.0992544	0.228954	16.5743
9.28951	-0.0992544	0.228954	16.5743
8.79515	-0.10238	0.195885	32.6272
8.79515	-0.10238	0.195885	32.6272
6.41766	-0.0523529	0.138975	12.5543
6.41766	-0.0523529	0.138975	12.5543
6.40297	-0.0508383	0.139354	13.5998
6.40297	-0.0508383	0.139354	13.5998
11.4394	-0.203331	0.261863	7.45741
11.4394	-0.203331	0.261863	7.45741
11.3703	-0.201718	0.25965	8.00637
11.3703	-0.201718	0.25965	8.00637
9.18694	-0.0973622	0.226917	19.0515
9.18694	-0.0973622	0.226917	19.0515
8.87939	-0.104839	0.198157	32.3012
8.87939	-0.104839	0.198157	32.3012
6.49939	-0.0540051	0.141013	12.8674
6.49939	-0.0540051	0.141013	12.8674
6.34664	-0.0497361	0.137615	14.3306
6.34664	-0.0497361	0.137615	14.3306
11.4073	-0.209697	0.26071	7.94776
11.4073	-0.209697	0.26071	7.94776
11.4073	-0.209697	0.26071	7.94776
11.4073	-0.209697	0.26071	7.94776
9.08701	-0.09607	0.224964	26.8079
9.08701	-0.09607	0.224964	26.8079
8.97164	-0.107559	0.200677	31.3226
8.97164	-0.107559	0.200677	31.3226
6.43271	-0.0515348	0.139373	14.1748
6.43271	-0.0515348	0.139373	14.1748
6.43271	-0.0515348	0.139373	14.1748
6.43271	-0.0515348	0.139373	14.1748
13.2133	-0.137844	0.315068	6.5508
13.2133	-0.137844	0.315068	6.5508
13.2133	-0.137844	0.315068	6.5508
13.03	-0.126489	0.311677	6.82388
6.35261	-0.0741466	0.137096	17.1921
6.35261	-0.0741466	0.137096	17.1921
6.35261	-0.0741466	0.137096	17.1921
6.16263	-0.069731	0.131851	14.8753
6.16263	-0.069731	0.131851	14.8753
6.16263	-0.069731	0.131851	14.8753
5.90379	-0.0683349	0.12607	14.3237
5.90379	-0.0683349	0.12607	14.3237
13.1676	-0.140587	0.313302	6.3399
13.0825	-0.136012	0.311788	6.60491
13.0825	-0.136012	0.311788	6.60491
12.807	-0.122039	0.306721	6.98287
6.83331	-0.0838887	0.149072	19.8143
6.5817	-0.0782354	0.14289	18.5859
6.5817	-0.0782354	0.14289	18.5859
6.2826	-0.0695432	0.134538	15.7147
6.21345	-0.0697144	0.133111	15.9664
6.21345	-0.0697144	0.133111	15.9664
5.98682	-0.0698157	0.128329	15.3966
5.77437	-0.0658977	0.123174	14.1821
13.0305	-0.140203	0.309253	6.25463
12.8693	-0.131006	0.306415	6.44206
12.8693	-0.131006	0.306415	6.44206
12.5056	-0.12062	0.299844	7.00539
7.42352	-0.0925273	0.16367	20.6326
6.99449	-0.0852566	0.153177	18.9215
6.99449	-0.0852566	0.153177	18.9215
6.39086	-0.0699057	0.136984	16.6324
6.26007	-0.0748216	0.135405	15.4272
6.22591	-0.0688781	0.133494	15.8328
6.22591	-0.0688781	0.133494	15.8328
5.65191	-0.0635068	0.120454	13.6502
12.806	-0.139613	0.30313	6.09979
12.5822	-0.131219	0.299385	6.16502
12.5822	-0.131219	0.299385	6.16502
12.1374	-0.11684	0.291241	6.71291
8.075	-0.099424	0.179685	22.7984
7.51385	-0.0885961	0.165954	18.9222
7.51385	-0.0885961	0.165954	18.9222
6.67818	-0.0754644	0.145917	15.8136
6.48403	-0.0708623	0.139112	16.8093
6.2289	-0.0678372	0.133635	16.0086
6.2289	-0.0678372	0.133635	16.0086
5.54186	-0.06418	0.118086	13.5139
12.503	-0.140367	0.295262	5.94348
12.2369	-0.131187	0.29102	6.05033
12.2369	-0.131187	0.29102	6.05033
11.7224	-0.118554	0.281642	6.79494
8.74341	-0.110902	0.19615	21.7337
8.08031	-0.0946182	0.179821	20.6897
8.08031	-0.0946182	0.179821	20.6897
7.18074	-0.0786811	0.158393	17.5819
6.55938	-0.0696378	0.140795	16.2895
6.22928	-0.0669184	0.133706	16.273
6.22928	-0.0669184	0.133706	16.273
5.44951	-0.0638097	0.116095	13.7248
12.1413	-0.145151	0.286341	5.99867
11.8639	-0.137879	0.282371	5.94018
11.8639	-0.137879	0.282371	5.94018
11.297	-0.12791	0.272135	6.91567
9.38304	-0.120516	0.211714	20.5872
8.632	-0.100814	0.193088	19.921
8.632	-0.100814	0.193088	19.921
7.69492	-0.0839877	0.170867	18.7459
6.61474	-0.0708987	0.142078	16.2156
6.22888	-0.0654977	0.133732	15.9828
6.22888	-0.0654977	0.133732	15.9828
5.37964	-0.0617144	0.114559	13.4493
11.7764	-0.155924	0.278048	6.06743
11.5324	-0.14318	0.275059	6.71518
11.5324	-0.14318	0.275059	6.71518
10.9374	-0.130673	0.26433	8.51236
9.92115	-0.126797	0.224329	17.687
9.07874	-0.106126	0.203426	20.7182
9.07874	-0.106126	0.203426	20.7182
8.11817	-0.0845317	0.180586	20.4629
6.64858	-0.0695939	0.142821	16.1617
6.22843	-0.0652694	0.133759	15.8621
6.22843	-0.0652694	0.133759	15.8621
5.33605	-0.0621541	0.113641	13.694
11.5875	-0.153579	0.274018	6.03097
11.3851	-0.147405	0.272072	6.93183
11.3851	-0.147405	0.272072	6.93183
10.7843	-0.131475	0.261194	10.086
10.1689	-0.126723	0.22964	17.5771
9.26574	-0.104463	0.207435	19.6144
9.26574	-0.104463	0.207435	19.6144
8.29422	-0.084003	0.184384	23.9178
6.65996	-0.0708548	0.143106	15.5773
6.22824	-0.0643499	0.133751	15.9591
6.22824	-0.0643499	0.133751	15.9591
5.32124	-0.0617929	0.113319	13.7047
13.0832	-0.140938	0.31089	6.29426
13.0832	-0.140938	0.31089	6.29426
12.916	-0.135449	0.307995	6.33029
12.5414	-0.119295	0.301045	7.35533
7.09347	-0.0875388	0.155595	20.8743
7.09347	-0.0875388	0.155595	20.8743
6.57646	-0.0791036	0.143214	20.1768
6.42828	-0.0713816	0.137927	16.1295
6.42828	-0.0713816	0.137927	16.1295
6.32815	-0.0716031	0.135759	15.3854
5.82399	-0.0688984	0.124521	14.8081
5.71345	-0.0655882	0.122153	14.579
12.9908	-0.141937	0.307653	6.27112
12.9172	-0.136397	0.306384	6.4191
12.6739	-0.128399	0.30218	6.54042
12.2012	-0.113366	0.293375	7.37496
7.71503	-0.0964076	0.170858	22.4067
7.492	-0.0909654	0.165356	20.2976
6.83417	-0.0808985	0.149494	18.9152
6.60264	-0.0727129	0.141874	16.471
6.5509	-0.0713268	0.140854	16.5235
6.33617	-0.0706035	0.136236	16.3336
5.96723	-0.0720595	0.128495	14.8457
5.5561	-0.0639549	0.118637	14.4156
12.8071	-0.143457	0.302274	5.9539
12.6764	-0.136077	0.300199	6.01439
12.367	-0.125018	0.294858	6.24106
11.7999	-0.111457	0.284219	7.69435
8.38869	-0.104984	0.187353	23.8468
7.99556	-0.0950122	0.177581	20.1712
7.26309	-0.0818764	0.159892	19.2686
6.74574	-0.0723965	0.145096	17.0734
6.63699	-0.0709988	0.142974	17.344
6.30478	-0.0736096	0.137143	14.3596
6.28897	-0.0682513	0.135325	16.1479
5.38609	-0.0649568	0.114901	13.8712
12.5375	-0.1441	0.294931	5.88097
12.374	-0.137897	0.292691	5.89192
12.0132	-0.128174	0.286616	6.09119
11.359	-0.114981	0.274206	7.13282
9.07137	-0.11734	0.204141	24.4119
8.54542	-0.10288	0.190928	20.9365
7.75711	-0.087903	0.171919	19.9818
6.85884	-0.0729511	0.147663	16.2453
6.74884	-0.0721945	0.148166	15.9956
6.69668	-0.0703783	0.144464	16.9958
6.24268	-0.0656804	0.13435	15.7057
5.24096	-0.0629783	0.111684	13.8715
12.1955	-0.147189	0.286156	5.67774
12.0374	-0.143623	0.284694	6.07561
11.6469	-0.131801	0.278259	6.45648
10.9171	-0.122719	0.26439	8.01915
9.72444	-0.129256	0.220132	20.3258
9.0801	-0.109721	0.203717	20.8835
8.24582	-0.0904819	0.183518	19.4502
7.22198	-0.0732638	0.159604	17.6879
6.94092	-0.0734475	0.149529	16.3799
6.73673	-0.0705064	0.145486	17.4536
6.20666	-0.0626254	0.133562	15.8757
5.13021	-0.0624769	0.109265	13.8074
11.8224	-0.158695	0.277415	5.79126
11.7304	-0.148751	0.277785	6.0991
11.3375	-0.135947	0.271528	6.81303
10.5517	-0.12485	0.256502	9.73175
10.2903	-0.140518	0.23364	16.0347
9.51408	-0.113175	0.213708	18.7214
8.63733	-0.0937441	0.192481	19.2635
7.61771	-0.0745807	0.168714	20.4705
6.99076	-0.0731422	0.15065	16.2049
6.76003	-0.0705636	0.146084	16.8884
6.18406	-0.0616015	0.133088	15.9646
5.06072	-0.0620999	0.107753	13.4196
11.6035	-0.161839	0.272864	5.88648
11.591	-0.152047	0.274888	6.02293
11.2067	-0.143239	0.268967	7.90311
10.5743	-0.140195	0.239699	14.4799
10.399	-0.12141	0.253282	11.3636
9.69707	-0.114863	0.217711	18.1116
8.79685	-0.095368	0.195969	20.6378
7.78248	-0.0728226	0.172245	23.1674
7.00747	-0.0731139	0.151027	16.5367
6.7677	-0.069898	0.146267	17.0504
6.17637	-0.0619276	0.132941	15.7613
5.03703	-0.0615376	0.107229	13.24
12.8722	-0.141808	0.304113	6.10789
12.8722	-0.141808	0.304113	6.10789
12.4111	-0.126045	0.296248	6.56981
11.8276	-0.108528	0.28513	7.40268
8.08517	-0.100782	0.179868	23.5823
8.08517	-0.100782	0.179868	23.5823
6.82264	-0.0723436	0.147012	17.7668
6.82264	-0.0723436	0.147012	17.7668
6.77547	-0.0780688	0.148706	18.8381
6.50175	-0.071228	0.139891	15.8264
5.77736	-0.0687799	0.12382	13.906
5.56772	-0.0667444	0.11984	14.7898
12.7342	-0.143929	0.299584	5.70136
12.68	-0.142181	0.298865	5.82073
12.093	-0.122571	0.288915	6.48628
11.3991	-0.109033	0.275552	7.52434
8.73355	-0.109921	0.195671	23.6787
8.53268	-0.102908	0.190569	23.7644
7.04262	-0.0770669	0.154809	19.8265
7.03704	-0.0751856	0.151943	17.564
7.00796	-0.0749138	0.151522	18.4533
6.46841	-0.0683646	0.139634	15.8132
5.96764	-0.0692052	0.129112	13.7917
5.39644	-0.0655233	0.11588	14.2218
12.5059	-0.147668	0.29304	5.75383
12.4254	-0.144465	0.292295	5.71167
11.74	-0.125792	0.280912	6.84751
10.9386	-0.111793	0.265191	8.26185
9.39412	-0.123018	0.211893	23.6406
9.02527	-0.109957	0.202372	22.8394
7.45285	-0.0794582	0.164508	18.8609
7.20027	-0.0753461	0.155669	17.441
7.14624	-0.0751968	0.154931	18.8643
6.37536	-0.0633037	0.137673	15.4158
6.3406	-0.0671519	0.13852	14.3554
5.19885	-0.0629218	0.111349	14.0239
12.1948	-0.149802	0.284687	5.42505
12.1326	-0.152137	0.285181	6.02225
11.3877	-0.124847	0.272962	7.13843
10.4861	-0.117867	0.255185	10.6631
10.0313	-0.13804	0.227628	21.1606
9.51038	-0.117424	0.213895	21.0564
7.87225	-0.0825104	0.174332	18.4493
7.31589	-0.0763648	0.158329	18.5917
7.24035	-0.0755228	0.157287	19.014
6.76404	-0.06495	0.148744	15.6569
6.29887	-0.0585414	0.135958	15.8537
5.04342	-0.0619058	0.107859	13.3678
11.8589	-0.151243	0.27873	5.999
11.8244	-0.162095	0.275658	5.94144
11.1028	-0.131792	0.266946	7.32977
10.6038	-0.150964	0.241554	14.1035
10.1193	-0.111311	0.247102	12.119
9.90831	-0.12653	0.223158	17.479
8.20666	-0.0831372	0.181851	18.2151
7.38511	-0.07621	0.159907	17.8809
7.29496	-0.0755217	0.15866	19.9282
7.12641	-0.0635905	0.157036	17.9976
6.25036	-0.0571647	0.134894	16.1056
4.94485	-0.0615558	0.105666	12.9617
11.7323	-0.155329	0.276052	5.34187
11.5627	-0.172273	0.270304	6.27785
10.9871	-0.136925	0.264664	8.49956
10.9339	-0.15171	0.248621	12.582
10.0777	-0.125461	0.226817	15.0258
9.96835	-0.107946	0.243926	12.5009
8.34038	-0.0835831	0.18474	18.1257
7.40817	-0.0752932	0.160415	17.8621
7.31287	-0.0753132	0.159107	20.3832
7.27799	-0.0636629	0.160319	19.9217
6.23379	-0.056747	0.134532	16.2462
4.91108	-0.0611919	0.104912	12.6668
12.5917	-0.144996	0.295308	5.54458
12.5917	-0.144996	0.295308	5.54458
11.7738	-0.125097	0.281924	6.90809
10.9502	-0.116033	0.265776	8.649
9.11396	-0.113985	0.204698	23.8856
9.11396	-0.113985	0.204698	23.8856
7.31194	-0.076809	0.158549	19.2697
7.31194	-0.076809	0.158549	19.2697
6.93113	-0.0700233	0.152785	23.7682
6.66897	-0.0673545	0.143859	14.4964
5.75791	-0.0676633	0.123787	12.7825
5.48316	-0.0645071	0.119113	14.0265
12.4125	-0.15077	0.289744	5.46512
12.3894	-0.152971	0.289903	5.2935
11.4306	-0.119664	0.274161	7.45974
10.4767	-0.114616	0.25512	10.3831
9.71213	-0.128259	0.219387	24.2445
9.52077	-0.121202	0.21432	24.0579
7.54311	-0.0794099	0.163949	20.4181
7.53816	-0.0797571	0.164155	21.4925
7.18405	-0.0730002	0.158157	19.1292
6.60038	-0.0622126	0.142945	15.3877
5.97662	-0.0631965	0.129813	12.2876
5.31622	-0.0625858	0.11497	13.3422
12.1487	-0.15454	0.283688	5.73445
12.1455	-0.16335	0.282407	5.34413
11.0994	-0.122401	0.266941	7.5663
10.2974	-0.145825	0.233976	20.1695
10.0192	-0.110453	0.244832	13.4687
9.92308	-0.129492	0.223778	20.7626
7.70466	-0.0812399	0.167738	20.0196
7.7011	-0.0821288	0.16828	22.0569
7.5291	-0.073864	0.165907	17.517
6.48453	-0.0557124	0.140407	16.3437
6.34059	-0.0586955	0.138714	13.5583
5.12282	-0.0609687	0.11041	12.8104
11.9195	-0.159084	0.278216	5.40627
11.799	-0.167705	0.273302	5.86063
10.8423	-0.164016	0.247679	13.0302
10.8411	-0.131429	0.261658	8.46517
10.2566	-0.135149	0.231431	15.4101
9.65419	-0.100341	0.236745	13.6469
7.80766	-0.0742972	0.172033	16.7329
7.80022	-0.0823201	0.169982	19.7083
7.79798	-0.083114	0.170755	22.2169
6.6664	-0.0578066	0.146195	14.4544
6.40762	-0.0531436	0.138676	16.3627
4.99559	-0.0606075	0.107488	12.0296
11.8128	-0.163852	0.275896	5.14517
11.4696	-0.176204	0.266303	6.51021
11.239	-0.161722	0.256209	10.2515
10.7393	-0.129429	0.259528	9.69168
10.3994	-0.135825	0.234552	14.5451
9.50585	-0.0965481	0.23362	12.8169
7.91781	-0.0738609	0.17436	16.5111
7.83187	-0.0821252	0.170714	19.1935
7.83001	-0.0821911	0.171551	23.7584
6.80416	-0.0569388	0.149153	14.357
6.3811	-0.0527599	0.138085	16.8076
4.95158	-0.0621504	0.106518	12.0494
12.2666	-0.162007	0.28555	5.30501
12.2666	-0.162007	0.28555	5.30501
11.1065	-0.11699	0.267091	7.8813
10.024	-0.137093	0.226673	23.615
10.024	-0.137093	0.226673	23.615
9.99687	-0.106686	0.244242	13.0515
7.84909	-0.0841424	0.171562	21.6772
7.84909	-0.0841424	0.171562	21.6772
7.02719	-0.0661026	0.15496	23.3586
6.81571	-0.0623056	0.14735	13.9619
5.75677	-0.0636053	0.124122	11.6517
5.47621	-0.0603108	0.119934	13.1767
12.0879	-0.165947	0.280685	5.33044
12.0597	-0.170646	0.27933	5.47405
10.8021	-0.121187	0.260668	8.6624
10.5181	-0.152935	0.239027	18.3581
10.3179	-0.143397	0.233378	17.8699
9.53907	-0.0982208	0.233915	15.4457
8.08708	-0.0865593	0.177606	24.5316
8.07054	-0.0867229	0.176864	23.4229
7.23728	-0.0662414	0.158826	16.9954
6.72551	-0.0566377	0.145964	16.5025
5.97824	-0.0564738	0.130092	12.0792
5.33517	-0.0591251	0.116053	12.1155
11.9187	-0.173417	0.276513	5.23824
11.7755	-0.178436	0.271379	6.13924
10.9816	-0.175127	0.251127	11.6112
10.5717	-0.125858	0.255985	10.2428
10.5559	-0.15044	0.238735	14.2788
9.17786	-0.0918965	0.226057	17.4367
8.23655	-0.0900055	0.181518	26.7564
8.20221	-0.0884707	0.180035	23.1754
7.46308	-0.0669846	0.163563	14.5706
6.6214	-0.0533235	0.143656	17.0973
6.26387	-0.0546598	0.136737	12.7416
5.1875	-0.0579441	0.112436	10.9886
11.8417	-0.17697	0.274739	5.2856
11.4829	-0.178878	0.262488	8.83941
11.3353	-0.183878	0.261406	6.71248
10.6559	-0.153797	0.240936	12.1958
10.483	-0.122782	0.254128	10.7104
9.03225	-0.0909353	0.223079	14.9942
8.28732	-0.0908917	0.182854	27.1251
8.24582	-0.0882909	0.181071	23.2258
7.55274	-0.0648736	0.165367	14.4813
6.58445	-0.0508801	0.142779	17.3571
6.38836	-0.0534169	0.139393	12.3634
5.13467	-0.0607076	0.111242	10.4475
11.9576	-0.179435	0.276247	5.54844
11.9576	-0.179435	0.276247	5.54844
10.6889	-0.161051	0.242708	15.3188
10.6889	-0.161051	0.242708	15.3188
10.528	-0.122877	0.254987	10.9517
9.08436	-0.0895087	0.223728	21.6103
8.37516	-0.0929204	0.184727	26.0101
8.37516	-0.0929204	0.184727	26.0101
7.05744	-0.062169	0.154857	18.6564
6.92983	-0.059614	0.150118	14.1937
5.76444	-0.0579027	0.124565	11.2508
5.55582	-0.0518152	0.12187	11.2468
11.8703	-0.187463	0.273918	5.47375
11.7803	-0.188366	0.270775	6.21392
11.0126	-0.182367	0.251343	11.8928
10.8018	-0.166794	0.244904	12.42
10.3247	-0.121104	0.250819	12.4788
8.72732	-0.0838381	0.216066	17.6953
8.5798	-0.097038	0.190156	27.3805
8.55179	-0.0958461	0.189115	26.1227
7.19608	-0.0631015	0.157047	14.1145
6.84391	-0.0563743	0.148666	16.4588
5.94821	-0.0522832	0.129285	11.7836
5.4611	-0.0493429	0.118798	10.1554
11.8348	-0.187818	0.272979	5.22861
11.6606	-0.194589	0.267139	6.74276
11.1815	-0.199356	0.256326	8.80603
10.8425	-0.172828	0.245711	11.3001
10.2478	-0.120723	0.249289	12.7676
8.65237	-0.0984835	0.192115	29.7259
8.61114	-0.0965737	0.190591	27.3409
8.5837	-0.085549	0.213245	16.4365
7.26922	-0.0643564	0.158506	13.2334
6.79736	-0.0544222	0.14759	16.9996
6.06047	-0.0517867	0.131709	11.7951
5.40315	-0.0491438	0.117319	8.95498
11.8032	-0.198277	0.271217	5.63263
11.8032	-0.198277	0.271217	5.63263
10.9791	-0.18195	0.249574	12.2211
10.9791	-0.18195	0.249574	12.2211
10.1433	-0.115022	0.247054	13.3111
8.79973	-0.102199	0.195808	30.8693
8.79973	-0.102199	0.195808	30.8693
8.3728	-0.0822133	0.20869	19.7984
7.0416	-0.0608979	0.153412	16.3304
7.0021	-0.0585894	0.151898	14.7282
5.7727	-0.0513718	0.124881	11.0677
5.69451	-0.0465093	0.124037	11.5802
11.8149	-0.204561	0.271576	5.32626
11.7686	-0.205239	0.269992	5.4849
11.0487	-0.189946	0.251527	12.6803
10.9557	-0.186061	0.24865	12.2719
10.0752	-0.11434	0.245712	14.0653
8.8915	-0.104566	0.198351	33.1312
8.87563	-0.104508	0.197792	31.8418
8.22963	-0.0844478	0.205981	23.5241
7.08882	-0.0604932	0.154058	15.2443
6.96322	-0.058084	0.151197	16.0863
5.8492	-0.0496054	0.126726	11.2644
5.662	-0.04214	0.122677	11.0844
11.8048	-0.208223	0.270938	5.0756
11.8048	-0.208223	0.270938	5.0756
10.9937	-0.191964	0.249666	13.9521
10.9937	-0.191964	0.249666	13.9521
10.0105	-0.110805	0.244377	14.5351
8.97534	-0.107773	0.200594	32.1654
8.97534	-0.107773	0.200594	32.1654
8.08611	-0.0834374	0.20325	23.8961
7.02684	-0.0587057	0.152519	15.4665
7.02684	-0.0587057	0.152519	15.4665
5.77609	-0.0446201	0.124911	12.0735
5.77609	-0.0446201	0.124911	12.0735
12.9656	-0.139231	0.307952	6.27096
12.9656	-0.139231	0.307952	6.27096
12.9656	-0.139231	0.307952	6.27096
12.2281	-0.115893	0.294445	6.99861
7.2018	-0.0877085	0.158454	22.7277
7.2018	-0.0877085	0.158454	22.7277
7.2018	-0.0877085	0.158454	22.7277
6.556	-0.0728262	0.140857	16.3729
6.556	-0.0728262	0.140857	16.3729
6.556	-0.0728262	0.140857	16.3729
5.56423	-0.0663034	0.118735	14.7789
5.56423	-0.0663034	0.118735	14.7789
12.9194	-0.141889	0.305576	6.24929
12.7748	-0.134271	0.303153	6.15342
12.7748	-0.134271	0.303153	6.15342
11.8431	-0.107784	0.285847	7.62734
7.89275	-0.099424	0.17533	26.6621
7.44717	-0.0893614	0.164495	21.9318
7.44717	-0.0893614	0.164495	21.9318
6.75886	-0.0720665	0.145365	15.8403
6.67166	-0.0717391	0.143614	15.9496
6.67166	-0.0717391	0.143614	15.9496
5.62809	-0.0699446	0.120709	14.4473
5.31279	-0.0639031	0.113159	14.4879
12.7773	-0.144506	0.300935	6.13945
12.52	-0.134476	0.296949	5.87953
12.52	-0.134476	0.296949	5.87953
11.401	-0.104888	0.275848	7.81771
8.60952	-0.110252	0.192841	24.9965
7.83042	-0.0910616	0.173631	21.3785
7.83042	-0.0910616	0.173631	21.3785
6.93161	-0.0735315	0.149251	16.7193
6.7343	-0.0694089	0.145276	17.2401
6.7343	-0.0694089	0.145276	17.2401
5.88058	-0.0708559	0.127301	14.2193
5.08143	-0.0634031	0.108086	13.9546
12.5413	-0.144266	0.294088	5.67118
12.2179	-0.139104	0.28979	5.78904
12.2179	-0.139104	0.28979	5.78904
10.9247	-0.115762	0.265275	8.31949
9.31982	-0.12355	0.210314	24.3884
8.28561	-0.0941238	0.184424	21.8246
8.28561	-0.0941238	0.184424	21.8246
7.07013	-0.0745798	0.152365	16.3478
6.76309	-0.0678829	0.146154	18.2061
6.76309	-0.0678829	0.146154	18.2061
6.26581	-0.0692628	0.136975	13.2402
4.88278	-0.0628776	0.103744	14.412
12.2178	-0.150328	0.285491	5.53352
11.8999	-0.140133	0.282366	6.42327
11.8999	-0.140133	0.282366	6.42327
10.4544	-0.115957	0.254688	10.2421
9.996	-0.136657	0.227004	20.9989
8.73805	-0.098482	0.195034	19.3502
8.73805	-0.098482	0.195034	19.3502
7.17129	-0.073669	0.154605	16.7078
6.77627	-0.0673547	0.146627	18.2455
6.77627	-0.0673547	0.146627	18.2455
6.70406	-0.0638762	0.147517	15.8961
4.72939	-0.0625054	0.100404	14.991
11.8268	-0.164817	0.275968	5.86523
11.6296	-0.142378	0.276362	6.46946
11.6296	-0.142378	0.276362	6.46946
10.604	-0.150755	0.241871	13.8329
10.0701	-0.107508	0.246154	12.5266
9.09827	-0.103211	0.203247	20.0709
9.09827	-0.103211	0.203247	20.0709
7.23286	-0.0726325	0.155958	16.1351
7.08279	-0.0637105	0.156237	19.1706
6.78203	-0.0667858	0.146858	17.9524
6.78203	-0.0667858	0.146858	17.9524
4.63223	-0.061478	0.0982769	14.4531
11.5344	-0.172026	0.269984	6.54169
11.5154	-0.146987	0.274041	5.97222
11.5154	-0.146987	0.274041	5.97222
10.9696	-0.148996	0.249567	11.9118
9.91065	-0.104252	0.242798	12.1364
9.24386	-0.105073	0.206436	17.9391
9.24386	-0.105073	0.206436	17.9391
7.25354	-0.0722921	0.156412	15.6299
7.24271	-0.0641269	0.159711	21.3671
6.78365	-0.0664163	0.146924	18.4399
6.78365	-0.0664163	0.146924	18.4399
4.59893	-0.0624354	0.0975758	13.9963
12.7797	-0.141037	0.301836	5.80605
12.7797	-0.141037	0.301836	5.80605
12.5691	-0.131766	0.298361	6.31994
11.4174	-0.106793	0.276599	8.28539
8.13707	-0.0998449	0.181246	25.2656
8.13707	-0.0998449	0.181246	25.2656
7.49742	-0.0857531	0.165931	26.5225
6.94326	-0.0731974	0.149675	17.2786
6.94326	-0.0731974	0.149675	17.2786
6.82178	-0.0708676	0.146978	16.439
5.39305	-0.0669815	0.115312	14.6643
5.18506	-0.0648722	0.110762	14.277
12.6869	-0.14441	0.298146	5.73239
12.5796	-0.139517	0.296681	5.5248
12.3114	-0.134193	0.292422	6.06775
10.9396	-0.111205	0.266037	8.21702
8.84987	-0.111057	0.198585	28.0742
8.45797	-0.100541	0.188789	27.424
7.70922	-0.0864544	0.170898	25.2205
7.16408	-0.0741143	0.154624	17.1598
7.10735	-0.0735123	0.153693	18.1651
6.90371	-0.0696495	0.14909	16.3724
5.49864	-0.0678942	0.118437	14.107
4.94252	-0.0626172	0.105428	14.6563
12.4967	-0.148789	0.292235	5.40999
12.3344	-0.145577	0.290728	5.75867
12.0205	-0.134506	0.285691	6.42921
10.4335	-0.116361	0.254704	10.4693
9.5505	-0.127045	0.215858	27.9559
8.83425	-0.103872	0.19753	24.2249
8.04541	-0.0868071	0.178526	22.4907
7.33718	-0.0749683	0.158511	17.0824
7.22876	-0.074282	0.156839	19.2225
6.91345	-0.0666041	0.149646	18.8992
5.80785	-0.0692676	0.126437	12.8633
4.69164	-0.0614083	0.099867	14.9331
12.2111	-0.15708	0.28427	5.35413
12.0729	-0.145606	0.284452	6.08061
11.7293	-0.131555	0.279014	6.38483
10.2146	-0.144243	0.23245	21.0313
9.94059	-0.105608	0.243363	14.671
9.21327	-0.108175	0.206229	20.3298
8.40525	-0.0896595	0.186683	20.2329
7.46207	-0.0769298	0.161344	17.1642
7.30819	-0.073762	0.158962	20.7377
6.8989	-0.0649172	0.149558	19.9201
6.19961	-0.0602494	0.135868	11.9124
4.49179	-0.0612393	0.095473	14.852
11.8509	-0.148037	0.279421	5.81755
11.8343	-0.167711	0.274411	5.97256
11.496	-0.134398	0.273972	6.56575
10.8236	-0.163724	0.247921	12.5686
9.54188	-0.0998245	0.234572	15.199
9.51565	-0.112664	0.213023	17.2992
8.69156	-0.0926386	0.193033	17.4717
7.5376	-0.0759904	0.163013	16.5634
7.35257	-0.0730708	0.16017	21.4088
6.88437	-0.0640589	0.149368	20.3355
6.55352	-0.0528004	0.143895	14.8423
4.3634	-0.0607728	0.0926508	15.1003
11.758	-0.146824	0.277361	5.36415
11.4155	-0.17313	0.265612	6.78428
11.4025	-0.145073	0.27225	6.34461
11.3207	-0.16368	0.258503	11.2595
9.63695	-0.114263	0.215662	15.3976
9.37743	-0.0950916	0.231074	13.2234
8.80446	-0.0937228	0.195462	17.027
7.56289	-0.0760162	0.163579	17.4269
7.36683	-0.0735657	0.160577	21.7432
6.87876	-0.0634539	0.149279	20.9487
6.7057	-0.0511797	0.147159	17.4072
4.3191	-0.061925	0.0917053	15.2765
12.5435	-0.149465	0.294276	5.19485
12.5435	-0.149465	0.294276	5.19485
12.0628	-0.131342	0.286845	6.67927
10.4317	-0.112389	0.254763	10.353
9.11302	-0.114444	0.20473	29.359
9.11302	-0.114444	0.20473	29.359
7.69143	-0.0827348	0.170623	29.2621
7.40302	-0.0756275	0.16038	18.4659
7.40302	-0.0756275	0.16038	18.4659
7.06416	-0.0694859	0.152633	16.1789
5.26209	-0.0660515	0.11286	13.8429
4.89071	-0.0631058	0.105241	15.0624
12.4118	-0.158329	0.289641	5.45511
12.3612	-0.154555	0.289617	5.74372
11.7937	-0.129399	0.280818	6.80867
9.90146	-0.102528	0.242548	14.783
9.75927	-0.131315	0.220675	27.7313
9.39387	-0.117254	0.211061	26.6052
7.84935	-0.0803787	0.173845	25.4364
7.62779	-0.0785037	0.165511	18.67
7.61257	-0.0791167	0.165687	21.6202
7.11061	-0.0673053	0.154026	17.5802
5.40308	-0.0660423	0.116953	13.3593
4.67929	-0.0615465	0.10055	14.9106
12.1873	-0.162775	0.282799	5.27183
12.1658	-0.153373	0.284722	5.75323
11.5361	-0.130698	0.275198	6.55108
10.3674	-0.149756	0.236003	20.9333
9.66791	-0.122731	0.217137	20.2942
9.39066	-0.0956231	0.230894	19.2603
8.10111	-0.082967	0.17914	19.7224
7.78647	-0.0800396	0.169128	18.8086
7.76965	-0.0815981	0.169814	23.1748
7.08025	-0.0640775	0.153693	20.3048
5.73011	-0.0638196	0.125151	11.6241
4.44763	-0.0602108	0.0952828	14.5845
12.0029	-0.15799	0.280964	5.33453
11.8816	-0.172736	0.274163	6.0481
11.3394	-0.133383	0.271073	6.73605
10.9092	-0.17397	0.250305	11.5667
9.88332	-0.123842	0.221725	15.7004
8.98061	-0.0859427	0.221751	18.0586
8.31527	-0.083646	0.183618	16.3991
7.8812	-0.0794384	0.171257	19.1827
7.86483	-0.0825984	0.172372	25.2553
7.04509	-0.0633721	0.153094	21.1286
6.05291	-0.0551401	0.13249	11.0292
4.29102	-0.0617765	0.0918044	14.9641
11.9364	-0.156699	0.279422	4.98482
11.619	-0.18206	0.266242	8.5429
11.2636	-0.143341	0.269734	6.84194
11.2515	-0.178822	0.260194	6.86737
9.96839	-0.127152	0.223559	14.3737
8.81209	-0.0874262	0.218311	15.349
8.39956	-0.084531	0.185367	15.9731
7.91272	-0.0807372	0.171997	19.0678
7.8965	-0.0825226	0.173227	25.1953
7.03139	-0.0621009	0.15282	20.9442
6.19577	-0.0494624	0.135465	11.3921
4.23619	-0.0617901	0.0905791	15.2137
12.3002	-0.161217	0.286452	5.48678
12.3002	-0.161217	0.286452	5.48678
11.5563	-0.127612	0.275738	7.10063
9.94201	-0.13289	0.224548	24.6486
9.94201	-0.13289	0.224548	24.6486
9.35234	-0.0953437	0.229967	19.4208
7.90671	-0.0832212	0.172512	20.008
7.90671	-0.0832212	0.172512	20.008
7.76001	-0.077587	0.171694	28.7134
7.2688	-0.0660066	0.157406	15.7596
5.16862	-0.0646188	0.111272	12.9014
4.73021	-0.0602393	0.102958	15.6418
12.1835	-0.163206	0.283371	5.18977
12.1602	-0.170663	0.2816	5.06266
11.3368	-0.127664	0.271119	7.30367
10.4474	-0.152206	0.237381	18.8698
10.0917	-0.136518	0.227472	19.08
8.82729	-0.0831476	0.217856	22.0414
8.13868	-0.0867664	0.178551	23.8164
8.11304	-0.0855892	0.177306	21.2235
7.85052	-0.0762972	0.172976	19.6718
7.28125	-0.0648255	0.158095	18.1898
5.33007	-0.0628413	0.115807	11.827
4.5782	-0.0580141	0.0993319	14.4152
12.0918	-0.166903	0.281148	4.80168
11.9725	-0.184758	0.27586	5.79038
11.1752	-0.13372	0.267936	7.40661
10.8613	-0.175188	0.248482	12.6609
10.1946	-0.140969	0.229327	14.5949
8.40701	-0.0768231	0.208569	17.3203
8.29251	-0.0900873	0.182711	28.5902
8.23519	-0.0865424	0.18014	22.173
7.99158	-0.0764163	0.175539	15.6177
7.23329	-0.0630033	0.157288	20.9266
5.60988	-0.056892	0.122375	11.1595
4.41246	-0.0613317	0.0954798	13.8151
12.0563	-0.174508	0.280465	4.75394
11.8577	-0.194612	0.272399	6.24442
11.1146	-0.144539	0.266967	8.14793
11.0526	-0.193872	0.254114	9.46502
10.2322	-0.144103	0.229991	13.1498
8.3464	-0.0906978	0.184186	28.2404
8.27564	-0.0880283	0.181104	21.4312
8.23409	-0.080132	0.205092	16.9868
8.05144	-0.0780276	0.176704	13.6876
7.21144	-0.062518	0.156862	21.4496
5.74267	-0.0527872	0.125171	11.2177
4.35092	-0.0616621	0.0940564	13.7661
12.1403	-0.179	0.280914	4.87036
12.1403	-0.179	0.280914	4.87036
11.1559	-0.12932	0.267524	7.78479
10.4616	-0.154556	0.236866	15.9592
10.4616	-0.154556	0.236866	15.9592
8.40429	-0.0923287	0.184926	26.4004
8.40429	-0.0923287	0.184926	26.4004
8.28984	-0.0714565	0.20548	22.5788
7.70879	-0.0744221	0.169444	21.2394
7.4238	-0.0629226	0.161041	16.5232
5.10761	-0.0608039	0.110307	11.3152
4.7461	-0.0567965	0.10422	14.0538
12.1303	-0.186666	0.280697	4.62322
12.0694	-0.194421	0.278172	5.10421
11.0257	-0.139434	0.265178	8.9435
10.734	-0.172822	0.24415	16.1288
10.4391	-0.158205	0.235485	14.9335
8.6139	-0.0963016	0.190611	28.3183
8.56339	-0.0947691	0.188743	25.8899
7.85764	-0.0719827	0.196144	16.5831
7.74314	-0.0744822	0.169426	16.8024
7.41053	-0.0642698	0.161128	18.4036
5.2599	-0.0535076	0.114231	11.384
4.67231	-0.0602452	0.102062	11.5219
12.1277	-0.190714	0.28069	4.69522
12.0317	-0.198365	0.276774	4.97042
10.9776	-0.13815	0.26421	9.36445
10.8398	-0.18291	0.24714	16.9948
10.4237	-0.15826	0.234707	15.0731
8.69196	-0.0974435	0.192783	30.8409
8.61627	-0.0957262	0.190017	26.3872
7.78231	-0.0750675	0.170038	15.663
7.67814	-0.0744696	0.19257	17.1939
7.38283	-0.063591	0.160595	19.0369
5.38077	-0.0518213	0.116863	11.5798
4.61317	-0.0638189	0.100611	11.8911
12.1383	-0.201403	0.279943	4.61002
12.1383	-0.201403	0.279943	4.61002
10.9183	-0.137252	0.26307	10.1734
10.5998	-0.168208	0.239601	17.2863
10.5998	-0.168208	0.239601	17.2863
8.81298	-0.100239	0.195564	30.5386
8.81298	-0.100239	0.195564	30.5386
7.60501	-0.0689071	0.1659	17.9565
7.52038	-0.0650689	0.163405	16.9845
7.40969	-0.0750058	0.186699	17.4774
5.07368	-0.0496381	0.109647	10.5732
4.92344	-0.0478003	0.107601	10.1452
12.1628	-0.200503	0.28051	4.40631
12.1375	-0.195567	0.279324	4.39326
10.8788	-0.134449	0.262257	10.1131
10.6567	-0.169966	0.241044	20.9155
10.5399	-0.168894	0.237612	20.8439
8.91077	-0.103718	0.198367	33.6387
8.88035	-0.103133	0.197285	31.5679
7.61168	-0.0676954	0.165689	16.7134
7.50736	-0.0650836	0.163248	18.04
7.21981	-0.072898	0.182974	21.3548
5.145	-0.0465589	0.111345	11.1142
4.91432	-0.0529083	0.106884	9.19326
12.173	-0.193133	0.280146	4.11468
12.173	-0.193133	0.280146	4.11468
10.8424	-0.131628	0.261513	10.4762
10.5789	-0.168832	0.238505	29.3853
10.5789	-0.168832	0.238505	29.3853
8.98588	-0.107348	0.200336	34.1124
8.98588	-0.107348	0.200336	34.1124
7.55317	-0.0657837	0.164209	16.8558
7.55317	-0.0657837	0.164209	16.8558
7.02239	-0.0714687	0.179295	27.9777
5.06286	-0.0474437	0.109479	9.61859
5.06286	-0.0474437	0.109479	9.61859
12.6313	-0.141666	0.298251	5.83063
12.6313	-0.141666	0.298251	5.83063
12.6313	-0.141666	0.298251	5.83063
10.9429	-0.107093	0.266324	8.39773
8.24147	-0.0990304	0.183833	29.7841
8.24147	-0.0990304	0.183833	29.7841
8.24147	-0.0990304	0.183833	29.7841
7.1036	-0.0735396	0.153286	16.833
7.1036	-0.0735396	0.153286	16.833
7.1036	-0.0735396	0.153286	16.833
5.0117	-0.064016	0.106868	14.6461
5.0117	-0.064016	0.106868	14.6461
12.5953	-0.145399	0.295686	5.58338
12.4372	-0.144139	0.293641	5.74629
12.4372	-0.144139	0.293641	5.74629
10.4202	-0.114984	0.254837	12.7432
8.97617	-0.112078	0.201623	33.6486
8.4165	-0.0980629	0.18784	32.6993
8.4165	-0.0980629	0.18784	32.6993
7.34152	-0.0747078	0.158591	16.853
7.25521	-0.0722076	0.15688	17.6121
7.25521	-0.0722076	0.15688	17.6121
5.05997	-0.0652645	0.108544	14.8923
4.6507	-0.0603107	0.0988749	14.872
12.4609	-0.153751	0.290958	5.37503
12.2147	-0.143562	0.288364	6.07679
12.2147	-0.143562	0.288364	6.07679
9.87377	-0.100693	0.242101	16.618
9.67672	-0.128941	0.218879	34.9495
8.6572	-0.098934	0.193119	25.6662
8.6572	-0.098934	0.193119	25.6662
7.53107	-0.0764288	0.162834	17.5184
7.36487	-0.0725341	0.15978	19.604
7.36487	-0.0725341	0.15978	19.604
5.29653	-0.0664988	0.114808	14.3562
4.33111	-0.059483	0.0918643	15.3181
12.2315	-0.16007	0.284005	5.31848
11.9929	-0.141369	0.283204	6.13314
11.9929	-0.141369	0.283204	6.13314
10.3222	-0.147966	0.235151	22.7249
9.34582	-0.0952938	0.23004	18.9848
8.91872	-0.100147	0.198727	21.0345
8.91872	-0.100147	0.198727	21.0345
7.66886	-0.0769326	0.165901	17.8116
7.43007	-0.0730541	0.161703	22.4548
7.43007	-0.0730541	0.161703	22.4548
5.64415	-0.0653807	0.123433	11.8219
4.07685	-0.0584038	0.086286	16.309
11.9207	-0.177535	0.275345	5.63663
11.8186	-0.144532	0.279403	5.67654
11.8186	-0.144532	0.279403	5.67654
10.8871	-0.172384	0.250081	11.3078
9.12875	-0.10372	0.203199	16.3227
9.12875	-0.10372	0.203199	16.3227
8.91978	-0.0845146	0.220474	18.7089
7.75248	-0.0761379	0.167739	16.8315
7.46275	-0.0730112	0.162742	23.5551
7.46275	-0.0730112	0.162742	23.5551
5.98038	-0.056289	0.131068	10.6937
3.91178	-0.0587169	0.0826884	17.28
11.7504	-0.140347	0.277834	5.45154
11.7504	-0.140347	0.277834	5.45154
11.6647	-0.178696	0.267413	8.74271
11.2285	-0.179944	0.26	6.67781
9.21095	-0.104625	0.204906	14.5869
9.21095	-0.104625	0.204906	14.5869
8.74363	-0.0857483	0.216853	14.2442
7.78052	-0.0781772	0.168403	17.771
7.47255	-0.0732011	0.163073	24.5429
7.47255	-0.0732011	0.163073	24.5429
6.12978	-0.049662	0.134168	10.8373
3.8544	-0.0581966	0.0814252	17.8594
12.4685	-0.152655	0.292602	5.7427
12.4685	-0.152655	0.292602	5.7427
12.2634	-0.143509	0.289738	6.10696
9.85732	-0.105569	0.242002	15.0568
9.11368	-0.113052	0.204686	33.0675
9.11368	-0.113052	0.204686	33.0675
8.42956	-0.0966647	0.188054	37.3369
7.53909	-0.0756072	0.163246	17.5299
7.53909	-0.0756072	0.163246	17.5299
7.4093	-0.0734565	0.160347	16.6895
4.75808	-0.0627752	0.101742	14.8888
4.46655	-0.0607237	0.0953192	15.8212
12.4073	-0.156717	0.289339	5.43812
12.3219	-0.150058	0.288938	5.71002
12.075	-0.142076	0.285513	6.13433
9.76663	-0.130478	0.22075	32.8169
9.27541	-0.091622	0.228409	20.715
9.26001	-0.112789	0.207621	29.8549
8.51357	-0.0950926	0.189538	28.9476
7.76031	-0.0775153	0.168202	17.6134
7.72435	-0.0777339	0.167909	19.4334
7.52406	-0.0721979	0.163172	18.6343
4.83754	-0.062653	0.104304	14.7658
4.15649	-0.05909	0.0885774	16.2855
12.2633	-0.163973	0.284294	5.12342
12.1787	-0.151011	0.285575	5.59477
11.8978	-0.138597	0.281557	6.06943
10.3455	-0.150078	0.235411	22.8687
9.4019	-0.113927	0.21026	20.9752
8.7168	-0.0816931	0.215465	25.0802
8.64764	-0.0934384	0.191886	22.0141
7.91923	-0.0780421	0.171746	19.185
7.87048	-0.079489	0.171828	23.3812
7.58349	-0.0722132	0.164984	21.314
5.12034	-0.0641462	0.111571	13.0347
3.85981	-0.0585877	0.0820349	16.8566
12.0715	-0.181322	0.278465	5.19623
12.0705	-0.153852	0.283176	5.05836
11.7666	-0.141797	0.278831	5.92452
10.8029	-0.173812	0.247646	13.7214
9.51092	-0.115936	0.212194	15.5332
8.7703	-0.0933361	0.19408	15.8295
8.26621	-0.0755383	0.205393	16.6812
8.01509	-0.0802139	0.173923	17.9849
7.96178	-0.0816137	0.17443	25.5633
7.60544	-0.0727624	0.16587	23.8859
5.4305	-0.0596952	0.118774	11.24
3.65975	-0.0575806	0.0776116	18.895
12.0295	-0.149582	0.28217	4.89464
11.9573	-0.194814	0.275084	6.43868
11.7173	-0.141411	0.277794	5.50985
11.0063	-0.19169	0.253573	9.21322
9.5527	-0.118707	0.212957	13.815
8.81973	-0.0943173	0.194988	14.078
8.07904	-0.0773681	0.201533	18.1839
8.04713	-0.0805519	0.174643	18.2207
7.99255	-0.0820524	0.175327	27.6818
7.61033	-0.0717399	0.166094	26.027
5.57497	-0.0568861	0.121849	10.8275
3.5892	-0.0566666	0.0760405	20.4247
12.347	-0.159533	0.28773	5.39066
12.347	-0.159533	0.28773	5.39066
11.9296	-0.138469	0.282456	6.03344
9.81769	-0.129065	0.221303	25.8514
9.81769	-0.129065	0.221303	25.8514
8.66228	-0.0797997	0.214069	27.7581
8.42964	-0.0914275	0.187173	28.9173
7.99773	-0.0798869	0.174081	19.8856
7.99773	-0.0798869	0.174081	19.8856
7.66216	-0.0719768	0.166204	18.216
4.55796	-0.0611924	0.0978702	14.5423
4.0756	-0.0564154	0.0878223	16.6357
12.3047	-0.170429	0.285153	4.79707
12.2923	-0.163088	0.286433	5.12674
11.7979	-0.138727	0.279789	6.16914
10.2913	-0.147393	0.233298	19.9356
9.83396	-0.12901	0.220804	18.6122
8.42338	-0.0906894	0.186273	21.6886
8.21112	-0.0848206	0.179712	23.8417
8.19039	-0.0820479	0.178454	21.6159
8.07576	-0.0675504	0.200336	26.2504
7.73767	-0.0722021	0.168206	18.7901
4.66945	-0.0609062	0.101208	13.881
3.85601	-0.0570383	0.0831044	16.8457
12.2544	-0.164106	0.285568	4.73596
12.231	-0.18819	0.282356	4.6198
11.704	-0.142191	0.27799	6.26642
10.6295	-0.167819	0.242306	18.0644
9.82929	-0.132726	0.219914	15.6714
8.46244	-0.0923918	0.186427	16.8446
8.36361	-0.0889375	0.183958	29.4233
8.30521	-0.0839602	0.181076	20.6742
7.75619	-0.0725267	0.169046	22.119
7.60066	-0.0682664	0.189809	18.2671
4.93564	-0.0580815	0.107601	12.1427
3.64888	-0.0572549	0.0784359	19.2076
12.2408	-0.164947	0.285285	4.48289
12.1916	-0.198447	0.281033	4.63171
11.6696	-0.144693	0.27737	6.00734
10.7581	-0.174566	0.245808	17.5928
9.82411	-0.134046	0.219444	15.4454
8.48455	-0.0937447	0.186656	15.3917
8.41978	-0.0907708	0.185583	31.0908
8.34338	-0.084212	0.181939	21.0892
7.75651	-0.0723368	0.169213	24.0924
7.40129	-0.0691902	0.185658	17.0021
5.07345	-0.0555103	0.110549	11.8986
3.57157	-0.0572085	0.0766976	20.3392
12.3462	-0.174107	0.28615	4.38933
12.3462	-0.174107	0.28615	4.38933
11.7076	-0.140553	0.278199	6.74021
10.1849	-0.146651	0.229681	17.5548
10.1849	-0.146651	0.229681	17.5548
8.45155	-0.0891189	0.185309	24.5666
8.45155	-0.0891189	0.185309	24.5666
8.27588	-0.0862068	0.182304	21.9701
7.85099	-0.0704202	0.170598	19.0504
7.4616	-0.0585501	0.185952	16.6208
4.41435	-0.0583355	0.0951899	13.4462
3.93994	-0.0561031	0.0862982	15.6434
12.3764	-0.178624	0.286985	4.14654
12.3614	-0.191435	0.285616	4.03012
11.6436	-0.145086	0.277149	6.69548
10.4188	-0.157398	0.235725	20.854
10.0723	-0.146055	0.225906	20.0783
8.65631	-0.0952375	0.190986	27.896
8.59429	-0.0913877	0.188633	23.2551
8.22693	-0.0841805	0.180405	20.849
7.88768	-0.0716113	0.171722	21.0031
6.95769	-0.0641252	0.174863	15.8778
4.53883	-0.055234	0.0985506	12.0863
3.84916	-0.0579359	0.0841256	16.4267
12.3874	-0.186112	0.287429	3.97714
12.3625	-0.192236	0.285181	3.89206
11.6204	-0.150338	0.27685	6.19326
10.5018	-0.160392	0.23789	20.8964
10.0209	-0.14464	0.224139	22.6539
8.73821	-0.0984911	0.193374	30.6802
8.6416	-0.0920426	0.189733	25.1063
8.22627	-0.0833058	0.18001	20.8254
7.8859	-0.0725789	0.171886	22.1602
6.74159	-0.0675123	0.17046	17.1998
4.66528	-0.0506184	0.101269	12.174
3.78206	-0.0582897	0.0824829	17.6014
12.4446	-0.189667	0.287647	3.67672
12.4446	-0.189667	0.287647	3.67672
11.5995	-0.151234	0.276604	6.84708
10.2261	-0.150539	0.229678	26.6628
10.2261	-0.150539	0.229678	26.6628
8.83352	-0.0984585	0.195255	29.4637
8.83352	-0.0984585	0.195255	29.4637
8.08896	-0.0767183	0.176721	21.4435
7.96759	-0.071225	0.173362	20.4813
6.41632	-0.0683996	0.163046	19.1506
4.32821	-0.0598335	0.093717	10.2983
4.10035	-0.059544	0.0902952	13.0465
12.4731	-0.187795	0.288316	3.59001
12.4664	-0.184951	0.28763	3.62026
11.5833	-0.156167	0.276463	6.72949
10.279	-0.151817	0.230982	29.8212
10.1402	-0.144119	0.226833	33.3294
8.93502	-0.101982	0.198222	33.8419
8.89277	-0.101015	0.196719	30.4813
8.06294	-0.0740917	0.175747	20.6362
7.97513	-0.071975	0.173673	20.791
6.17405	-0.0679725	0.158248	21.1081
4.39477	-0.0507641	0.095184	9.56769
4.10962	-0.0634735	0.0899621	12.7942
12.5012	-0.180273	0.288404	3.60504
12.5012	-0.180273	0.288404	3.60504
11.5695	-0.15554	0.276249	6.74882
10.1802	-0.143915	0.227734	35.1401
10.1802	-0.143915	0.227734	35.1401
9.00163	-0.105302	0.199921	35.6045
9.00163	-0.105302	0.199921	35.6045
8.00701	-0.0712949	0.174294	19.9047
8.00701	-0.0712949	0.174294	19.9047
5.90997	-0.0650214	0.153354	26.5797
4.29953	-0.0563915	0.0931568	9.59655
4.29953	-0.0563915	0.0931568	9.59655
12.3748	-0.153152	0.290478	5.98391
12.3748	-0.153152	0.290478	5.98391
12.3748	-0.153152	0.290478	5.98391
9.24345	-0.0863303	0.227673	22.3459
9.11867	-0.111693	0.204539	31.0663
9.11867	-0.111693	0.204539	31.0663
9.11867	-0.111693	0.204539	31.0663
7.69886	-0.0739893	0.166761	17.334
7.69886	-0.0739893	0.166761	17.334
7.69886	-0.0739893	0.166761	17.334
4.26613	-0.0591308	0.0908994	15.8661
4.26613	-0.0591308	0.0908994	15.8661
12.4019	-0.160143	0.289253	5.46058
12.2746	-0.152395	0.288233	5.80058
12.2746	-0.152395	0.288233	5.80058
9.7335	-0.127717	0.219547	30.9877
9.13023	-0.110181	0.204225	28.6172
9.13023	-0.110181	0.204225	28.6172
8.61438	-0.077712	0.21299	24.9085
7.92849	-0.0771771	0.171906	18.5301
7.85689	-0.0755048	0.170585	19.5821
7.85689	-0.0755048	0.170585	19.5821
4.30518	-0.0590071	0.0924367	15.7835
3.81399	-0.05679	0.0809623	16.803
12.3599	-0.167723	0.286587	4.71473
12.1834	-0.154198	0.286311	5.47175
12.1834	-0.154198	0.286311	5.47175
10.2441	-0.147927	0.232464	23.7753
9.14759	-0.109065	0.203778	20.9174
9.14759	-0.109065	0.203778	20.9174
8.09487	-0.0792618	0.175628	18.6861
8.01222	-0.0656062	0.198837	27.3064
7.98818	-0.0788236	0.174122	22.7661
7.98818	-0.0788236	0.174122	22.7661
4.53268	-0.0600071	0.0984182	15.0535
3.43884	-0.0562715	0.0727427	19.614
12.2853	-0.180498	0.283639	4.42166
12.1188	-0.149734	0.284858	4.97126
12.1188	-0.149734	0.284858	4.97126
10.6036	-0.165242	0.241926	16.4603
9.16461	-0.111501	0.203422	16.8595
9.16461	-0.111501	0.203422	16.8595
8.19564	-0.0793825	0.177858	18.6545
8.07359	-0.0816156	0.176657	25.6536
8.07359	-0.0816156	0.176657	25.6536
7.52362	-0.0675349	0.187966	18.8654
4.82195	-0.059515	0.105291	12.4851
3.1855	-0.0533354	0.0671305	23.8991
12.2452	-0.202113	0.282551	4.6838
12.0953	-0.147195	0.284318	5.03196
12.0953	-0.147195	0.284318	5.03196
10.7392	-0.174349	0.245661	18.3261
9.17188	-0.112718	0.203277	15.6202
9.17188	-0.112718	0.203277	15.6202
8.22939	-0.0788073	0.178591	18.5641
8.10297	-0.0819841	0.177569	26.8148
8.10297	-0.0819841	0.177569	26.8148
7.31809	-0.0686637	0.183652	20.6551
4.96584	-0.0571075	0.108367	12.0147
3.09519	-0.0513699	0.0651089	25.6067
12.3976	-0.162466	0.289271	5.30884
12.3976	-0.162466	0.289271	5.30884
12.2249	-0.153975	0.287454	5.46648
9.66484	-0.125799	0.217211	23.6745
9.66484	-0.125799	0.217211	23.6745
9.01523	-0.106076	0.200938	26.2155
8.11528	-0.0782361	0.176362	19.1381
8.11528	-0.0782361	0.176362	19.1381
7.99075	-0.0752002	0.17352	19.8116
7.94175	-0.0656621	0.197059	35.4115
3.94378	-0.0570261	0.0843997	16.4301
3.59022	-0.0565886	0.076654	17.4142
12.4569	-0.170533	0.289041	4.42498
12.3949	-0.166775	0.289428	4.91966
12.1805	-0.152179	0.286688	5.25666
10.0864	-0.140371	0.227723	19.7317
9.57407	-0.126114	0.214147	21.2314
8.92467	-0.104328	0.19801	22.3787
8.30039	-0.0809277	0.18052	20.343
8.2974	-0.081753	0.181091	23.0823
8.1058	-0.0776167	0.176419	21.2544
7.29828	-0.0544901	0.181789	20.8403
4.01188	-0.0565678	0.0867068	16.0063
3.2455	-0.0550193	0.0692203	21.4972
12.4743	-0.179041	0.288349	3.82569
12.3936	-0.16355	0.289437	4.37793
12.1495	-0.150718	0.286155	5.12245
10.3617	-0.153003	0.234818	20.7931
9.48842	-0.124185	0.211125	22.2279
8.86652	-0.102977	0.195769	21.9213
8.4406	-0.0872627	0.185151	26.5277
8.41183	-0.0825847	0.183025	21.1556
8.18382	-0.0787112	0.178692	25.316
6.77098	-0.0569554	0.169898	16.4679
4.26074	-0.0563375	0.0927987	13.9233
2.96326	-0.0502593	0.0629196	27.7855
12.4759	-0.191131	0.288171	3.59485
12.3932	-0.159401	0.289381	4.249
12.1383	-0.147077	0.285896	5.28997
10.4584	-0.156424	0.23733	19.3402
9.45091	-0.12279	0.209751	22.5526
8.84642	-0.101262	0.194858	21.5394
8.49774	-0.0893673	0.186862	28.9301
8.44905	-0.0820781	0.183839	21.2471
8.2115	-0.0809878	0.179637	26.7544
6.54495	-0.0600271	0.165147	17.7266
4.40207	-0.053033	0.0958158	12.4853
2.85875	-0.0489502	0.0605911	29.8067
12.5373	-0.173273	0.291158	4.03936
12.5373	-0.173273	0.291158	4.03936
12.1734	-0.15485	0.286981	5.40635
9.90122	-0.139402	0.222243	22.858
9.90122	-0.139402	0.222243	22.858
8.74978	-0.100175	0.193266	25.0592
8.51555	-0.0856451	0.186058	23.7462
8.51555	-0.0856451	0.186058	23.7462
8.20682	-0.074978	0.178529	22.4616
6.61271	-0.0547312	0.165615	15.0109
3.69904	-0.0571141	0.0796622	16.2228
3.19387	-0.0540478	0.0693896	23.013
12.6181	-0.174159	0.291893	3.3667
12.5898	-0.174056	0.292537	3.74156
12.1665	-0.158301	0.287169	5.39119
10.1075	-0.145993	0.227392	21.643
9.7307	-0.128807	0.216853	30.7426
8.70278	-0.0919621	0.191263	27.8834
8.64553	-0.0879484	0.189021	23.1755
8.63636	-0.0920418	0.189733	25.7331
8.27674	-0.0768448	0.180391	24.4593
6.04022	-0.0602756	0.152616	15.196
3.79824	-0.0569063	0.0825187	13.2924
3.03061	-0.051467	0.0658881	25.9176
12.6441	-0.175459	0.292112	3.15179
12.6079	-0.171186	0.292948	3.50014
12.1638	-0.156994	0.287168	5.36214
10.1781	-0.146467	0.229132	21.7588
9.65296	-0.123744	0.214303	32.9867
8.78592	-0.0958048	0.193745	30.9129
8.68872	-0.0882678	0.189996	23.8102
8.59622	-0.0883097	0.188289	24.3822
8.30255	-0.0793505	0.181289	25.2324
5.78642	-0.0618315	0.147226	17.7001
3.93019	-0.0547998	0.0854235	11.3228
2.93884	-0.0498747	0.0637693	27.6515
12.7073	-0.170561	0.294089	3.15884
12.7073	-0.170561	0.294089	3.15884
12.1744	-0.165257	0.287799	5.40442
9.88104	-0.131901	0.22045	35.1447
9.88104	-0.131901	0.22045	35.1447
8.85963	-0.0949262	0.194934	28.3908
8.85963	-0.0949262	0.194934	28.3908
8.48993	-0.0837754	0.185747	25.2974
8.33951	-0.076722	0.181658	23.6428
5.40813	-0.0606591	0.138122	20.1947
3.54558	-0.0609588	0.0768573	16.021
3.24248	-0.0537811	0.0717221	20.6652
12.7465	-0.166376	0.294522	3.08312
12.7375	-0.171227	0.294876	3.08435
12.1765	-0.166714	0.287986	5.43075
9.93204	-0.132667	0.221672	34.7659
9.77527	-0.124246	0.217057	38.4565
8.9613	-0.0995407	0.197966	31.3552
8.9118	-0.0969286	0.196177	29.12
8.43828	-0.080044	0.184135	24.0177
8.36305	-0.0778143	0.182349	24.2765
5.10846	-0.0592434	0.13191	27.1519
3.60857	-0.0615086	0.078454	12.9001
3.25605	-0.0552227	0.0715945	19.9947
12.7808	-0.165458	0.29538	3.06814
12.7808	-0.165458	0.29538	3.06814
12.1803	-0.170994	0.288277	5.40495
9.81623	-0.124033	0.217971	38.0669
9.81623	-0.124033	0.217971	38.0669
9.02018	-0.101626	0.199407	33.0469
9.02018	-0.101626	0.199407	33.0469
8.38425	-0.0777927	0.182726	23.0309
8.38425	-0.0777927	0.182726	23.0309
4.76176	-0.0591864	0.125496	34.6391
3.49322	-0.0649711	0.0759747	13.7856
3.49322	-0.0649711	0.0759747	13.7856
12.4442	-0.166687	0.290765	5.08186
12.4442	-0.166687	0.290765	5.08186
12.4442	-0.166687	0.290765	5.08186
9.49788	-0.120377	0.21252	22.3293
9.49788	-0.120377	0.21252	22.3293
9.49788	-0.120377	0.21252	22.3293
8.25051	-0.0784086	0.179318	21.338
8.25051	-0.0784086	0.179318	21.338
8.25051	-0.0784086	0.179318	21.338
7.21294	-0.0465325	0.17941	26.7923
3.35504	-0.0555524	0.071544	19.3227
3.35504	-0.0555524	0.071544	19.3227
12.5923	-0.171418	0.29259	4.03019
12.4809	-0.171236	0.292007	4.49848
12.4809	-0.171236	0.292007	4.49848
9.85984	-0.137419	0.221503	21.0169
9.33259	-0.118605	0.207745	24.4994
9.33259	-0.118605	0.207745	24.4994
8.43831	-0.0801549	0.183497	20.2508
8.3912	-0.0804249	0.18278	22.1893
8.3912	-0.0804249	0.18278	22.1893
6.51493	-0.0490269	0.162922	15.0649
3.39639	-0.0548272	0.0731919	18.5765
2.83828	-0.0487866	0.060125	29.5583
12.6765	-0.168154	0.293312	3.38552
12.5042	-0.160941	0.292513	4.36587
12.5042	-0.160941	0.292513	4.36587
10.0851	-0.1418	0.227049	18.8901
9.19368	-0.109717	0.203355	29.9841
9.19368	-0.109717	0.203355	29.9841
8.55189	-0.0826152	0.186054	20.8483
8.5147	-0.0848523	0.186218	24.9029
8.5147	-0.0848523	0.186218	24.9029
5.93465	-0.0530338	0.149599	15.0922
3.61695	-0.0572114	0.0787604	14.7124
2.46611	-0.042843	0.0518448	37.9022
12.7037	-0.168363	0.293532	2.97288
12.5122	-0.159305	0.29273	4.34632
12.5122	-0.159305	0.29273	4.34632
10.1617	-0.142324	0.228933	20.109
9.13253	-0.104706	0.201293	29.0071
9.13253	-0.104706	0.201293	29.0071
8.5899	-0.0820319	0.18688	22.187
8.57061	-0.0871593	0.187926	27.2137
8.57061	-0.0871593	0.187926	27.2137
5.67891	-0.0505611	0.143979	15.0636
3.76089	-0.0571173	0.0819163	11.8933
2.32691	-0.0405934	0.0487347	42.5099
12.6967	-0.172042	0.295357	3.63845
12.6967	-0.172042	0.295357	3.63845
12.5449	-0.168737	0.293822	4.26899
9.63301	-0.125956	0.214939	28.0997
9.63301	-0.125956	0.214939	28.0996
9.12409	-0.108076	0.201954	30.4401
8.59533	-0.0824887	0.187337	23.7454
8.59533	-0.0824887	0.187337	23.7454
8.48755	-0.0797819	0.184814	23.2003
5.76127	-0.0538718	0.144887	14.3447
2.9844	-0.0511321	0.0640694	24.9424
2.60484	-0.0448237	0.0557276	36.0258
12.8265	-0.1585	0.29698	3.10573
12.762	-0.164664	0.296928	3.3271
12.5841	-0.167938	0.294966	4.31743
9.81678	-0.132045	0.219419	28.9613
9.43452	-0.114411	0.208979	34.1045
8.96238	-0.0976213	0.197185	29.5207
8.7497	-0.0878276	0.191547	27.7269
8.71809	-0.0837377	0.190078	23.9325
8.57927	-0.0823437	0.187182	24.2267
5.12068	-0.0555049	0.129825	15.246
3.06139	-0.0547116	0.0665419	22.216
2.28982	-0.0403476	0.048963	43.8345
12.8699	-0.144335	0.29729	2.82917
12.7842	-0.161522	0.297449	3.28835
12.5972	-0.167905	0.29536	4.34335
9.87861	-0.134084	0.220935	27.5961
9.33939	-0.106823	0.205937	32.9743
8.88815	-0.0912273	0.194803	27.2677
8.82979	-0.0933627	0.19399	30.3106
8.75907	-0.0848345	0.191008	25.2169
8.6297	-0.0848009	0.188715	27.2958
4.82551	-0.0563278	0.123342	15.6714
3.20108	-0.057975	0.0697423	17.2314
2.14385	-0.0374677	0.0457096	48.9245
12.9185	-0.151276	0.299207	2.89709
12.9185	-0.151276	0.299207	2.89709
12.6322	-0.172924	0.29648	4.20212
9.5819	-0.117798	0.212453	33.9927
9.5819	-0.117798	0.212453	33.9927
8.89012	-0.0906202	0.194756	28.2727
8.89012	-0.0906202	0.194756	28.2727
8.805	-0.0889722	0.192858	27.747
8.6326	-0.0810201	0.188199	25.9934
4.40101	-0.0534436	0.112587	19.6125
2.73852	-0.0496857	0.0592633	29.373
2.38319	-0.0424091	0.0526265	41.3965
12.9709	-0.13999	0.299814	2.78102
12.9495	-0.143442	0.299837	2.78626
12.6483	-0.172101	0.29693	4.04754
9.6315	-0.120091	0.21365	32.203
9.46449	-0.108558	0.208756	35.8996
8.98633	-0.0958676	0.197645	31.5714
8.93683	-0.0915976	0.195824	27.7132
8.73409	-0.0844267	0.190743	26.2984
8.66811	-0.0826496	0.18919	25.9178
4.03862	-0.0527233	0.104673	23.6621
2.8006	-0.0538189	0.0609347	25.497
2.36743	-0.041918	0.0521607	41.3916
13.0049	-0.139309	0.300676	2.72931
13.0049	-0.139309	0.300676	2.72931
12.6653	-0.174043	0.297469	3.97185
9.50637	-0.11046	0.209728	37.9538
9.50637	-0.11046	0.209728	37.9538
9.03868	-0.09732	0.198883	32.1515
9.03868	-0.09732	0.198883	32.1515
8.68142	-0.0825762	0.189364	25.6536
8.68142	-0.0825762	0.189364	25.6536
3.58881	-0.0471366	0.0958034	52.5059
2.65162	-0.0503921	0.0576176	31.776
2.65162	-0.0503921	0.0576176	31.776
12.8152	-0.161431	0.298289	3.22036
12.8152	-0.161431	0.298289	3.22036
12.8152	-0.161431	0.298289	3.22036
9.39436	-0.114037	0.208289	32.4463
9.39436	-0.114037	0.208289	32.4463
9.39436	-0.114037	0.208289	32.4463
8.69021	-0.0806565	0.189296	24.8975
8.69021	-0.0806565	0.189296	24.8975
8.69021	-0.0806565	0.189296	24.8975
4.93922	-0.0522512	0.124682	14.961
2.31283	-0.0410852	0.0493018	37.351
2.31283	-0.0410852	0.0493018	37.351
12.9795	-0.14458	0.300677	2.8347
12.8881	-0.154602	0.300092	3.21585
12.8881	-0.154602	0.300092	3.21585
9.55764	-0.119418	0.212179	32.4743
9.19888	-0.102729	0.202637	31.3443
9.19888	-0.102729	0.202637	31.3443
8.81269	-0.082961	0.192042	23.7896
8.79573	-0.0858685	0.192038	27.0124
8.79573	-0.0858685	0.192038	27.0124
4.22469	-0.0566834	0.107526	17.7094
2.37796	-0.0437748	0.0515387	35.0149
1.77618	-0.031928	0.0374033	59.1104
13.0346	-0.117752	0.300999	2.81395
12.9126	-0.154152	0.300745	3.20879
12.9126	-0.154152	0.300745	3.20879
9.61225	-0.122345	0.213508	34.6735
9.09895	-0.095525	0.199553	31.4922
9.09895	-0.095525	0.199553	31.4922
8.86505	-0.0900723	0.194107	29.5765
8.86505	-0.0900723	0.194107	29.5765
8.85365	-0.0833316	0.192952	23.4977
3.87692	-0.0571314	0.0996731	24.2929
2.52482	-0.0490601	0.0549845	29.7701
1.55344	-0.0274046	0.0324055	71.3613
13.0728	-0.124322	0.302678	2.7534
13.0728	-0.124322	0.302678	2.7534
12.9649	-0.151921	0.302108	3.13524
9.34212	-0.10646	0.205962	33.5565
9.34212	-0.10646	0.205962	33.5565
9.0318	-0.0941148	0.198018	31.1747
8.92588	-0.0875332	0.194949	31.0017
8.92588	-0.0875332	0.194949	31.0017
8.84403	-0.0850526	0.192937	28.2271
3.41688	-0.0529122	0.0874866	30.0745
1.92923	-0.0361375	0.0415963	51.4973
1.60813	-0.0288767	0.0348504	79.7892
13.1348	-0.108332	0.303411	2.77706
13.1042	-0.119224	0.303389	2.77417
12.9907	-0.153063	0.302832	3.0636
9.39008	-0.107785	0.207079	36.7945
9.22634	-0.0989906	0.202443	32.568
9.00693	-0.0932857	0.197366	32.0329
8.96932	-0.0880064	0.195919	30.8059
8.9475	-0.0881738	0.195523	29.7056
8.88786	-0.0870817	0.194144	29.5776
2.98145	-0.0454114	0.0772822	54.4254
1.99657	-0.0395608	0.0434185	51.7124
1.47944	-0.0265126	0.0322099	93.813
13.1684	-0.100184	0.304111	2.69304
13.1684	-0.100184	0.304111	2.69304
13.0168	-0.150076	0.303477	3.07579
9.26896	-0.0994113	0.203393	33.1908
9.26896	-0.0994113	0.203393	33.1908
9.05434	-0.0938273	0.198445	32.6114
9.05434	-0.0938273	0.198445	32.6114
8.89574	-0.0857256	0.194146	29.3258
8.89574	-0.0857256	0.194146	29.3258
2.39999	-0.0326492	0.0646973	147.509
1.78302	-0.0353974	0.0387363	65.7051
1.78302	-0.0353974	0.0387363	65.7051
13.1667	-0.108731	0.304818	2.76488
13.1667	-0.108731	0.304818	2.76488
13.1667	-0.108731	0.304818	2.76488
9.16861	-0.097773	0.201147	32.3067
9.16861	-0.097773	0.201147	32.3067
9.16861	-0.097773	0.201147	32.3067
8.97173	-0.0875256	0.195799	32.7131
8.97173	-0.0875256	0.195799	32.7131
8.97173	-0.0875256	0.195799	32.7131
2.50802	-0.0407112	0.0641219	59.5408
1.1797	-0.0223878	0.0251511	113.376
1.1797	-0.0223878	0.0251511	113.376
13.2344	-0.0856418	0.305532	2.82021
13.1983	-0.104822	0.305566	2.78118
13.1983	-0.104822	0.305566	2.78118
9.21433	-0.0983453	0.202179	34.8945
9.0764	-0.0922876	0.198449	33.014
9.0764	-0.0922876	0.198449	33.014
9.02046	-0.0908016	0.197157	33.1206
9.02046	-0.0908016	0.197157	33.1206
9.01444	-0.0876553	0.196742	33.1588
1.96577	-0.0308331	0.0508545	118.78
1.26772	-0.0252907	0.0275463	134.675
0.77728	-0.0142784	0.0161817	185.111
13.2678	-0.0815869	0.306325	2.91957
13.2678	-0.0815869	0.306325	2.91957
13.2299	-0.0958121	0.306203	2.7611
9.11951	-0.0925744	0.199405	34.7029
9.11951	-0.0925744	0.199405	34.7029
9.06479	-0.0908251	0.198139	34.1512
9.06479	-0.0908251	0.198139	34.1512
9.02517	-0.0899207	0.197083	33.744
9.02517	-0.0899207	0.197083	33.744
1.20204	-0.0165049	0.0325988	395.526
0.896127	-0.0176835	0.0194537	257.967
0.896127	-0.0176835	0.0194537	257.967
13.3012	-0.0778598	0.307124	3.06558
13.3012	-0.0778598	0.307124	3.06558
13.3012	-0.0778598	0.307124	3.06558
9.06845	-0.0900664	0.198038	34.4175
9.06845	-0.0900664	0.198038	34.4175
9.06845	-0.0900664	0.198038	34.4175
9.06845	-0.0900664	0.198038	34.4175
9.06845	-0.0900664	0.198038	34.4175
9.06845	-0.0900664	0.198038	34.4175
0	0	0	0
0	0	0	0
0	0	0	0
