1980 Out of 49152 QH, Third, Fourth Freq in rad/ps and Lifetimes in ps for a 16x16x16 Ar Lattice at 10K. (atoms/UC=4)
13.3026	-0.139278	0.317179	6.7928
13.3026	-0.139278	0.317179	6.7928
13.3026	-0.139278	0.317179	6.7928
13.3026	-0.139278	0.317179	6.7928
6.01832	-0.0632083	0.12852	14.3641
6.01832	-0.0632083	0.12852	14.3641
6.01832	-0.0632083	0.12852	14.3641
6.01832	-0.0632083	0.12852	14.3641
6.01832	-0.0632083	0.12852	14.3641
6.01832	-0.0632083	0.12852	14.3641
6.01832	-0.0632082	0.12852	14.3641
6.01832	-0.0632082	0.12852	14.3641
13.2572	-0.139542	0.316037	6.42302
13.2572	-0.139542	0.316037	6.42302
13.2572	-0.139542	0.316037	6.42302
13.2572	-0.139542	0.316037	6.42302
6.12245	-0.0688573	0.131179	15.2712
6.12245	-0.0688573	0.131179	15.2712
6.12245	-0.0688573	0.131179	15.2712
6.12245	-0.0688573	0.131179	15.2712
6.01807	-0.0639461	0.128526	15.6145
6.01807	-0.0639461	0.128526	15.6145
6.01807	-0.0639461	0.128526	15.6145
6.01807	-0.0639461	0.128526	15.6145
13.1222	-0.133285	0.312657	6.42991
13.1222	-0.133285	0.312657	6.42991
13.1222	-0.133285	0.312657	6.42991
13.1222	-0.133285	0.312657	6.42991
6.41937	-0.0773641	0.138704	16.7523
6.41937	-0.0773641	0.138704	16.7523
6.41937	-0.0773641	0.138704	16.7523
6.41937	-0.0773641	0.138704	16.7523
6.01738	-0.0645019	0.128537	16.0156
6.01738	-0.0645019	0.128537	16.0156
6.01738	-0.0645019	0.128537	16.0156
6.01738	-0.0645019	0.128537	16.0156
12.902	-0.128479	0.307172	6.59398
12.902	-0.128479	0.307172	6.59398
12.902	-0.128479	0.307172	6.59398
12.902	-0.128479	0.307172	6.59398
6.869	-0.0830397	0.149998	18.1121
6.869	-0.0830397	0.149998	18.1121
6.869	-0.0830397	0.149998	18.1121
6.869	-0.0830397	0.149998	18.1121
6.01634	-0.066292	0.128556	15.2357
6.01634	-0.066292	0.128556	15.2357
6.01634	-0.066292	0.128556	15.2357
6.01634	-0.066292	0.128556	15.2357
12.6048	-0.127933	0.299851	6.42978
12.6048	-0.127933	0.299851	6.42978
12.6048	-0.127933	0.299851	6.42978
12.6048	-0.127933	0.299851	6.42978
7.41959	-0.0896728	0.163686	18.1082
7.41959	-0.0896728	0.163686	18.1082
7.41959	-0.0896728	0.163686	18.1082
7.41959	-0.0896728	0.163686	18.1082
6.01511	-0.0658547	0.128572	15.442
6.01511	-0.0658547	0.128572	15.442
6.01511	-0.0658547	0.128572	15.442
6.01511	-0.0658547	0.128572	15.442
12.2457	-0.128203	0.291175	6.30786
12.2457	-0.128203	0.291175	6.30786
12.2457	-0.128203	0.291175	6.30786
12.2457	-0.128203	0.291175	6.30786
8.01619	-0.0949269	0.178377	21.7555
8.01619	-0.0949269	0.178377	21.7555
8.01619	-0.0949269	0.178377	21.7555
8.01619	-0.0949269	0.178377	21.7555
6.01388	-0.0645494	0.128583	15.2142
6.01388	-0.0645494	0.128583	15.2142
6.01388	-0.0645494	0.128583	15.2142
6.01388	-0.0645494	0.128583	15.2142
11.8551	-0.135021	0.282053	5.92316
11.8551	-0.135021	0.282053	5.92316
11.8551	-0.135021	0.282053	5.92316
11.8551	-0.135021	0.282053	5.92316
8.59752	-0.101752	0.192415	19.469
8.59752	-0.101752	0.192415	19.469
8.59752	-0.101752	0.192415	19.469
8.59752	-0.101752	0.192415	19.469
6.01284	-0.064199	0.128592	15.4173
6.01284	-0.064199	0.128592	15.4173
6.01284	-0.064199	0.128592	15.4173
6.01284	-0.064199	0.128592	15.4173
11.5031	-0.145111	0.274287	6.988
11.5031	-0.145111	0.274287	6.988
11.5031	-0.145111	0.274287	6.988
11.5031	-0.145111	0.274287	6.988
9.07208	-0.105348	0.203383	20.8525
9.07208	-0.105348	0.203383	20.8525
9.07208	-0.105348	0.203383	20.8525
9.07208	-0.105348	0.203383	20.8525
6.01214	-0.0647939	0.1286	15.4197
6.01214	-0.0647939	0.1286	15.4197
6.01214	-0.0647939	0.1286	15.4197
6.01214	-0.0647939	0.1286	15.4197
11.3439	-0.145597	0.270996	7.00447
11.3439	-0.145597	0.270996	7.00447
11.3439	-0.145597	0.270996	7.00447
11.3439	-0.145597	0.270996	7.00447
9.2734	-0.106812	0.207745	20.2195
9.2734	-0.106812	0.207745	20.2195
9.2734	-0.106812	0.207745	20.2195
9.2734	-0.106812	0.207745	20.2195
6.0119	-0.0653406	0.128601	14.9436
6.0119	-0.0653406	0.128601	14.9436
6.0119	-0.0653406	0.128601	14.9436
6.0119	-0.0653406	0.128601	14.9436
13.2574	-0.13943	0.315709	6.50249
13.2574	-0.13943	0.315709	6.50249
13.1669	-0.136949	0.314105	6.6692
13.1669	-0.136949	0.314105	6.6692
6.30711	-0.0720149	0.135837	16.7035
6.30711	-0.0720149	0.135837	16.7035
6.11016	-0.0680779	0.130628	15.8355
6.11016	-0.0680779	0.130628	15.8355
6.03486	-0.0686303	0.128983	14.7601
6.03486	-0.0686303	0.128983	14.7601
6.03008	-0.0669496	0.129092	16.2859
6.03008	-0.0669496	0.129092	16.2859
13.1673	-0.137924	0.313128	6.4782
13.1673	-0.137924	0.313128	6.4782
12.9893	-0.131278	0.309987	6.85514
12.9893	-0.131278	0.309987	6.85514
6.67794	-0.0793769	0.145118	18.0481
6.67794	-0.0793769	0.145118	18.0481
6.2307	-0.0727605	0.134146	15.9908
6.2307	-0.0727605	0.134146	15.9908
6.18772	-0.0693134	0.132419	16.2036
6.18772	-0.0693134	0.132419	16.2036
5.96076	-0.0675786	0.127423	15.175
5.96076	-0.0675786	0.127423	15.175
12.9895	-0.137362	0.3084	6.22644
12.9895	-0.137362	0.3084	6.22644
12.7305	-0.125524	0.30385	6.54722
12.7305	-0.125524	0.30385	6.54722
7.18975	-0.0880599	0.157838	19.3333
7.18975	-0.0880599	0.157838	19.3333
6.59517	-0.0786185	0.143386	16.0265
6.59517	-0.0786185	0.143386	16.0265
6.24894	-0.0696783	0.133845	16.3952
6.24894	-0.0696783	0.133845	16.3952
5.89703	-0.0661738	0.126019	14.7285
5.89703	-0.0661738	0.126019	14.7285
12.7303	-0.136709	0.301739	6.1979
12.7303	-0.136709	0.301739	6.1979
12.4008	-0.12046	0.295997	6.64407
12.4008	-0.12046	0.295997	6.64407
7.78485	-0.0940654	0.172525	19.7441
7.78485	-0.0940654	0.172525	19.7441
7.07926	-0.0808923	0.155484	16.7408
7.07926	-0.0808923	0.155484	16.7408
6.29949	-0.0679422	0.135024	16.2534
6.29949	-0.0679422	0.135024	16.2534
5.84129	-0.0650655	0.124813	14.9661
5.84129	-0.0650655	0.124813	14.9661
12.4019	-0.135139	0.293556	5.91824
12.4019	-0.135139	0.293556	5.91824
12.0177	-0.119733	0.286976	6.29955
12.0177	-0.119733	0.286976	6.29955
8.4116	-0.103339	0.187903	21.7455
8.4116	-0.103339	0.187903	21.7455
7.62589	-0.0870177	0.16897	19.1712
7.62589	-0.0870177	0.16897	19.1712
6.33974	-0.0682799	0.135964	16.2745
6.33974	-0.0682799	0.135964	16.2745
5.79525	-0.0636169	0.123826	14.8765
5.79525	-0.0636169	0.123826	14.8765
12.0302	-0.140626	0.284654	5.92168
12.0302	-0.140626	0.284654	5.92168
11.6152	-0.129734	0.277773	6.12859
11.6152	-0.129734	0.277773	6.12859
9.01538	-0.111186	0.202492	20.3071
9.01538	-0.111186	0.202492	20.3071
8.16829	-0.093198	0.182048	18.9993
8.16829	-0.093198	0.182048	18.9993
6.36913	-0.0682904	0.136653	16.0566
6.36913	-0.0682904	0.136653	16.0566
5.76078	-0.0628338	0.123093	14.2844
5.76078	-0.0628338	0.123093	14.2844
11.68	-0.149335	0.276769	6.06258
11.68	-0.149335	0.276769	6.06258
11.2666	-0.139592	0.270183	7.14349
11.2666	-0.139592	0.270183	7.14349
9.51221	-0.116659	0.21402	19.5732
9.51221	-0.116659	0.21402	19.5732
8.60988	-0.0941444	0.192219	21.1303
8.60988	-0.0941444	0.192219	21.1303
6.38704	-0.0681602	0.137074	15.8911
6.38704	-0.0681602	0.137074	15.8911
5.73942	-0.0625247	0.122642	14.495
5.73942	-0.0625247	0.122642	14.495
11.5138	-0.14787	0.273317	6.51903
11.5138	-0.14787	0.273317	6.51903
11.1151	-0.139308	0.267065	8.21133
11.1151	-0.139308	0.267065	8.21133
9.72836	-0.116461	0.218697	18.2721
9.72836	-0.116461	0.218697	18.2721
8.79388	-0.0963547	0.196213	21.6765
8.79388	-0.0963547	0.196213	21.6765
6.39306	-0.0674022	0.137214	15.9085
6.39306	-0.0674022	0.137214	15.9085
5.73218	-0.06105	0.12249	13.9015
5.73218	-0.06105	0.12249	13.9015
13.123	-0.139788	0.311378	6.20676
13.123	-0.139788	0.311378	6.20676
12.773	-0.124834	0.305216	6.89104
12.773	-0.124834	0.305216	6.89104
7.0656	-0.0851045	0.154746	18.9735
7.0656	-0.0851045	0.154746	18.9735
6.3739	-0.07193	0.136693	16.6572
6.3739	-0.07193	0.136693	16.6572
6.08162	-0.0708064	0.130249	15.3193
6.08162	-0.0708064	0.130249	15.3193
6.06387	-0.0692744	0.13067	17.6815
6.06387	-0.0692744	0.13067	17.6815
12.9902	-0.140936	0.307476	6.27981
12.9902	-0.140936	0.307476	6.27981
12.4809	-0.120573	0.298545	6.71365
12.4809	-0.120573	0.298545	6.71365
7.58462	-0.0925677	0.167517	20.3617
7.58462	-0.0925677	0.167517	20.3617
6.52443	-0.0721368	0.140184	16.1147
6.52443	-0.0721368	0.140184	16.1147
6.35183	-0.0744504	0.137581	15.5271
6.35183	-0.0744504	0.137581	15.5271
5.93382	-0.0669639	0.127313	15.5246
5.93382	-0.0669639	0.127313	15.5246
12.7733	-0.139913	0.301588	6.09952
12.7733	-0.139913	0.301588	6.09952
12.1248	-0.117122	0.290316	6.76016
12.1248	-0.117122	0.290316	6.76016
8.18391	-0.100438	0.182182	21.5635
8.18391	-0.100438	0.182182	21.5635
6.76101	-0.0760641	0.147863	15.8349
6.76101	-0.0760641	0.147863	15.8349
6.64077	-0.0731076	0.142898	16.0644
6.64077	-0.0731076	0.142898	16.0644
5.81393	-0.0643219	0.124601	14.7904
5.81393	-0.0643219	0.124601	14.7904
12.4817	-0.141533	0.294047	5.94782
12.4817	-0.141533	0.294047	5.94782
11.7248	-0.120022	0.281108	6.64795
11.7248	-0.120022	0.281108	6.64795
8.81072	-0.109977	0.197486	22.0168
8.81072	-0.109977	0.197486	22.0168
7.24635	-0.0800875	0.15984	17.43
7.24635	-0.0800875	0.15984	17.43
6.72916	-0.0718031	0.144961	16.8368
6.72916	-0.0718031	0.144961	16.8368
5.7152	-0.0620945	0.122399	13.8771
5.7152	-0.0620945	0.122399	13.8771
12.1364	-0.14454	0.285532	5.78807
12.1364	-0.14454	0.285532	5.78807
11.3173	-0.124416	0.271923	6.99375
11.3173	-0.124416	0.271923	6.99375
9.41417	-0.118775	0.212075	20.9172
9.41417	-0.118775	0.212075	20.9172
7.7389	-0.0825967	0.171677	18.6515
7.7389	-0.0825967	0.171677	18.6515
6.79195	-0.0711226	0.146427	16.4821
6.79195	-0.0711226	0.146427	16.4821
5.64129	-0.0601015	0.120765	13.608
5.64129	-0.0601015	0.120765	13.608
11.794	-0.153606	0.277628	5.83993
11.794	-0.153606	0.277628	5.83993
10.9765	-0.133077	0.264574	8.01171
10.9765	-0.133077	0.264574	8.01171
9.91845	-0.126167	0.223843	17.2459
9.91845	-0.126167	0.223843	17.2459
8.14042	-0.0842267	0.180889	20.0101
8.14042	-0.0842267	0.180889	20.0101
6.82965	-0.0715298	0.147308	16.5774
6.82965	-0.0715298	0.147308	16.5774
5.59544	-0.0596377	0.119759	13.006
5.59544	-0.0596377	0.119759	13.006
11.6218	-0.15613	0.274024	5.88272
11.6218	-0.15613	0.274024	5.88272
10.8332	-0.130904	0.261627	9.80455
10.8332	-0.130904	0.261627	9.80455
10.1458	-0.125934	0.228765	16.9675
10.1458	-0.125934	0.228765	16.9675
8.30565	-0.0835475	0.184475	21.4637
8.30565	-0.0835475	0.184475	21.4637
6.84224	-0.0701698	0.1476	16.4215
6.84224	-0.0701698	0.1476	16.4215
5.5799	-0.0598566	0.119419	12.7375
5.5799	-0.0598566	0.119419	12.7375
12.9036	-0.141088	0.304437	5.90532
12.9036	-0.141088	0.304437	5.90532
12.1618	-0.116607	0.291483	6.91521
12.1618	-0.116607	0.291483	6.91521
8.06972	-0.100947	0.17934	23.2833
8.06972	-0.100947	0.17934	23.2833
6.77817	-0.0733141	0.146082	16.3223
6.77817	-0.0733141	0.146082	16.3223
6.15065	-0.0703574	0.132082	13.964
6.15065	-0.0703574	0.132082	13.964
6.11579	-0.0695804	0.132917	16.5287
6.11579	-0.0695804	0.132917	16.5287
12.7323	-0.144782	0.299408	5.71218
12.7323	-0.144782	0.299408	5.71218
11.7867	-0.115041	0.283033	7.00526
11.7867	-0.115041	0.283033	7.00526
8.62692	-0.106893	0.192863	22.5732
8.62692	-0.106893	0.192863	22.5732
6.9821	-0.0738324	0.150875	18.2327
6.9821	-0.0738324	0.150875	18.2327
6.46808	-0.0714978	0.140866	14.9874
6.46808	-0.0714978	0.140866	14.9874
5.94156	-0.0640395	0.128146	14.8324
5.94156	-0.0640395	0.128146	14.8324
12.4829	-0.144766	0.292655	5.71885
12.4829	-0.144766	0.292655	5.71885
11.3771	-0.116848	0.273773	7.48102
11.3771	-0.116848	0.273773	7.48102
9.21578	-0.116677	0.207165	21.9602
9.21578	-0.116677	0.207165	21.9602
7.13486	-0.075315	0.154493	18.6095
7.13486	-0.075315	0.154493	18.6095
6.88719	-0.0726595	0.151224	16.3276
6.88719	-0.0726595	0.151224	16.3276
5.78382	-0.0604959	0.124506	13.9137
5.78382	-0.0604959	0.124506	13.9137
12.1717	-0.151544	0.284719	5.52113
12.1717	-0.151544	0.284719	5.52113
10.9713	-0.120641	0.264728	7.82614
10.9713	-0.120641	0.264728	7.82614
9.78983	-0.128585	0.221056	19.7111
9.78983	-0.128585	0.221056	19.7111
7.324	-0.0743523	0.161673	16.8743
7.324	-0.0743523	0.161673	16.8743
7.241	-0.0753996	0.157016	18.3397
7.241	-0.0753996	0.157016	18.3397
5.66495	-0.0580826	0.1218	12.7402
5.66495	-0.0580826	0.1218	12.7402
11.8451	-0.156309	0.276939	5.71561
11.8451	-0.156309	0.276939	5.71561
10.6421	-0.125372	0.257676	9.53041
10.6421	-0.125372	0.257676	9.53041
10.2819	-0.137591	0.232631	16.1332
10.2819	-0.137591	0.232631	16.1332
7.68173	-0.0740613	0.169827	19.0826
7.68173	-0.0740613	0.169827	19.0826
7.3037	-0.0769597	0.158507	18.355
7.3037	-0.0769597	0.158507	18.355
5.59089	-0.0565774	0.120126	12.0198
5.59089	-0.0565774	0.120126	12.0198
11.6681	-0.165043	0.273191	5.45743
11.6681	-0.165043	0.273191	5.45743
10.5152	-0.138587	0.237705	13.8623
10.5152	-0.138587	0.237705	13.8623
10.5073	-0.12187	0.254901	9.77937
10.5073	-0.12187	0.254901	9.77937
7.82775	-0.0727457	0.172983	19.4272
7.82775	-0.0727457	0.172983	19.4272
7.32447	-0.076548	0.159	17.8479
7.32447	-0.076548	0.159	17.8479
5.56572	-0.0560958	0.119559	11.3836
5.56572	-0.0560958	0.119559	11.3836
12.6083	-0.143747	0.295294	5.7306
12.6083	-0.143747	0.295294	5.7306
11.4007	-0.11702	0.274509	7.7327
11.4007	-0.11702	0.274509	7.7327
9.1145	-0.11418	0.204595	21.0047
9.1145	-0.11418	0.204595	21.0047
7.27994	-0.0777707	0.157942	19.1103
7.27994	-0.0777707	0.157942	19.1103
6.23063	-0.0663691	0.134189	13.2581
6.23063	-0.0663691	0.134189	13.2581
6.18115	-0.0625912	0.135362	17.198
6.18115	-0.0625912	0.135362	17.198
12.406	-0.146265	0.289464	5.38359
12.406	-0.146265	0.289464	5.38359
10.9895	-0.113903	0.265329	8.22553
10.9895	-0.113903	0.265329	8.22553
9.63006	-0.125228	0.217042	21.9932
9.63006	-0.125228	0.217042	21.9932
7.51304	-0.0804593	0.163546	19.9418
7.51304	-0.0804593	0.163546	19.9418
6.5616	-0.066175	0.143402	15.297
6.5616	-0.066175	0.143402	15.297
5.98529	-0.0596414	0.129737	14.0829
5.98529	-0.0596414	0.129737	14.0829
12.137	-0.156724	0.282315	5.48103
12.137	-0.156724	0.282315	5.48103
10.5916	-0.118266	0.256572	9.64092
10.5916	-0.118266	0.256572	9.64092
10.1419	-0.137478	0.22943	19.0145
10.1419	-0.137478	0.22943	19.0145
7.67694	-0.0814787	0.16752	20.4138
7.67694	-0.0814787	0.16752	20.4138
6.94145	-0.0661413	0.152467	15.91
6.94145	-0.0661413	0.152467	15.91
5.81908	-0.0566426	0.125825	12.5718
5.81908	-0.0566426	0.125825	12.5718
11.8362	-0.16282	0.274885	5.48516
11.8362	-0.16282	0.274885	5.48516
10.5965	-0.149334	0.240235	13.303
10.5965	-0.149334	0.240235	13.303
10.2771	-0.116136	0.249854	11.3179
10.2771	-0.116136	0.249854	11.3179
7.77366	-0.0827603	0.169875	21.4059
7.77366	-0.0827603	0.169875	21.4059
7.25513	-0.0651201	0.159554	15.8201
7.25513	-0.0651201	0.159554	15.8201
5.71467	-0.0532072	0.123397	11.3536
5.71467	-0.0532072	0.123397	11.3536
11.6573	-0.173961	0.27099	5.54741
11.6573	-0.173961	0.27099	5.54741
10.8281	-0.148864	0.245319	12.3538
10.8281	-0.148864	0.245319	12.3538
10.151	-0.116585	0.247273	11.6714
10.151	-0.116585	0.247273	11.6714
7.80559	-0.0824105	0.170654	21.9744
7.80559	-0.0824105	0.170654	21.9744
7.38259	-0.0650545	0.162285	16.2586
7.38259	-0.0650545	0.162285	16.2586
5.67904	-0.0510315	0.122572	10.9314
5.67904	-0.0510315	0.122572	10.9314
12.2543	-0.159249	0.284664	4.79334
12.2543	-0.159249	0.284664	4.79334
10.5845	-0.116059	0.25643	9.09069
10.5845	-0.116059	0.25643	9.09069
10.0527	-0.137264	0.227158	21.3385
10.0527	-0.137264	0.227158	21.3385
7.82935	-0.0841056	0.17126	21.4888
7.82935	-0.0841056	0.17126	21.4888
6.30912	-0.0620186	0.136244	12.3871
6.30912	-0.0620186	0.136244	12.3871
6.25567	-0.0558597	0.137532	18.2859
6.25567	-0.0558597	0.137532	18.2859
12.0361	-0.170241	0.278502	5.38326
12.0361	-0.170241	0.278502	5.38326
10.4729	-0.150301	0.237293	17.754
10.4729	-0.150301	0.237293	17.754
10.2003	-0.115434	0.248042	11.5975
10.2003	-0.115434	0.248042	11.5975
8.06276	-0.0878952	0.177039	24.2287
8.06276	-0.0878952	0.177039	24.2287
6.61178	-0.0598742	0.14452	14.1636
6.61178	-0.0598742	0.14452	14.1636
6.06751	-0.0511113	0.13191	12.7393
6.06751	-0.0511113	0.13191	12.7393
11.775	-0.17565	0.271732	5.61894
11.775	-0.17565	0.271732	5.61894
10.86	-0.162239	0.246587	12.0793
10.86	-0.162239	0.246587	12.0793
9.90271	-0.107029	0.241734	13.4361
9.90271	-0.107029	0.241734	13.4361
8.20419	-0.0899123	0.180574	24.5655
8.20419	-0.0899123	0.180574	24.5655
6.88467	-0.0595964	0.150649	13.5959
6.88467	-0.0595964	0.150649	13.5959
5.93302	-0.045915	0.128673	11.0887
5.93302	-0.045915	0.128673	11.0887
11.6	-0.183324	0.267749	5.77158
11.6	-0.183324	0.267749	5.77158
11.0779	-0.166009	0.251453	10.4358
11.0779	-0.166009	0.251453	10.4358
9.78538	-0.10632	0.239354	13.8434
9.78538	-0.10632	0.239354	13.8434
8.25138	-0.0900413	0.18176	23.7539
8.25138	-0.0900413	0.18176	23.7539
6.99546	-0.0604024	0.152998	13.1072
6.99546	-0.0604024	0.152998	13.1072
5.88688	-0.0436434	0.127571	11.0682
5.88688	-0.0436434	0.127571	11.0682
11.8764	-0.177495	0.273528	5.79702
11.8764	-0.177495	0.273528	5.79702
10.7854	-0.164226	0.244769	14.435
10.7854	-0.164226	0.244769	14.435
9.83396	-0.106303	0.240113	14.1228
9.83396	-0.106303	0.240113	14.1228
8.3653	-0.0935536	0.184674	24.9286
8.3653	-0.0935536	0.184674	24.9286
6.37452	-0.0581042	0.137957	11.7869
6.37452	-0.0581042	0.137957	11.7869
6.33415	-0.0515717	0.138961	15.5416
6.33415	-0.0515717	0.138961	15.5416
11.6737	-0.18438	0.26789	5.95058
11.6737	-0.18438	0.26789	5.95058
11.0747	-0.178648	0.251749	10.7069
11.0747	-0.178648	0.251749	10.7069
9.55409	-0.101154	0.23428	15.7484
9.55409	-0.101154	0.23428	15.7484
8.55802	-0.0975062	0.189629	27.802
8.55802	-0.0975062	0.189629	27.802
6.59555	-0.0554781	0.143694	12.6527
6.59555	-0.0554781	0.143694	12.6527
6.19069	-0.047163	0.134579	12.8698
6.19069	-0.047163	0.134579	12.8697
11.5165	-0.194547	0.264093	6.46131
11.5165	-0.194547	0.264093	6.46131
11.2598	-0.182402	0.255982	8.59809
11.2598	-0.182402	0.255982	8.59809
9.445	-0.0988474	0.232104	15.8995
9.445	-0.0988474	0.232104	15.8995
8.62414	-0.0981624	0.191347	28.5291
8.62414	-0.0981624	0.191347	28.5291
6.6929	-0.0559706	0.145742	11.8738
6.6929	-0.0559706	0.145742	11.8738
6.13492	-0.04295	0.133207	13.3535
6.13492	-0.04295	0.133207	13.3535
11.5486	-0.194943	0.263914	6.45857
11.5486	-0.194943	0.263914	6.45857
11.2489	-0.195253	0.25594	9.48182
11.2489	-0.195253	0.25594	9.48182
9.28951	-0.0990899	0.228856	16.402
9.28951	-0.0990899	0.228856	16.402
8.79515	-0.102112	0.195871	31.3589
8.79515	-0.102112	0.195871	31.3589
6.41766	-0.0523556	0.139085	12.2911
6.41766	-0.0523556	0.139085	12.2911
6.40297	-0.0508814	0.13947	13.3119
6.40297	-0.0508814	0.13947	13.3119
11.4394	-0.202946	0.26101	7.13723
11.4394	-0.202946	0.26101	7.13723
11.3703	-0.200501	0.258793	7.56267
11.3703	-0.200501	0.258793	7.56267
9.18694	-0.0975066	0.226851	18.7838
9.18694	-0.0975066	0.226851	18.7838
8.87939	-0.104807	0.19813	31.346
8.87939	-0.104807	0.19813	31.346
6.49939	-0.0540141	0.141094	12.5963
6.49939	-0.0540141	0.141094	12.5963
6.34664	-0.0495607	0.137739	13.9924
6.34664	-0.0495607	0.137739	13.9924
11.4073	-0.208852	0.259756	7.39824
11.4073	-0.208852	0.259756	7.39824
11.4073	-0.208852	0.259756	7.39824
11.4073	-0.208852	0.259756	7.39824
9.08701	-0.0962045	0.224912	25.6126
9.08701	-0.0962045	0.224912	25.6126
8.97164	-0.107483	0.20064	30.8491
8.97164	-0.107483	0.20064	30.8491
6.43271	-0.0515838	0.139482	13.7557
6.43271	-0.0515838	0.139482	13.7557
6.43271	-0.0515838	0.139482	13.7557
6.43271	-0.0515838	0.139482	13.7557
13.2133	-0.137366	0.314603	6.49069
13.2133	-0.137366	0.314603	6.49069
13.2133	-0.137366	0.314603	6.49069
13.03	-0.126504	0.311334	6.78571
6.35261	-0.0743391	0.137095	16.9065
6.35261	-0.0743391	0.137095	16.9065
6.35261	-0.0743391	0.137095	16.9065
6.16263	-0.0705705	0.131852	14.6934
6.16263	-0.0705705	0.131852	14.6934
6.16263	-0.0705705	0.131852	14.6934
5.90379	-0.0688246	0.126056	14.2687
5.90379	-0.0688246	0.126056	14.2687
13.1676	-0.13983	0.312809	6.2851
13.0825	-0.135508	0.311329	6.50978
13.0825	-0.135508	0.311329	6.50978
12.807	-0.121706	0.306402	6.94255
6.83331	-0.0838977	0.149019	19.4449
6.5817	-0.0782302	0.142873	18.2207
6.5817	-0.0782302	0.142873	18.2207
6.2826	-0.0697546	0.134555	15.4206
6.21345	-0.0701899	0.133119	15.7294
6.21345	-0.0701899	0.133119	15.7294
5.98682	-0.0702211	0.128331	15.3199
5.77437	-0.0664727	0.123184	14.1378
13.0305	-0.139809	0.308785	6.18761
12.8693	-0.130629	0.30603	6.36758
12.8693	-0.130629	0.30603	6.36758
12.5056	-0.119961	0.299494	6.93333
7.42352	-0.0924741	0.163601	20.3009
6.99449	-0.0849945	0.153115	18.6906
6.99449	-0.0849945	0.153115	18.6906
6.39086	-0.0700663	0.137001	16.4057
6.26007	-0.0753024	0.135379	15.2858
6.22591	-0.069228	0.133511	15.5937
6.22591	-0.069228	0.133511	15.5937
5.65191	-0.0641621	0.120492	13.5397
12.806	-0.138909	0.302692	6.04029
12.5822	-0.130534	0.29898	6.10471
12.5822	-0.130534	0.29898	6.10471
12.1374	-0.115798	0.290952	6.64485
8.075	-0.0993049	0.17963	22.2437
7.51385	-0.0884507	0.165919	18.7323
7.51385	-0.0884507	0.165919	18.7323
6.67818	-0.0755369	0.145937	15.4877
6.48403	-0.0711026	0.13911	16.6011
6.2289	-0.0682483	0.133659	15.7251
6.2289	-0.0682483	0.133659	15.7251
5.54186	-0.0647306	0.118094	13.4687
12.503	-0.139831	0.294846	5.88492
12.2369	-0.130594	0.290655	5.99621
12.2369	-0.130594	0.290655	5.99621
11.7224	-0.118327	0.281362	6.71581
8.74341	-0.110845	0.196031	21.62
8.08031	-0.0945694	0.179776	20.3914
8.08031	-0.0945694	0.179776	20.3914
7.18074	-0.0785907	0.158408	17.3543
6.55938	-0.0698627	0.140815	16.139
6.22928	-0.0671711	0.13373	16.0009
6.22928	-0.0671711	0.13373	16.0009
5.44951	-0.064472	0.11609	13.6488
12.1413	-0.145161	0.285909	5.90034
11.8639	-0.137083	0.281962	5.86613
11.8639	-0.137083	0.281962	5.86613
11.297	-0.127555	0.271769	6.8085
9.38304	-0.120706	0.211564	20.3854
8.632	-0.100756	0.193023	19.6598
8.632	-0.100756	0.193023	19.6598
7.69492	-0.0838601	0.170837	18.5612
6.61474	-0.0709625	0.142069	16.0174
6.22888	-0.0658201	0.133768	15.6763
6.22888	-0.0658201	0.133768	15.6763
5.37964	-0.062182	0.114578	13.3309
11.7764	-0.155793	0.277513	5.93309
11.5324	-0.142855	0.274629	6.61451
11.5324	-0.142855	0.274629	6.61451
10.9374	-0.130429	0.263984	8.41468
9.92115	-0.126773	0.224157	17.4219
9.07874	-0.105984	0.203316	20.3873
9.07874	-0.105984	0.203316	20.3873
8.11817	-0.0843552	0.180582	20.1878
6.64858	-0.0698296	0.142836	15.9757
6.22843	-0.0654377	0.133789	15.5422
6.22843	-0.0654377	0.133789	15.5422
5.33605	-0.0625055	0.113639	13.6399
11.5875	-0.152963	0.273577	5.94469
11.3851	-0.14672	0.271589	6.80218
11.3851	-0.14672	0.271589	6.80218
10.7843	-0.131514	0.260835	9.80419
10.1689	-0.126518	0.22949	17.4678
9.26574	-0.104201	0.207376	19.414
9.26574	-0.104201	0.207376	19.414
8.29422	-0.0838024	0.184402	23.4022
6.65996	-0.0709344	0.143091	15.559
6.22824	-0.0645625	0.133795	15.6339
6.22824	-0.0645625	0.133795	15.6339
5.32124	-0.0621262	0.11332	13.6371
13.0832	-0.140067	0.310388	6.19658
13.0832	-0.140067	0.310388	6.19658
12.916	-0.134448	0.307493	6.23153
12.5414	-0.11845	0.3007	7.27114
7.09347	-0.0874463	0.155531	20.6317
7.09347	-0.0874463	0.155531	20.6317
6.57646	-0.0791786	0.143174	19.8778
6.42828	-0.0716484	0.13793	15.9274
6.42828	-0.0716484	0.13793	15.9274
6.32815	-0.0719385	0.135751	15.2118
5.82399	-0.0692212	0.124509	14.7607
5.71345	-0.065905	0.122179	14.4331
12.9908	-0.141542	0.307179	6.17483
12.9172	-0.13631	0.305972	6.33246
12.6739	-0.127913	0.301789	6.47846
12.2012	-0.11291	0.293108	7.32003
7.71503	-0.0963271	0.170782	22.0521
7.492	-0.0909633	0.165306	19.9725
6.83417	-0.0808913	0.149456	18.6566
6.60264	-0.073035	0.141868	16.2596
6.5509	-0.071703	0.140873	16.2276
6.33617	-0.0708337	0.136236	16.1233
5.96723	-0.0723995	0.12846	14.757
5.5561	-0.0643986	0.118668	14.3124
12.8071	-0.142743	0.301808	5.88688
12.6764	-0.135576	0.299799	5.962
12.367	-0.124325	0.29453	6.18513
11.7999	-0.111284	0.283989	7.62466
8.38869	-0.104945	0.187271	23.3976
7.99556	-0.0950016	0.177543	19.9843
7.26309	-0.0818074	0.159894	18.9138
6.74574	-0.0724734	0.145106	16.7754
6.63699	-0.0711528	0.143002	16.9195
6.30478	-0.0739952	0.137115	14.1981
6.28897	-0.0684674	0.135338	15.9487
5.38609	-0.0653276	0.114883	13.8759
12.5375	-0.14337	0.294503	5.81559
12.374	-0.137382	0.292301	5.84332
12.0132	-0.127534	0.286266	6.03996
11.359	-0.11448	0.273963	7.07128
9.07137	-0.117215	0.204001	23.7175
8.54542	-0.102762	0.190851	20.683
7.75711	-0.0877964	0.171878	19.764
6.85884	-0.0731145	0.147664	16.066
6.74884	-0.0721591	0.148194	15.7123
6.69668	-0.0704413	0.144497	16.6931
6.24268	-0.0660014	0.13438	15.5184
5.24096	-0.063393	0.111682	13.8247
12.1955	-0.146653	0.285753	5.61328
12.0374	-0.143218	0.284265	6.00923
11.6469	-0.131191	0.277902	6.38895
10.9171	-0.122138	0.264061	7.96154
9.72444	-0.129279	0.219945	19.8892
9.0801	-0.109692	0.203619	20.6059
8.24582	-0.0903951	0.1835	19.2002
7.22198	-0.0731778	0.159638	17.4151
6.94092	-0.0735382	0.149521	16.265
6.73673	-0.0705612	0.145507	17.1504
6.20666	-0.0629394	0.133625	15.5383
5.13021	-0.062763	0.109254	13.7292
11.8224	-0.158173	0.276905	5.68709
11.7304	-0.148127	0.277316	5.99102
11.3375	-0.135359	0.271169	6.73247
10.5517	-0.124213	0.256148	9.54871
10.2903	-0.140255	0.233354	15.666
9.51408	-0.113148	0.213618	18.455
8.63733	-0.0936443	0.192444	18.9478
7.61771	-0.0743079	0.168742	20.1388
6.99076	-0.0733109	0.150648	16.0535
6.76003	-0.070655	0.146098	16.7102
6.18406	-0.0616935	0.13315	15.6267
5.06072	-0.0625355	0.107736	13.3296
11.6035	-0.161133	0.272356	5.79659
11.591	-0.151363	0.274398	5.91625
11.2067	-0.143105	0.268495	7.7036
10.5743	-0.139785	0.239443	14.2928
10.399	-0.121506	0.252997	11.1111
9.69707	-0.114767	0.217603	17.8026
8.79685	-0.0950293	0.195909	20.3297
7.78248	-0.0725746	0.172313	22.4781
7.00747	-0.0731299	0.151024	16.3642
6.7677	-0.070101	0.146292	16.8168
6.17637	-0.0620175	0.132989	15.5117
5.03703	-0.061954	0.10722	13.2069
12.8722	-0.141266	0.30366	6.0133
12.8722	-0.141266	0.30366	6.0133
12.4111	-0.125567	0.295871	6.51378
11.8276	-0.107947	0.28493	7.34
8.08517	-0.100643	0.179774	23.2496
8.08517	-0.100643	0.179774	23.2496
6.82264	-0.0723609	0.147048	17.3319
6.82264	-0.0723609	0.147048	17.3319
6.77547	-0.0783283	0.14868	18.6417
6.50175	-0.0713801	0.139885	15.6115
5.77736	-0.0691849	0.123803	13.7913
5.56772	-0.0671121	0.119829	14.6886
12.7342	-0.143026	0.299152	5.65762
12.68	-0.141532	0.298431	5.74805
12.093	-0.12213	0.288617	6.43273
11.3991	-0.108542	0.27536	7.46748
8.73355	-0.109825	0.195568	23.2182
8.53268	-0.102939	0.19052	23.316
7.04262	-0.0770008	0.154812	19.3939
7.03704	-0.0752543	0.151947	17.3615
7.00796	-0.0748985	0.151533	18.2182
6.46841	-0.0685299	0.13965	15.6218
5.96764	-0.0695627	0.129098	13.6735
5.39644	-0.0658344	0.115854	14.2089
12.5059	-0.147327	0.292598	5.6836
12.4254	-0.144125	0.291878	5.64339
11.74	-0.125442	0.280569	6.78979
10.9386	-0.111538	0.264986	8.1884
9.39412	-0.122997	0.211737	23.1551
9.02527	-0.110067	0.2023	22.3927
7.45285	-0.0793971	0.164512	18.5696
7.20027	-0.0755493	0.155686	17.1627
7.14624	-0.0752563	0.154953	18.652
6.37536	-0.0638134	0.137734	15.1485
6.3406	-0.0672613	0.138554	14.1175
5.19885	-0.0631804	0.111338	13.9438
12.1948	-0.149266	0.284317	5.38693
12.1326	-0.15161	0.284671	5.90258
11.3877	-0.12447	0.272679	7.07663
10.4861	-0.117869	0.254868	10.4486
10.0313	-0.137868	0.227391	20.4619
9.51038	-0.117538	0.213796	20.5905
7.87225	-0.0823113	0.174322	18.1651
7.31589	-0.0761509	0.158337	18.2201
7.24035	-0.0757201	0.157312	18.7163
6.76404	-0.0649465	0.148816	15.3392
6.29887	-0.0587492	0.136066	15.3862
5.04342	-0.062309	0.107845	13.3001
11.8589	-0.151328	0.278307	5.92059
11.8244	-0.161882	0.275171	5.85548
11.1028	-0.131277	0.266597	7.24611
10.6038	-0.150588	0.241222	13.7345
10.1193	-0.111192	0.246898	11.9284
9.90831	-0.126385	0.222955	17.0351
8.20666	-0.083052	0.181855	17.9784
7.38511	-0.0761128	0.159922	17.6034
7.29496	-0.075547	0.158688	19.4939
7.12641	-0.0634203	0.157126	17.5894
6.25036	-0.0572982	0.134997	15.7715
4.94485	-0.0619616	0.105646	12.907
11.7323	-0.154516	0.275598	5.28689
11.5627	-0.172277	0.269694	6.09376
10.9871	-0.136441	0.264245	8.33093
10.9339	-0.151413	0.248299	12.3258
10.0777	-0.125415	0.226656	14.8224
9.96835	-0.107721	0.243781	12.2491
8.34038	-0.0834549	0.184741	17.8207
7.40817	-0.0754402	0.16045	17.5282
7.31287	-0.0752557	0.159141	19.8192
7.27799	-0.0634542	0.1604	19.457
6.23379	-0.0568661	0.134631	15.9326
4.91108	-0.0615687	0.104896	12.5932
12.5917	-0.144488	0.294906	5.50159
12.5917	-0.144488	0.294906	5.50159
11.7738	-0.124631	0.281558	6.83238
10.9502	-0.115793	0.265432	8.48313
9.11396	-0.113939	0.204604	23.5428
9.11396	-0.113939	0.204604	23.5428
7.31194	-0.0768088	0.158576	18.8781
7.31194	-0.0768088	0.158576	18.8781
6.93113	-0.0699946	0.15286	23.0601
6.66897	-0.067551	0.143893	14.2251
5.75791	-0.0679407	0.123754	12.7541
5.48316	-0.0648227	0.119096	13.9753
12.4125	-0.150415	0.289318	5.40122
12.3894	-0.152091	0.289412	5.23539
11.4306	-0.119411	0.273903	7.38763
10.4767	-0.114346	0.254807	10.2357
9.71213	-0.128192	0.219227	23.5323
9.52077	-0.12115	0.214196	23.3762
7.54311	-0.0791621	0.163965	20.0472
7.53816	-0.0795489	0.164175	20.9729
7.18405	-0.0728507	0.158174	18.862
6.60038	-0.0624351	0.143023	15.1396
5.97662	-0.0638792	0.129853	12.069
5.31622	-0.0628896	0.114951	13.2885
12.1487	-0.154293	0.283238	5.6657
12.1455	-0.162524	0.281853	5.2549
11.0994	-0.122039	0.266658	7.49275
10.2974	-0.14568	0.233703	19.4019
10.0192	-0.110127	0.244559	13.1482
9.92308	-0.129425	0.223605	20.1289
7.70466	-0.0810362	0.167744	19.7059
7.7011	-0.0820242	0.168289	21.7806
7.5291	-0.0737297	0.165933	17.2812
6.48453	-0.0556535	0.140546	15.908
6.34059	-0.058828	0.13882	13.2433
5.12282	-0.0612396	0.110393	12.7663
11.9195	-0.158562	0.27775	5.34515
11.799	-0.16704	0.272797	5.77439
10.8423	-0.163692	0.247236	12.5829
10.8411	-0.131365	0.261249	8.28489
10.2566	-0.135048	0.231227	15.101
9.65419	-0.100018	0.236635	13.4714
7.80766	-0.0740906	0.172062	16.4309
7.80022	-0.082283	0.16998	19.5513
7.79798	-0.0831708	0.170764	22.0417
6.6664	-0.0577713	0.146288	14.2008
6.40762	-0.0532271	0.13882	15.9231
4.99559	-0.0611297	0.107469	11.9761
11.8128	-0.163116	0.275397	5.11147
11.4696	-0.176205	0.265731	6.37208
11.239	-0.161739	0.255851	10.1616
10.7393	-0.129384	0.259188	9.52673
10.3994	-0.13607	0.234354	14.13
9.50585	-0.0963706	0.233571	12.6232
7.91781	-0.0735211	0.174399	16.1743
7.83187	-0.0822935	0.170721	19.0795
7.83001	-0.082195	0.171586	23.0718
6.80416	-0.057084	0.149245	14.098
6.3811	-0.0527453	0.13822	16.3581
4.95158	-0.0625134	0.106467	12.0712
12.2666	-0.161402	0.284985	5.206
12.2666	-0.161402	0.284985	5.206
11.1065	-0.116641	0.266879	7.81996
10.024	-0.136916	0.226441	22.6278
10.024	-0.136916	0.226441	22.6278
9.99687	-0.106246	0.244024	12.8056
7.84909	-0.0842828	0.171569	21.3333
7.84909	-0.0842828	0.171569	21.3333
7.02719	-0.0660107	0.155028	22.8525
6.81571	-0.0623007	0.147426	13.6276
5.75677	-0.0640829	0.124111	11.5885
5.47621	-0.0604392	0.119923	13.1641
12.0879	-0.16545	0.280132	5.24499
12.0597	-0.170319	0.278738	5.39114
10.8021	-0.121223	0.260399	8.56998
10.5181	-0.152892	0.238721	17.6794
10.3179	-0.143028	0.233125	17.2771
9.53907	-0.0977666	0.233786	15.1825
8.08708	-0.0867654	0.17764	23.6544
8.07054	-0.0866027	0.176874	22.8263
7.23728	-0.0662706	0.158888	16.6627
6.72551	-0.056638	0.146087	16.0064
5.97824	-0.0567015	0.130179	11.8417
5.33517	-0.0594413	0.116041	12.0703
11.9187	-0.172966	0.275904	5.13232
11.7755	-0.177802	0.270759	6.01416
10.9816	-0.174814	0.25059	11.1356
10.5717	-0.125601	0.255642	10.0948
10.5559	-0.15023	0.238406	13.7923
9.17786	-0.0917807	0.226001	17.0331
8.23655	-0.089845	0.181529	26.0174
8.20221	-0.0884699	0.180041	22.7726
7.46308	-0.0669295	0.163616	14.3111
6.6214	-0.0532237	0.143783	16.6553
6.26387	-0.0545684	0.136827	12.538
5.1875	-0.058354	0.11244	10.9148
11.8417	-0.176063	0.274117	5.19262
11.4829	-0.17919	0.261925	8.55983
11.3353	-0.183244	0.260788	6.57212
10.6559	-0.153307	0.240553	11.7728
10.483	-0.122352	0.25386	10.568
9.03225	-0.0905921	0.223026	14.8835
8.28732	-0.0908191	0.182863	26.4399
8.24582	-0.0884021	0.181092	22.4164
7.55274	-0.0646457	0.165464	14.1999
6.58445	-0.0507254	0.142934	16.7534
6.38836	-0.0534768	0.139493	12.1128
5.13467	-0.0612848	0.111192	10.4485
11.9576	-0.179236	0.275582	5.43406
11.9576	-0.179236	0.275582	5.43406
10.6889	-0.160934	0.242322	14.8398
10.6889	-0.160934	0.242322	14.8398
10.528	-0.123058	0.254675	10.7299
9.08436	-0.0892252	0.223682	20.7648
8.37516	-0.0930224	0.184723	25.4992
8.37516	-0.0930224	0.184723	25.4992
7.05744	-0.062359	0.154915	18.3331
6.92983	-0.0593281	0.150189	13.9155
5.76444	-0.0581102	0.124591	11.1922
5.55582	-0.0524307	0.121945	11.1097
11.8703	-0.187157	0.273186	5.34924
11.7803	-0.188162	0.27007	6.06553
11.0126	-0.182394	0.250737	11.2213
10.8018	-0.166344	0.244447	12.0286
10.3247	-0.12102	0.250533	12.2418
8.72732	-0.0839145	0.216095	17.3971
8.5798	-0.0972655	0.190151	26.9017
8.55179	-0.0960587	0.18911	25.5556
7.19608	-0.0630347	0.15709	13.8763
6.84391	-0.0560883	0.148748	16.1392
5.94821	-0.0525418	0.129377	11.5958
5.4611	-0.0500072	0.118921	9.95155
11.8348	-0.186727	0.272288	5.1493
11.6606	-0.193189	0.266374	6.50949
11.1815	-0.198045	0.255462	8.10781
10.8425	-0.171734	0.245141	10.7482
10.2478	-0.120538	0.249005	12.4391
8.65237	-0.0986918	0.192111	28.8766
8.61114	-0.0967418	0.190592	26.8924
8.5837	-0.0857991	0.21323	16.2749
7.26922	-0.0641634	0.158529	13.0742
6.79736	-0.0541832	0.147686	16.652
6.06047	-0.0518923	0.131801	11.5614
5.40315	-0.0503726	0.117447	8.7163
11.8032	-0.19754	0.270399	5.50883
11.8032	-0.19754	0.270399	5.50883
10.9791	-0.182342	0.249007	11.6154
10.9791	-0.182342	0.249007	11.6154
10.1433	-0.114939	0.246873	13.1207
8.79973	-0.102101	0.195787	29.9833
8.79973	-0.102101	0.195787	29.9833
8.3728	-0.0820556	0.208714	19.3261
7.0416	-0.0608014	0.15344	15.9806
7.0021	-0.0585986	0.151957	14.462
5.7727	-0.0516446	0.124965	10.9568
5.69451	-0.0466508	0.124178	11.4318
11.8149	-0.203324	0.270656	5.1245
11.7686	-0.202961	0.269081	5.28375
11.0487	-0.19073	0.250888	11.9737
10.9557	-0.186016	0.248004	11.6268
10.0752	-0.114267	0.245534	13.9445
8.8915	-0.104448	0.198327	32.0428
8.87563	-0.104486	0.197756	30.8616
8.22963	-0.0844014	0.205942	23.1396
7.08882	-0.0603901	0.154102	14.8384
6.96322	-0.058023	0.151245	15.7843
5.8492	-0.0498376	0.12683	11.0769
5.662	-0.0421378	0.122913	10.7164
11.8048	-0.206409	0.269986	4.89855
11.8048	-0.206409	0.269986	4.89855
10.9937	-0.192936	0.248984	12.7214
10.9937	-0.192936	0.248984	12.7214
10.0105	-0.110401	0.244265	14.6144
8.97534	-0.107761	0.200544	31.8317
8.97534	-0.107761	0.200544	31.8317
8.08611	-0.0830927	0.20322	23.2282
7.02684	-0.0587885	0.152569	15.1512
7.02684	-0.0587885	0.152569	15.1512
5.77609	-0.0443741	0.125102	11.7651
5.77609	-0.0443741	0.125102	11.7651
12.9656	-0.138434	0.307458	6.16185
12.9656	-0.138434	0.307458	6.16185
12.9656	-0.138434	0.307458	6.16185
12.2281	-0.115456	0.294098	6.91807
7.2018	-0.0876288	0.158406	22.1841
7.2018	-0.0876288	0.158406	22.1841
7.2018	-0.0876288	0.158406	22.1841
6.556	-0.0730617	0.140845	16.0687
6.556	-0.0730617	0.140845	16.0687
6.556	-0.0730617	0.140845	16.0687
5.56423	-0.0665697	0.118736	14.6323
5.56423	-0.0665697	0.118736	14.6323
12.9194	-0.141397	0.305103	6.14222
12.7748	-0.133877	0.302746	6.10091
12.7748	-0.133877	0.302746	6.10091
11.8431	-0.107313	0.285636	7.55958
7.89275	-0.0992425	0.175229	25.9742
7.44717	-0.0893426	0.164441	21.5405
7.44717	-0.0893426	0.164441	21.5405
6.75886	-0.0723477	0.145385	15.5726
6.67166	-0.0720513	0.143628	15.7017
6.67166	-0.0720513	0.143628	15.7017
5.62809	-0.0701083	0.120664	14.401
5.31279	-0.0642159	0.113169	14.4804
12.7773	-0.144218	0.300474	6.02414
12.52	-0.1338	0.296542	5.81477
12.52	-0.1338	0.296542	5.81477
11.401	-0.104488	0.275716	7.76812
8.60952	-0.110197	0.192713	24.5893
7.83042	-0.0909421	0.173592	21.2139
7.83042	-0.0909421	0.173592	21.2139
6.93161	-0.0737291	0.149252	16.4267
6.7343	-0.0695587	0.145329	16.7787
6.7343	-0.0695587	0.145329	16.7787
5.88058	-0.0710073	0.127269	14.1141
5.08143	-0.0637209	0.108075	13.9583
12.5413	-0.143788	0.293702	5.6254
12.2179	-0.138384	0.289334	5.72097
12.2179	-0.138384	0.289334	5.72097
10.9247	-0.115618	0.264973	8.23427
9.31982	-0.123354	0.210139	23.897
8.28561	-0.0939915	0.184404	21.3754
8.28561	-0.0939915	0.184404	21.3754
7.07013	-0.0746866	0.152353	16.1651
6.76309	-0.0678593	0.14622	17.6962
6.76309	-0.0678593	0.14622	17.6962
6.26581	-0.0695862	0.136976	13.0813
4.88278	-0.0630215	0.10372	14.406
12.2178	-0.14929	0.285077	5.47592
11.8999	-0.140021	0.281939	6.32398
11.8999	-0.140021	0.281939	6.32398
10.4544	-0.115789	0.254405	10.1302
9.996	-0.136671	0.2268	20.4892
8.73805	-0.0984732	0.195005	19.1649
8.73805	-0.0984732	0.195005	19.1649
7.17129	-0.0736622	0.154616	16.4855
6.77627	-0.0673843	0.146687	17.789
6.77627	-0.0673843	0.146687	17.789
6.70406	-0.0637475	0.147608	15.5053
4.72939	-0.0626901	0.100368	14.9592
11.8268	-0.16487	0.275415	5.73961
11.6296	-0.142143	0.27595	6.3871
11.6296	-0.142143	0.27595	6.3871
10.604	-0.150551	0.241552	13.5494
10.0701	-0.10743	0.246018	12.3796
9.09827	-0.103041	0.203174	19.6759
9.09827	-0.103041	0.203174	19.6759
7.23286	-0.0729229	0.155994	15.8065
7.08279	-0.0635159	0.156319	18.7769
6.78203	-0.0668755	0.146916	17.6436
6.78203	-0.0668755	0.146916	17.6436
4.63223	-0.0617269	0.0982494	14.3904
11.5344	-0.172257	0.269369	6.3269
11.5154	-0.146061	0.273583	5.88592
11.5154	-0.146061	0.273583	5.88592
10.9696	-0.149045	0.249312	11.8375
9.91065	-0.104216	0.242715	11.9591
9.24386	-0.104761	0.206337	17.5758
9.24386	-0.104761	0.206337	17.5758
7.25354	-0.0728603	0.156454	15.4765
7.24271	-0.0639449	0.15978	20.858
6.78365	-0.0664609	0.146986	17.9312
6.78365	-0.0664609	0.146986	17.9312
4.59893	-0.0626122	0.0975252	13.9775
12.7797	-0.140238	0.301384	5.74532
12.7797	-0.140238	0.301384	5.74532
12.5691	-0.13162	0.297983	6.22872
11.4174	-0.106632	0.276387	8.20498
8.13707	-0.0996865	0.181166	24.8101
8.13707	-0.0996865	0.181166	24.8101
7.49742	-0.0856205	0.165927	25.7255
6.94326	-0.0731796	0.14969	16.9781
6.94326	-0.0731796	0.14969	16.9781
6.82178	-0.071061	0.147009	16.0395
5.39305	-0.0672768	0.115289	14.5294
5.18506	-0.065335	0.110746	14.2733
12.6869	-0.143834	0.297713	5.67043
12.5796	-0.138655	0.296292	5.49047
12.3114	-0.133597	0.292005	6.0033
10.9396	-0.110863	0.265766	8.11783
8.84987	-0.110994	0.198492	27.0967
8.45797	-0.100423	0.188739	26.525
7.70922	-0.0862638	0.170879	24.7207
7.16408	-0.0743221	0.154643	16.8669
7.10735	-0.0735188	0.153719	17.8568
6.90371	-0.0697983	0.149133	16.0089
5.49864	-0.0683211	0.118406	14.0236
4.94252	-0.0629867	0.105423	14.6106
12.4967	-0.147809	0.291801	5.36221
12.3344	-0.145203	0.290265	5.69862
12.0205	-0.134508	0.285289	6.37455
10.4335	-0.115761	0.25433	10.2394
9.5505	-0.126952	0.215689	26.6972
8.83425	-0.103837	0.197481	23.725
8.04541	-0.08691	0.178538	21.9743
7.33718	-0.0749893	0.15853	16.8349
7.22876	-0.0743196	0.156865	18.9636
6.91345	-0.0664663	0.149721	18.2987
5.80785	-0.0696226	0.126384	12.7922
4.69164	-0.0616827	0.099855	14.9235
12.2111	-0.156293	0.283783	5.2695
12.0729	-0.14522	0.284026	6.01418
11.7293	-0.131003	0.278701	6.35051
10.2146	-0.144287	0.2322	20.4965
9.94059	-0.10548	0.243166	14.3789
9.21327	-0.108114	0.206169	20.0867
8.40525	-0.0896206	0.186683	19.8686
7.46207	-0.0769664	0.161335	16.9384
7.30819	-0.0738782	0.159006	20.3004
6.8989	-0.0648197	0.149637	19.2994
6.19961	-0.0608998	0.135952	11.6837
4.49179	-0.0615417	0.0954415	14.8559
11.8509	-0.147884	0.278992	5.75287
11.8343	-0.167629	0.273879	5.86509
11.496	-0.134048	0.273666	6.52129
10.8236	-0.163499	0.247491	12.2161
9.54188	-0.0994363	0.234425	14.9048
9.51565	-0.112555	0.212921	16.92
8.69156	-0.0924158	0.193001	17.2591
7.5376	-0.0761072	0.16303	16.3511
7.35257	-0.0731804	0.160231	20.8566
6.88437	-0.0639693	0.149445	19.822
6.55352	-0.0527835	0.144066	14.3973
4.3634	-0.0610659	0.0926153	15.0942
11.758	-0.146056	0.277001	5.32607
11.4155	-0.17336	0.265088	6.63079
11.4025	-0.1444	0.271765	6.22609
11.3207	-0.163881	0.25811	10.9677
9.63695	-0.114027	0.215541	15.2668
9.37743	-0.0950264	0.231008	13.0795
8.80446	-0.0935033	0.195415	16.818
7.56289	-0.0760497	0.163597	17.1671
7.36683	-0.0736092	0.160628	21.167
6.87876	-0.0633407	0.149362	20.3598
6.7057	-0.0508915	0.147338	16.7125
4.3191	-0.0619848	0.0916422	15.3484
12.5435	-0.148388	0.293786	5.14552
12.5435	-0.148388	0.293786	5.14552
12.0628	-0.13131	0.286478	6.61699
10.4317	-0.11186	0.254454	10.1937
9.11302	-0.114196	0.204616	28.3975
9.11302	-0.114196	0.204616	28.3975
7.69143	-0.0827024	0.17063	28.5873
7.40302	-0.0757516	0.160412	18.1231
7.40302	-0.0757516	0.160412	18.1231
7.06416	-0.0694775	0.15267	15.8867
5.26209	-0.0662472	0.112824	13.7963
4.89071	-0.0633514	0.105219	15.0227
12.4118	-0.157851	0.289068	5.34909
12.3612	-0.154208	0.289075	5.6456
11.7937	-0.129202	0.280475	6.73691
9.90146	-0.102142	0.242374	14.5947
9.75927	-0.131048	0.220477	26.5827
9.39387	-0.117114	0.210948	25.848
7.84935	-0.0803312	0.173886	24.6983
7.62779	-0.0786637	0.16552	18.5172
7.61257	-0.0788313	0.165698	21.1655
7.11061	-0.0672692	0.154079	17.1953
5.40308	-0.0662802	0.116909	13.3129
4.67929	-0.061871	0.100523	14.8805
12.1873	-0.162098	0.282274	5.21278
12.1658	-0.152951	0.284247	5.68401
11.5361	-0.130041	0.274847	6.47326
10.3674	-0.149793	0.235715	20.1564
9.66791	-0.122337	0.216968	19.6968
9.39066	-0.0954535	0.230752	18.7233
8.10111	-0.0828257	0.179138	19.3617
7.78647	-0.0799925	0.16913	18.5479
7.76965	-0.0815441	0.169818	22.841
7.08025	-0.0639682	0.153772	19.6294
5.73011	-0.0641239	0.125123	11.5328
4.44763	-0.0606506	0.0952585	14.5665
12.0029	-0.157532	0.280449	5.25922
11.8816	-0.172255	0.273614	5.95741
11.3394	-0.132781	0.270741	6.68055
10.9092	-0.173097	0.249771	11.1459
9.88332	-0.12359	0.221575	15.5336
8.98061	-0.0856843	0.221744	17.603
8.31527	-0.0835271	0.183614	16.0528
7.8812	-0.0794468	0.171285	18.7785
7.86483	-0.0824612	0.172383	24.6601
7.04509	-0.0631743	0.153159	20.7159
6.05291	-0.0557392	0.132566	10.8792
4.29102	-0.0620637	0.0917381	15.0132
11.9364	-0.15643	0.278977	4.95472
11.619	-0.181523	0.265605	8.15399
11.2636	-0.142872	0.269238	6.71885
11.2515	-0.178289	0.259655	6.77739
9.96839	-0.126826	0.22335	14.028
8.81209	-0.0872502	0.218257	15.3005
8.39956	-0.0844973	0.185347	15.7464
7.91272	-0.0808332	0.172003	18.7277
7.8965	-0.0825371	0.173247	24.7447
7.03139	-0.0620827	0.152901	20.4883
6.19577	-0.049948	0.135618	11.1128
4.23619	-0.0619323	0.0905098	15.2361
12.3002	-0.160875	0.285882	5.38683
12.3002	-0.160875	0.285882	5.38683
11.5563	-0.127293	0.275411	7.02142
9.94201	-0.132828	0.224365	23.9101
9.94201	-0.132828	0.224365	23.9101
9.35234	-0.0950854	0.229807	19.115
7.90671	-0.0832597	0.172507	19.8559
7.90671	-0.0832597	0.172507	19.8559
7.76001	-0.0773055	0.17172	27.6037
7.2688	-0.0659958	0.157472	15.2783
5.16862	-0.0648512	0.111217	12.8422
4.73021	-0.0604002	0.102936	15.5718
12.1835	-0.162409	0.282825	5.10039
12.1602	-0.16982	0.280996	4.98616
11.3368	-0.127441	0.270824	7.24433
10.4474	-0.152325	0.237077	18.2189
10.0917	-0.136262	0.227244	18.4336
8.82729	-0.0828211	0.217835	21.4189
8.13868	-0.0867583	0.178557	23.3937
8.11304	-0.0854939	0.1773	21.1939
7.85052	-0.0762704	0.172998	19.232
7.28125	-0.0646909	0.158155	17.7442
5.33007	-0.0632065	0.115757	11.7881
4.5782	-0.0583378	0.0993363	14.3332
12.0918	-0.166097	0.280606	4.74242
11.9725	-0.184251	0.275155	5.64802
11.1752	-0.133329	0.26758	7.34063
10.8613	-0.17527	0.247958	12.1844
10.1946	-0.140652	0.229027	14.1576
8.40701	-0.0768235	0.20862	16.9568
8.29251	-0.0898579	0.182709	27.9572
8.23519	-0.0865089	0.180141	21.7439
7.99158	-0.07611	0.175555	15.3208
7.23329	-0.0628498	0.157353	20.2438
5.60988	-0.0573051	0.122391	11.0701
4.41246	-0.0615283	0.0954174	13.7917
12.0563	-0.173584	0.279804	4.67098
11.8577	-0.193335	0.271594	6.04236
11.1146	-0.14404	0.266406	7.84312
11.0526	-0.193744	0.253308	8.81707
10.2322	-0.143413	0.229632	12.5677
8.3464	-0.090672	0.184194	27.719
8.27564	-0.0875826	0.181083	21.1956
8.23409	-0.08004	0.205066	16.8798
8.05144	-0.0778652	0.176685	13.3943
7.21144	-0.0623949	0.156924	20.8392
5.74267	-0.0529677	0.125238	11.0923
4.35092	-0.0620097	0.0939906	13.7675
12.1403	-0.17844	0.280223	4.78082
12.1403	-0.17844	0.280223	4.78082
11.1559	-0.129151	0.267225	7.74075
10.4616	-0.154032	0.23651	15.3728
10.4616	-0.154032	0.23651	15.3728
8.40429	-0.0921154	0.184899	25.8418
8.40429	-0.0921154	0.184899	25.8418
8.28984	-0.0712124	0.205595	21.7809
7.70879	-0.074322	0.169431	20.9395
7.4238	-0.0628579	0.161128	15.9086
5.10761	-0.0613103	0.110268	11.3008
4.7461	-0.0568909	0.104221	13.9898
12.1303	-0.185958	0.279917	4.51838
12.0694	-0.194025	0.277333	4.96499
11.0257	-0.139441	0.264694	8.65309
10.734	-0.17312	0.243645	14.9722
10.4391	-0.158326	0.235048	14.0683
8.6139	-0.0964464	0.190601	27.6145
8.56339	-0.094689	0.188716	25.4087
7.85764	-0.0719249	0.196215	16.4274
7.74314	-0.074319	0.169382	16.5407
7.41053	-0.0641738	0.161169	17.8846
5.2599	-0.0537447	0.114281	11.2382
4.67231	-0.060672	0.102005	11.4963
12.1277	-0.190171	0.279853	4.56741
12.0317	-0.196895	0.275926	4.86111
10.9776	-0.13799	0.263772	9.13438
10.8398	-0.182865	0.246533	15.1266
10.4237	-0.158427	0.234272	14.2736
8.69196	-0.0976468	0.19279	29.706
8.61627	-0.0956786	0.189987	25.9261
7.78231	-0.0750747	0.169981	15.3455
7.67814	-0.0744109	0.192589	17.0441
7.38283	-0.0635137	0.160638	18.5379
5.38077	-0.0520033	0.116916	11.4923
4.61317	-0.0640364	0.100496	11.9148
12.1383	-0.200787	0.278981	4.43705
12.1383	-0.200787	0.278981	4.43705
10.9183	-0.1371	0.262635	9.89916
10.5998	-0.168156	0.239146	16.4269
10.5998	-0.168156	0.239146	16.4269
8.81298	-0.100373	0.195554	29.5985
8.81298	-0.100373	0.195554	29.5985
7.60501	-0.0690009	0.165901	17.5284
7.52038	-0.0648759	0.163428	16.6194
7.40969	-0.0750994	0.186665	17.2961
5.07368	-0.0498221	0.109761	10.3913
4.92344	-0.0482495	0.107738	9.85591
12.1628	-0.199578	0.279571	4.25971
12.1375	-0.195008	0.278524	4.33465
10.8788	-0.134178	0.261883	9.96208
10.6567	-0.170255	0.240628	19.1999
10.5399	-0.16813	0.237121	18.7848
8.91077	-0.10369	0.198341	32.4617
8.88035	-0.103136	0.197242	30.8652
7.61168	-0.067892	0.165694	16.4364
7.50736	-0.064888	0.163265	17.685
7.21981	-0.0727559	0.182984	21.0625
5.145	-0.0465595	0.111482	10.9021
4.91432	-0.0537684	0.106934	8.99231
12.173	-0.191616	0.279385	4.07032
12.173	-0.191616	0.279385	4.07032
10.8424	-0.131212	0.261192	10.3624
10.5789	-0.169273	0.238075	24.4386
10.5789	-0.169273	0.238075	24.4386
8.98588	-0.107179	0.20027	33.6511
8.98588	-0.107179	0.20027	33.6511
7.55317	-0.0658856	0.164216	16.5163
7.55317	-0.0658856	0.164216	16.5163
7.02239	-0.0713691	0.179319	27.5387
5.06286	-0.048021	0.109604	9.3968
5.06286	-0.048021	0.109604	9.3968
12.6313	-0.141327	0.297784	5.76409
12.6313	-0.141327	0.297784	5.76409
12.6313	-0.141327	0.297784	5.76409
10.9429	-0.106761	0.266113	8.29303
8.24147	-0.0988412	0.183766	29.1375
8.24147	-0.0988412	0.183766	29.1375
8.24147	-0.0988412	0.183766	29.1375
7.1036	-0.0734844	0.153294	16.5426
7.1036	-0.0734844	0.153294	16.5426
7.1036	-0.0734844	0.153294	16.5426
5.0117	-0.0642332	0.10685	14.598
5.0117	-0.0642332	0.10685	14.598
12.5953	-0.145033	0.29526	5.53216
12.4372	-0.143709	0.29315	5.66476
12.4372	-0.143709	0.29315	5.66476
10.4202	-0.115182	0.254454	12.2503
8.97617	-0.11199	0.201529	32.5298
8.4165	-0.0978636	0.187795	31.5013
8.4165	-0.0978636	0.187795	31.5013
7.34152	-0.0749118	0.158602	16.6319
7.25521	-0.0722988	0.156921	17.215
7.25521	-0.0722988	0.156921	17.215
5.05997	-0.0655209	0.108509	14.853
4.6507	-0.060748	0.0988828	14.8265
12.4609	-0.153331	0.290458	5.30669
12.2147	-0.143335	0.287904	6.00239
12.2147	-0.143335	0.287904	6.00239
9.87377	-0.100526	0.241954	16.1924
9.67672	-0.128947	0.218715	32.3437
8.6572	-0.0988047	0.193075	25.2676
8.6572	-0.0988047	0.193075	25.2676
7.53107	-0.0763856	0.162831	17.2644
7.36487	-0.0725362	0.15982	19.137
7.36487	-0.0725362	0.15982	19.137
5.29653	-0.0666363	0.114763	14.2576
4.33111	-0.0597168	0.0918518	15.3526
12.2315	-0.159376	0.283497	5.24698
11.9929	-0.141146	0.282809	6.07017
11.9929	-0.141146	0.282809	6.07017
10.3222	-0.148133	0.234894	21.7385
9.34582	-0.0950539	0.229886	18.625
8.91872	-0.100099	0.19869	20.5344
8.91872	-0.100099	0.19869	20.5344
7.66886	-0.076919	0.165903	17.5465
7.43007	-0.0728933	0.161738	21.9195
7.43007	-0.0728933	0.161738	21.9195
5.64415	-0.0656249	0.123387	11.7609
4.07685	-0.0587481	0.0862658	16.2854
11.9207	-0.17628	0.27467	5.46225
11.8186	-0.143841	0.278985	5.61668
11.8186	-0.143841	0.278985	5.61668
10.8871	-0.171526	0.249579	11.1069
9.12875	-0.103445	0.203109	16.0644
9.12875	-0.103445	0.203109	16.0644
8.91978	-0.0843618	0.220476	18.1935
7.75248	-0.0763233	0.167766	16.6253
7.46275	-0.0728038	0.162781	23.0252
7.46275	-0.0728038	0.162781	23.0252
5.98038	-0.0566815	0.13112	10.5742
3.91178	-0.0590078	0.0826401	17.3809
11.7504	-0.139664	0.277543	5.42733
11.7504	-0.139664	0.277543	5.42733
11.6647	-0.178595	0.266853	8.50199
11.2285	-0.178981	0.259426	6.53031
9.21095	-0.104486	0.204804	14.4056
9.21095	-0.104486	0.204804	14.4056
8.74363	-0.0854701	0.216815	14.0799
7.78052	-0.078123	0.168391	17.6932
7.47255	-0.0729869	0.163108	23.8404
7.47255	-0.0729869	0.163108	23.8404
6.12978	-0.0502349	0.1343	10.6834
3.8544	-0.0583026	0.0813795	17.8378
12.4685	-0.152463	0.292053	5.64754
12.4685	-0.152463	0.292053	5.64754
12.2634	-0.143107	0.289249	6.01155
9.85732	-0.105159	0.241727	14.7791
9.11368	-0.112953	0.20458	32.162
9.11368	-0.112953	0.20458	32.162
8.42956	-0.0963588	0.188	35.969
7.53909	-0.0756619	0.163258	17.3498
7.53909	-0.0756619	0.163258	17.3498
7.4093	-0.0734947	0.16035	16.5154
4.75808	-0.0630567	0.101715	14.7775
4.46655	-0.0609452	0.0952973	15.8381
12.4073	-0.156296	0.288812	5.36971
12.3219	-0.149645	0.288468	5.64855
12.075	-0.14152	0.285042	6.06069
9.76663	-0.130439	0.220564	31.0668
9.27541	-0.0913514	0.228297	20.4209
9.26001	-0.112672	0.207524	28.6753
8.51357	-0.0948395	0.189488	28.3988
7.76031	-0.0776614	0.168209	17.3931
7.72435	-0.0778021	0.167918	19.2835
7.52406	-0.0721995	0.163199	18.2755
4.83754	-0.062901	0.104275	14.6887
4.15649	-0.0593144	0.0885468	16.3232
12.2633	-0.163461	0.283747	5.05731
12.1787	-0.150678	0.285113	5.5456
11.8978	-0.138376	0.281177	6.02115
10.3455	-0.150049	0.235117	21.6148
9.4019	-0.113896	0.210145	20.5444
8.7168	-0.0814426	0.215427	24.283
8.64764	-0.0934572	0.191859	21.4611
7.91923	-0.0780098	0.171766	18.7735
7.87048	-0.0794462	0.171848	22.8457
7.58349	-0.0722831	0.165016	20.8052
5.12034	-0.0643296	0.111512	12.9668
3.85981	-0.0588354	0.081979	16.9136
12.0715	-0.180161	0.277773	5.10411
12.0705	-0.153044	0.282689	4.99897
11.7666	-0.141357	0.278428	5.86855
10.8029	-0.17375	0.247127	13.0319
9.51092	-0.115442	0.212046	15.2126
8.7703	-0.0930683	0.194056	15.492
8.26621	-0.0755125	0.205424	16.4408
8.01509	-0.080217	0.173913	17.9671
7.96178	-0.081588	0.174441	25.1375
7.60544	-0.0726099	0.165893	23.2866
5.4305	-0.0599952	0.118752	11.1557
3.65975	-0.0577327	0.0775491	18.9574
12.0295	-0.148896	0.281794	4.85944
11.9573	-0.19457	0.27426	6.17068
11.7173	-0.140047	0.277433	5.45592
11.0063	-0.190609	0.25279	8.75357
9.5527	-0.118106	0.212753	13.4365
8.81973	-0.0937837	0.194945	13.761
8.07904	-0.0770215	0.201516	18.0798
8.04713	-0.0806843	0.174631	18.0914
7.99255	-0.0821385	0.175341	26.7715
7.61033	-0.071548	0.166139	24.9878
5.57497	-0.0571089	0.12184	10.7299
3.5892	-0.0566442	0.0759845	20.413
12.347	-0.15948	0.287177	5.30991
12.347	-0.15948	0.287177	5.30991
11.9296	-0.137805	0.282046	5.98779
9.81769	-0.12895	0.221131	24.7127
9.81769	-0.12895	0.221131	24.7127
8.66228	-0.0795872	0.214044	26.9069
8.42964	-0.0913531	0.187131	28.0219
7.99773	-0.0802288	0.174104	19.5062
7.99773	-0.0802288	0.174104	19.5062
7.66216	-0.0719176	0.16622	17.8041
4.55796	-0.0613971	0.097832	14.4855
4.0756	-0.0566556	0.0878186	16.6214
12.3047	-0.169896	0.284517	4.71204
12.2923	-0.162991	0.285852	5.05103
11.7979	-0.138184	0.279392	6.12072
10.2913	-0.147322	0.233019	19.4824
9.83396	-0.128936	0.220612	18.2318
8.42338	-0.0905122	0.186197	21.2491
8.21112	-0.0846485	0.179718	23.292
8.19039	-0.0819434	0.178473	21.055
8.07576	-0.0672522	0.200436	25.3493
7.73767	-0.0722779	0.168215	18.5218
4.66945	-0.0610827	0.101163	13.8369
3.85601	-0.0572858	0.0830626	16.7956
12.2544	-0.163621	0.285014	4.68444
12.231	-0.187215	0.281546	4.51076
11.704	-0.141688	0.277568	6.2019
10.6295	-0.168051	0.241842	16.771
9.82929	-0.132732	0.219632	15.2521
8.46244	-0.0923282	0.186294	16.4575
8.36361	-0.0887298	0.183953	28.2925
8.30521	-0.0840459	0.181079	20.4518
7.75619	-0.0726134	0.169054	21.566
7.60066	-0.0681354	0.189858	18.1001
4.93564	-0.0583334	0.107579	12.046
3.64888	-0.0573428	0.0783691	19.2407
12.2408	-0.164581	0.284732	4.44244
12.1916	-0.197272	0.280117	4.48099
11.6696	-0.144089	0.276925	5.94738
10.7581	-0.175243	0.24532	16.6202
9.82411	-0.134179	0.219132	14.8463
8.48455	-0.094012	0.186491	14.9954
8.41978	-0.0906738	0.185571	29.7421
8.34338	-0.0840972	0.181944	20.7422
7.75651	-0.0723248	0.169228	23.404
7.40129	-0.0690819	0.185701	16.67
5.07345	-0.0556505	0.110546	11.8093
3.57157	-0.0573018	0.0766221	20.3944
12.3462	-0.173501	0.285487	4.32549
12.3462	-0.173501	0.285487	4.32549
11.7076	-0.140055	0.277785	6.63482
10.1849	-0.146484	0.22936	17.1343
10.1849	-0.146484	0.22936	17.1343
8.45155	-0.0890469	0.185295	24.0028
8.45155	-0.0890469	0.185295	24.0028
8.27588	-0.0858148	0.182241	21.3895
7.85099	-0.0705666	0.170625	18.5554
7.4616	-0.0587847	0.18615	16.2913
4.41435	-0.058683	0.0951749	13.2935
3.93994	-0.0563049	0.0862633	15.6967
12.3764	-0.17795	0.286264	4.07865
12.3614	-0.190636	0.284725	3.91664
11.6436	-0.144844	0.276685	6.60939
10.4188	-0.157291	0.23537	19.5779
10.0723	-0.146084	0.225552	19.387
8.65631	-0.0952297	0.190957	27.3478
8.59429	-0.091689	0.188613	23.0453
8.22693	-0.0839843	0.180323	20.1941
7.88768	-0.0716204	0.171729	20.4554
6.95769	-0.0639142	0.174938	15.6684
4.53883	-0.0555052	0.0985575	11.9979
3.84916	-0.0582389	0.0840601	16.4592
12.3874	-0.184773	0.286564	3.8696
12.3625	-0.190998	0.284329	3.82713
11.6204	-0.149259	0.276296	6.0833
10.5018	-0.159782	0.237547	19.8378
10.0209	-0.14466	0.223787	21.1818
8.73821	-0.0983568	0.193329	29.9794
8.6416	-0.0920175	0.189713	24.6161
8.22627	-0.08319	0.179924	20.2061
7.8859	-0.0724167	0.17188	21.5225
6.74159	-0.0673029	0.170468	16.9706
4.66528	-0.0505872	0.101329	12.0266
3.78206	-0.0584439	0.0824103	17.6285
12.4446	-0.188816	0.28677	3.58901
12.4446	-0.188816	0.28677	3.58901
11.5995	-0.150843	0.276036	6.69776
10.2261	-0.150634	0.229361	24.8484
10.2261	-0.150634	0.229361	24.8484
8.83352	-0.0984489	0.195229	28.5869
8.83352	-0.0984489	0.195229	28.5869
8.08896	-0.0767392	0.1767	20.6686
7.96759	-0.0711398	0.173365	19.9469
6.41632	-0.0684597	0.163	19.1448
4.32821	-0.0603985	0.0936445	10.2273
4.10035	-0.0598962	0.0902017	13.0998
12.4731	-0.186268	0.287472	3.52246
12.4664	-0.184081	0.286865	3.57917
11.5833	-0.155585	0.275798	6.52763
10.279	-0.151891	0.23068	26.7975
10.1402	-0.144628	0.226587	30.5902
8.93502	-0.101928	0.198193	32.2065
8.89277	-0.100762	0.196662	30.0562
8.06294	-0.0739833	0.175735	20.1273
7.97513	-0.0718855	0.173666	20.1762
6.17405	-0.0681505	0.158202	21.0073
4.39477	-0.0514799	0.0952517	9.32334
4.10962	-0.0637872	0.0898126	12.8039
12.5012	-0.179346	0.287715	3.58282
12.5012	-0.179346	0.287715	3.58282
11.5695	-0.154724	0.275609	6.60414
10.1802	-0.144247	0.227517	33.0974
10.1802	-0.144247	0.227517	33.0974
9.00163	-0.105033	0.199854	34.4858
9.00163	-0.105033	0.199854	34.4858
8.00701	-0.0714949	0.174297	19.4941
8.00701	-0.0714949	0.174297	19.4941
5.90997	-0.0651113	0.153351	26.0899
4.29953	-0.0575382	0.0931304	9.41873
4.29953	-0.0575382	0.0931304	9.41873
12.3748	-0.153123	0.289915	5.87552
12.3748	-0.153123	0.289915	5.87552
12.3748	-0.153123	0.289915	5.87552
9.24345	-0.0862688	0.227666	21.5801
9.11867	-0.111487	0.204427	30.7511
9.11867	-0.111487	0.204427	30.7511
9.11867	-0.111487	0.204427	30.7511
7.69886	-0.0741132	0.1668	16.9696
7.69886	-0.0741132	0.1668	16.9696
7.69886	-0.0741132	0.1668	16.9696
4.26613	-0.0593297	0.0908798	15.7653
4.26613	-0.0593297	0.0908798	15.7653
12.4019	-0.159842	0.288659	5.35608
12.2746	-0.152229	0.287691	5.70929
12.2746	-0.152229	0.287691	5.70929
9.7335	-0.127715	0.219378	29.9152
9.13023	-0.109887	0.204104	27.6191
9.13023	-0.109887	0.204104	27.6191
8.61438	-0.077742	0.212995	24.6174
7.92849	-0.0770516	0.171917	18.2538
7.85689	-0.0756163	0.17061	19.2566
7.85689	-0.0756163	0.17061	19.2566
4.30518	-0.0593995	0.0924128	15.7147
3.81399	-0.0571699	0.0809325	16.8516
12.3599	-0.166692	0.285963	4.65274
12.1834	-0.153732	0.285749	5.37695
12.1834	-0.153732	0.285749	5.37695
10.2441	-0.147265	0.23215	22.4022
9.14759	-0.108964	0.203647	20.5013
9.14759	-0.108964	0.203647	20.5013
8.09487	-0.0792512	0.175623	18.597
8.01222	-0.0652598	0.198955	26.134
7.98818	-0.0785827	0.174119	22.2804
7.98818	-0.0785827	0.174119	22.2804
4.53268	-0.060165	0.0983846	14.9091
3.43884	-0.056279	0.0726677	19.8539
12.2853	-0.17937	0.282942	4.3816
12.1188	-0.148875	0.284412	4.92917
12.1188	-0.148875	0.284412	4.92917
10.6036	-0.164717	0.241498	15.6851
9.16461	-0.111415	0.203222	16.3763
9.16461	-0.111415	0.203222	16.3763
8.19564	-0.0795885	0.177868	18.3419
8.07359	-0.0814223	0.17664	25.1695
8.07359	-0.0814223	0.17664	25.1695
7.52362	-0.0673858	0.188004	18.5885
4.82195	-0.059636	0.105246	12.451
3.1855	-0.0532372	0.0670634	24.0742
12.2452	-0.201474	0.28153	4.48057
12.0953	-0.146564	0.283933	4.99843
12.0953	-0.146564	0.283933	4.99843
10.7392	-0.174396	0.245157	16.6015
9.17188	-0.112796	0.203048	15.1092
9.17188	-0.112796	0.203048	15.1092
8.22939	-0.07908	0.178619	18.119
8.10297	-0.0819827	0.177562	26.3471
8.10297	-0.0819827	0.177562	26.3471
7.31809	-0.0682945	0.183674	20.1967
4.96584	-0.0572096	0.108343	11.9369
3.09519	-0.0514671	0.0650581	25.9016
12.3976	-0.162389	0.28865	5.20104
12.3976	-0.162389	0.28865	5.20104
12.2249	-0.15331	0.286875	5.3873
9.66484	-0.125648	0.217022	23.3166
9.66484	-0.125648	0.217022	23.3166
9.01523	-0.106017	0.200829	25.7612
8.11528	-0.0786863	0.176383	18.8614
8.11528	-0.0786863	0.176383	18.8614
7.99075	-0.0753288	0.173537	19.4447
7.94175	-0.065421	0.197131	33.8021
3.94378	-0.0573283	0.0843706	16.3988
3.59022	-0.0570613	0.0765866	17.494
12.4569	-0.169973	0.288364	4.34997
12.3949	-0.166626	0.288743	4.81816
12.1805	-0.151423	0.286155	5.1971
10.0864	-0.140029	0.227475	19.1308
9.57407	-0.125612	0.213895	20.4313
8.92467	-0.10413	0.19787	21.8591
8.30039	-0.0809282	0.180523	19.9418
8.2974	-0.081893	0.181108	22.3601
8.1058	-0.0773506	0.176404	20.9945
7.29828	-0.0543187	0.181989	20.1934
4.01188	-0.0567547	0.0866816	15.8903
3.2455	-0.054975	0.0691266	21.7022
12.4743	-0.177868	0.28761	3.76651
12.3936	-0.162973	0.288827	4.32205
12.1495	-0.149835	0.285668	5.07657
10.3617	-0.15304	0.234503	19.7305
9.48842	-0.124215	0.210863	21.4135
8.86652	-0.102953	0.195603	21.0848
8.4406	-0.0872161	0.185137	25.7941
8.41183	-0.0825266	0.183017	20.8058
8.18382	-0.0786613	0.178698	24.4065
6.77098	-0.056941	0.170047	16.1133
4.26074	-0.0564058	0.092774	13.8312
2.96326	-0.0501648	0.06286	27.8894
12.4759	-0.190146	0.287242	3.48642
12.3932	-0.15854	0.288854	4.20726
12.1383	-0.146737	0.285498	5.26749
10.4584	-0.156614	0.237023	18.8826
9.45091	-0.122742	0.209492	21.6789
8.84642	-0.101296	0.194704	20.7219
8.49774	-0.0892461	0.186845	27.8307
8.44905	-0.0823383	0.183849	20.9178
8.2115	-0.080947	0.17962	26.0127
6.54495	-0.0599675	0.165241	17.4563
4.40207	-0.0532336	0.0958385	12.3286
2.85875	-0.0489443	0.0605323	29.9714
12.5373	-0.172443	0.290425	3.96893
12.5373	-0.172443	0.290425	3.96893
12.1734	-0.154262	0.286396	5.3214
9.90122	-0.139378	0.221926	21.809
9.90122	-0.139378	0.221926	21.809
8.74978	-0.10005	0.193109	23.9886
8.51555	-0.0855442	0.186053	23.2758
8.51555	-0.0855442	0.186053	23.2758
8.20682	-0.0748192	0.178551	21.7554
6.61271	-0.0547371	0.165756	14.8104
3.69904	-0.0574713	0.0795986	16.3262
3.19387	-0.0539901	0.0692947	23.2414
12.6181	-0.172761	0.291169	3.30377
12.5898	-0.173648	0.291776	3.68478
12.1665	-0.157622	0.28653	5.27319
10.1075	-0.145728	0.227078	20.5655
9.7307	-0.129104	0.216647	28.4202
8.70278	-0.0920439	0.191243	26.867
8.64553	-0.0881679	0.189003	22.9685
8.63636	-0.0920272	0.189643	24.8729
8.27674	-0.0767328	0.180397	23.4868
6.04022	-0.0603334	0.152643	14.9855
3.79824	-0.0575002	0.0824615	13.3004
3.03061	-0.0514352	0.0658113	26.1068
12.6441	-0.174423	0.291361	3.07876
12.6079	-0.169859	0.292237	3.44233
12.1638	-0.156418	0.28657	5.2756
10.1781	-0.146421	0.228857	20.4215
9.65296	-0.123938	0.214133	30.4537
8.78592	-0.0956969	0.19371	29.7499
8.68872	-0.0885698	0.189983	23.5666
8.59622	-0.0883168	0.18822	23.7588
8.30255	-0.0794068	0.181271	24.3128
5.78642	-0.0618873	0.147224	17.6331
3.93019	-0.0557715	0.0853975	11.2591
2.93884	-0.0498237	0.0637029	27.8459
12.7073	-0.169124	0.293378	3.09845
12.7073	-0.169124	0.293378	3.09845
12.1744	-0.16449	0.287036	5.2229
9.88104	-0.132114	0.220267	31.9886
9.88104	-0.132114	0.220267	31.9886
8.85963	-0.0949997	0.194907	27.3727
8.85963	-0.0949997	0.194907	27.3727
8.48993	-0.0837462	0.185707	24.4836
8.33951	-0.0766824	0.181649	22.8933
5.40813	-0.0606894	0.138104	20.1501
3.54558	-0.0610431	0.0767134	16.1562
3.24248	-0.0539404	0.0716423	20.8948
12.7465	-0.165851	0.29387	3.04258
12.7375	-0.17012	0.294126	3.02795
12.1765	-0.166445	0.287204	5.22692
9.93204	-0.132975	0.221502	32.5459
9.77527	-0.124455	0.216929	35.0433
8.9613	-0.0995271	0.197928	30.2774
8.9118	-0.0968202	0.196128	28.4141
8.43828	-0.079924	0.184107	23.3367
8.36305	-0.0777337	0.182333	23.4541
5.10846	-0.0591702	0.131897	27.0318
3.60857	-0.061735	0.0782959	12.9142
3.25605	-0.055343	0.0714984	20.093
12.7808	-0.164391	0.294721	3.03022
12.7808	-0.164391	0.294721	3.03022
12.1803	-0.171922	0.287415	5.19175
9.81623	-0.124386	0.217862	34.7851
9.81623	-0.124386	0.217862	34.7851
9.02018	-0.101562	0.199351	32.0514
9.02018	-0.101562	0.199351	32.0514
8.38425	-0.077844	0.182699	22.7453
8.38425	-0.077844	0.182699	22.7453
4.76176	-0.0592109	0.12544	34.5167
3.49322	-0.0651154	0.0757446	13.8738
3.49322	-0.0651154	0.0757446	13.8738
12.4442	-0.166971	0.290062	4.97691
12.4442	-0.166971	0.290062	4.97691
12.4442	-0.166971	0.290062	4.97691
9.49788	-0.120118	0.212357	22.033
9.49788	-0.120118	0.212357	22.033
9.49788	-0.120118	0.212357	22.033
8.25051	-0.0782347	0.179324	20.8512
8.25051	-0.0782347	0.179324	20.8512
8.25051	-0.0782347	0.179324	20.8512
7.21294	-0.0461948	0.179724	24.1603
3.35504	-0.055722	0.0714568	19.454
3.35504	-0.055722	0.0714568	19.454
12.5923	-0.170567	0.291857	3.97641
12.4809	-0.170867	0.291195	4.37027
12.4809	-0.170867	0.291195	4.37027
9.85984	-0.13751	0.2212	20.4006
9.33259	-0.118416	0.207523	23.6654
9.33259	-0.118416	0.207523	23.6654
8.43831	-0.0803884	0.18351	20.0606
8.3912	-0.0804707	0.182779	21.5931
8.3912	-0.0804707	0.182779	21.5931
6.51493	-0.0492692	0.16313	14.7291
3.39639	-0.0551534	0.0731202	18.7996
2.83828	-0.048671	0.0600649	29.5985
12.6765	-0.167556	0.292644	3.34684
12.5042	-0.160872	0.291904	4.31903
12.5042	-0.160872	0.291904	4.31903
10.0851	-0.141721	0.226803	18.7641
9.19368	-0.109643	0.203207	28.181
9.19368	-0.109643	0.203207	28.181
8.55189	-0.0827608	0.186043	20.4224
8.5147	-0.0848433	0.186198	24.2955
8.5147	-0.0848433	0.186198	24.2955
5.93465	-0.0528829	0.14974	14.7712
3.61695	-0.0580834	0.0786725	14.7377
2.46611	-0.0428287	0.0518049	37.6858
12.7037	-0.166457	0.292841	2.88745
12.5122	-0.158699	0.292147	4.30444
12.5122	-0.158699	0.292147	4.30444
10.1617	-0.142658	0.228727	19.3641
9.13253	-0.104706	0.201185	27.7569
9.13253	-0.104706	0.201185	27.7569
8.5899	-0.0822312	0.186889	21.3876
8.57061	-0.0871777	0.187909	26.2847
8.57061	-0.0871777	0.187909	26.2847
5.67891	-0.0505524	0.144198	14.5541
3.76089	-0.0582049	0.0818341	11.7334
2.32691	-0.0405819	0.0486996	42.085
12.6967	-0.171351	0.294556	3.57824
12.6967	-0.171351	0.294556	3.57824
12.5449	-0.168224	0.293032	4.16844
9.63301	-0.126342	0.214741	27.1997
9.63301	-0.126342	0.214741	27.1997
9.12409	-0.108243	0.20181	28.5844
8.59533	-0.0824674	0.187346	23.1235
8.59533	-0.0824674	0.187346	23.1235
8.48755	-0.0799148	0.184812	22.5549
5.76127	-0.0538032	0.144966	14.2437
2.9844	-0.0510918	0.0639955	25.1083
2.60484	-0.0447271	0.0556828	36.0143
12.8265	-0.15788	0.296364	3.06056
12.762	-0.163761	0.296213	3.27434
12.5841	-0.167753	0.294177	4.21941
9.81678	-0.13222	0.219203	27.5239
9.43452	-0.114187	0.208849	31.5863
8.96238	-0.0976297	0.197109	28.1347
8.7497	-0.0879281	0.191541	26.767
8.71809	-0.0838997	0.190095	23.219
8.57927	-0.0824702	0.187163	23.7515
5.12068	-0.0557705	0.129861	15.047
3.06139	-0.0545906	0.066426	22.4696
2.28982	-0.0403022	0.0489185	43.5377
12.8699	-0.142719	0.296899	2.77018
12.7842	-0.160783	0.296766	3.22883
12.5972	-0.167914	0.294571	4.24831
9.87861	-0.133851	0.220713	25.8966
9.33939	-0.106893	0.205862	31.3061
8.88815	-0.0913415	0.194771	25.9095
8.82979	-0.093334	0.193942	29.3501
8.75907	-0.0847497	0.191013	24.5302
8.6297	-0.0847265	0.188694	26.3868
4.82551	-0.0562943	0.123357	15.4313
3.20108	-0.0578591	0.0695977	17.4049
2.14385	-0.0375105	0.0456785	48.9293
12.9185	-0.150738	0.298624	2.84375
12.9185	-0.150738	0.298624	2.84375
12.6322	-0.172964	0.295576	4.07559
9.5819	-0.11746	0.212324	32.3379
9.5819	-0.11746	0.212324	32.3379
8.89012	-0.0906292	0.194738	27.193
8.89012	-0.0906292	0.194738	27.193
8.805	-0.089132	0.19282	26.7065
8.6326	-0.0810921	0.188189	25
4.40101	-0.0538163	0.112599	19.3197
2.73852	-0.0495325	0.0591792	29.5386
2.38319	-0.042288	0.0525675	41.6934
12.9709	-0.139076	0.299384	2.7269
12.9495	-0.14206	0.299373	2.7302
12.6483	-0.171348	0.296047	3.95311
9.6315	-0.119715	0.213498	31.1928
9.46449	-0.108674	0.20869	33.8316
8.98633	-0.0958323	0.197608	30.0491
8.93683	-0.0918172	0.195802	26.8422
8.73409	-0.0846169	0.190718	25.2189
8.66811	-0.082895	0.189171	25.0361
4.03862	-0.0529957	0.104653	23.5684
2.8006	-0.0536691	0.060798	25.3921
2.36743	-0.04181	0.0521086	41.5018
13.0049	-0.138238	0.300219	2.67462
13.0049	-0.138238	0.300219	2.67462
12.6653	-0.1735	0.296544	3.86753
9.50637	-0.110398	0.209637	36.0254
9.50637	-0.110398	0.209637	36.0254
9.03868	-0.0972723	0.198837	30.7904
9.03868	-0.0972723	0.198837	30.7904
8.68142	-0.0827097	0.189331	24.9158
8.68142	-0.0827097	0.189331	24.9158
3.58881	-0.047173	0.0957843	52.4991
2.65162	-0.0502818	0.0575143	32.1403
2.65162	-0.0502818	0.0575143	32.1403
12.8152	-0.159857	0.2976	3.17444
12.8152	-0.159857	0.2976	3.17444
12.8152	-0.159857	0.2976	3.17444
9.39436	-0.114069	0.208156	30.4401
9.39436	-0.114069	0.208156	30.4401
9.39436	-0.114069	0.208156	30.4401
8.69021	-0.081076	0.189333	23.7473
8.69021	-0.081076	0.189333	23.7473
8.69021	-0.081076	0.189333	23.7473
4.93922	-0.0522856	0.124753	14.7732
2.31283	-0.0410536	0.049253	37.453
2.31283	-0.0410536	0.049253	37.453
12.9795	-0.143818	0.30014	2.775
12.8881	-0.154374	0.299456	3.17793
12.8881	-0.154374	0.299456	3.17793
9.55764	-0.119191	0.212017	30.6894
9.19888	-0.102826	0.202555	29.8311
9.19888	-0.102826	0.202555	29.8311
8.81269	-0.0833151	0.192066	23.6672
8.79573	-0.0858576	0.192014	26.4683
8.79573	-0.0858576	0.192014	26.4683
4.22469	-0.0570387	0.107451	17.475
2.37796	-0.0437183	0.0514711	35.4753
1.77618	-0.0318226	0.0373751	59.5192
13.0346	-0.116104	0.30091	2.78853
12.9126	-0.153909	0.300085	3.16705
12.9126	-0.153909	0.300085	3.16705
9.61225	-0.122179	0.213314	31.8688
9.09895	-0.0953619	0.199505	30.1324
9.09895	-0.0953619	0.199505	30.1324
8.86505	-0.0901762	0.194062	28.6106
8.86505	-0.0901762	0.194062	28.6106
8.85365	-0.0841288	0.192981	23.2036
3.87692	-0.0573242	0.099553	24.3056
2.52482	-0.0488628	0.0548762	29.8441
1.55344	-0.0274133	0.0323934	71.1155
13.0728	-0.122989	0.302409	2.71542
13.0728	-0.122989	0.302409	2.71542
12.9649	-0.151462	0.301444	3.08421
9.34212	-0.106399	0.205866	31.9294
9.34212	-0.106399	0.205866	31.9294
9.0318	-0.0941336	0.19796	29.7074
8.92588	-0.0874208	0.194932	29.3679
8.92588	-0.0874208	0.194932	29.3679
8.84403	-0.0852075	0.192913	27.1473
3.41688	-0.0529461	0.0873671	30.5691
1.92923	-0.0360195	0.0415493	51.8045
1.60813	-0.0288207	0.0348284	80.0188
13.1348	-0.107465	0.303339	2.75913
13.1042	-0.11816	0.303165	2.73913
12.9907	-0.152273	0.302114	2.99465
9.39008	-0.107694	0.206977	34.5588
9.22634	-0.0989096	0.202369	31.299
9.00693	-0.0932123	0.197308	30.9076
8.96932	-0.0880221	0.195906	29.2565
8.9475	-0.0882569	0.195495	28.2969
8.88786	-0.0871604	0.194111	28.4531
2.98145	-0.0453248	0.0772084	54.6028
1.99657	-0.0394321	0.0433436	51.9908
1.47944	-0.02647	0.032191	93.3218
13.1684	-0.0986074	0.304145	2.64714
13.1684	-0.0986074	0.304145	2.64714
13.0168	-0.149575	0.302798	3.02018
9.26896	-0.0994518	0.203327	31.7262
9.26896	-0.0994518	0.203327	31.7262
9.05434	-0.0937112	0.198394	31.4611
9.05434	-0.0937112	0.198394	31.4611
8.89574	-0.0859152	0.194123	27.9282
8.89574	-0.0859152	0.194123	27.9282
2.39999	-0.0326613	0.0646935	149.28
1.78302	-0.0352663	0.0386713	65.7582
1.78302	-0.0352663	0.0386713	65.7582
13.1667	-0.107277	0.304704	2.73343
13.1667	-0.107277	0.304704	2.73343
13.1667	-0.107277	0.304704	2.73343
9.16861	-0.0978277	0.201068	31.1204
9.16861	-0.0978277	0.201068	31.1204
9.16861	-0.0978277	0.201068	31.1204
8.97173	-0.0873325	0.195768	31.0901
8.97173	-0.0873325	0.195768	31.0901
8.97173	-0.0873325	0.195768	31.0901
2.50802	-0.0406085	0.0640511	60.0989
1.1797	-0.0223344	0.02513	112.835
1.1797	-0.0223344	0.02513	112.835
13.2344	-0.0846223	0.305723	2.78276
13.1983	-0.103624	0.305474	2.75292
13.1983	-0.103624	0.305474	2.75292
9.21433	-0.0983451	0.202107	33.2584
9.0764	-0.092235	0.198383	31.7569
9.0764	-0.092235	0.198383	31.7569
9.02046	-0.0906557	0.197096	31.8097
9.02046	-0.0906557	0.197096	31.8097
9.01444	-0.0874845	0.196722	31.3258
1.96577	-0.0307369	0.0508211	118.709
1.26772	-0.0252347	0.0275131	133.815
0.77728	-0.014284	0.0161759	181.611
13.2678	-0.0811961	0.306521	2.89446
13.2678	-0.0811961	0.306521	2.89446
13.2299	-0.0934642	0.306247	2.71467
9.11951	-0.0924461	0.199349	33.1892
9.11951	-0.0924461	0.199349	33.1892
9.06479	-0.0906229	0.198094	32.6162
9.06479	-0.0906229	0.198094	32.6162
9.02517	-0.0897549	0.19702	32.375
9.02517	-0.0897549	0.19702	32.375
1.20204	-0.0165244	0.032608	397.998
0.896127	-0.0176585	0.019436	253.109
0.896127	-0.0176585	0.019436	253.109
13.3012	-0.0773694	0.307323	3.04695
13.3012	-0.0773694	0.307323	3.04695
13.3012	-0.0773694	0.307323	3.04695
9.06845	-0.089898	0.197989	32.9906
9.06845	-0.089898	0.197989	32.9906
9.06845	-0.089898	0.197989	32.9906
9.06845	-0.089898	0.197989	32.9906
9.06845	-0.089898	0.197989	32.9906
9.06845	-0.089898	0.197989	32.9906
0	0	0	0
0	0	0	0
0	0	0	0
