1980 Out of 49152 QH, Third, Fourth Freq in rad/ps and Lifetimes in ps for a 16x16x16 Ar Lattice at 10K. (atoms/UC=4)
13.3026	-0.139871	0.317684	6.86255
13.3026	-0.139871	0.317684	6.86255
13.3026	-0.139871	0.317684	6.86255
13.3026	-0.139871	0.317684	6.86255
6.01832	-0.0625319	0.128416	14.7797
6.01832	-0.0625319	0.128416	14.7797
6.01832	-0.0625319	0.128416	14.7797
6.01832	-0.0625319	0.128416	14.7797
6.01832	-0.0625319	0.128416	14.7797
6.01832	-0.0625319	0.128416	14.7797
6.01832	-0.0625319	0.128416	14.7797
6.01832	-0.0625319	0.128416	14.7797
13.2572	-0.14036	0.316568	6.52106
13.2572	-0.14036	0.316568	6.52106
13.2572	-0.14036	0.316568	6.52106
13.2572	-0.14036	0.316568	6.52106
6.12245	-0.0681449	0.13114	15.5198
6.12245	-0.0681449	0.13114	15.5198
6.12245	-0.0681449	0.13114	15.5198
6.12245	-0.0681449	0.13114	15.5198
6.01807	-0.0635561	0.128442	16.0586
6.01807	-0.0635561	0.128442	16.0586
6.01807	-0.0635561	0.128442	16.0586
6.01807	-0.0635561	0.128442	16.0586
13.1222	-0.133628	0.313071	6.48855
13.1222	-0.133628	0.313071	6.48855
13.1222	-0.133628	0.313071	6.48855
13.1222	-0.133628	0.313071	6.48855
6.41937	-0.0769032	0.138736	17.0189
6.41937	-0.0769032	0.138736	17.0189
6.41937	-0.0769032	0.138736	17.0189
6.41937	-0.0769032	0.138736	17.0189
6.01738	-0.0642571	0.12847	16.3652
6.01738	-0.0642571	0.12847	16.3652
6.01738	-0.0642571	0.12847	16.3652
6.01738	-0.0642571	0.12847	16.3652
12.902	-0.128824	0.307521	6.64816
12.902	-0.128824	0.307521	6.64816
12.902	-0.128824	0.307521	6.64816
12.902	-0.128824	0.307521	6.64816
6.869	-0.0832345	0.150036	18.5873
6.869	-0.0832345	0.150036	18.5873
6.869	-0.0832345	0.150036	18.5873
6.869	-0.0832345	0.150036	18.5873
6.01634	-0.0657916	0.128523	15.5016
6.01634	-0.0657916	0.128523	15.5016
6.01634	-0.0657916	0.128523	15.5016
6.01634	-0.0657916	0.128523	15.5016
12.6048	-0.128187	0.300209	6.49168
12.6048	-0.128187	0.300209	6.49168
12.6048	-0.128187	0.300209	6.49168
12.6048	-0.128187	0.300209	6.49168
7.41959	-0.089771	0.163753	18.2423
7.41959	-0.089771	0.163753	18.2423
7.41959	-0.089771	0.163753	18.2423
7.41959	-0.089771	0.163753	18.2423
6.01511	-0.0654304	0.12854	15.6999
6.01511	-0.0654304	0.12854	15.6999
6.01511	-0.0654304	0.12854	15.6999
6.01511	-0.0654304	0.12854	15.6999
12.2457	-0.128392	0.291505	6.36157
12.2457	-0.128392	0.291505	6.36157
12.2457	-0.128392	0.291505	6.36157
12.2457	-0.128392	0.291505	6.36157
8.01619	-0.0951655	0.178432	22.3758
8.01619	-0.0951655	0.178432	22.3758
8.01619	-0.0951655	0.178432	22.3758
8.01619	-0.0951655	0.178432	22.3758
6.01388	-0.0640796	0.128537	15.5208
6.01388	-0.0640796	0.128537	15.5208
6.01388	-0.0640796	0.128537	15.5208
6.01388	-0.0640796	0.128537	15.5208
11.8551	-0.135881	0.282435	5.98502
11.8551	-0.135881	0.282435	5.98502
11.8551	-0.135881	0.282435	5.98502
11.8551	-0.135881	0.282435	5.98502
8.59752	-0.102048	0.192497	19.5947
8.59752	-0.102048	0.192497	19.5947
8.59752	-0.102048	0.192497	19.5947
8.59752	-0.102048	0.192497	19.5947
6.01284	-0.0640225	0.128556	15.6662
6.01284	-0.0640225	0.128556	15.6662
6.01284	-0.0640225	0.128556	15.6662
6.01284	-0.0640225	0.128556	15.6662
11.5031	-0.145073	0.274746	7.14011
11.5031	-0.145073	0.274746	7.14011
11.5031	-0.145073	0.274746	7.14011
11.5031	-0.145073	0.274746	7.14011
9.07208	-0.105521	0.203468	21.1863
9.07208	-0.105521	0.203468	21.1863
9.07208	-0.105521	0.203468	21.1863
9.07208	-0.105521	0.203468	21.1863
6.01214	-0.0645314	0.128581	15.6167
6.01214	-0.0645314	0.128581	15.6167
6.01214	-0.0645314	0.128581	15.6167
6.01214	-0.0645314	0.128581	15.6167
11.3439	-0.146376	0.271461	7.16086
11.3439	-0.146376	0.271461	7.16086
11.3439	-0.146376	0.271461	7.16086
11.3439	-0.146376	0.271461	7.16086
9.2734	-0.107247	0.20785	20.3161
9.2734	-0.107247	0.20785	20.3161
9.2734	-0.107247	0.20785	20.3161
9.2734	-0.107247	0.20785	20.3161
6.0119	-0.0649339	0.128594	15.0772
6.0119	-0.0649339	0.128594	15.0772
6.0119	-0.0649339	0.128594	15.0772
6.0119	-0.0649339	0.128594	15.0772
13.2574	-0.140031	0.316208	6.58762
13.2574	-0.140031	0.316208	6.58762
13.1669	-0.137756	0.314624	6.77548
13.1669	-0.137756	0.314624	6.77548
6.30711	-0.0716997	0.135805	17.0782
6.30711	-0.0716997	0.135805	17.0782
6.11016	-0.0678072	0.130607	16.0486
6.11016	-0.0678072	0.130607	16.0486
6.03486	-0.0681687	0.128969	14.9129
6.03486	-0.0681687	0.128969	14.9129
6.03008	-0.066674	0.129049	16.5671
6.03008	-0.066674	0.129049	16.5671
13.1673	-0.138315	0.313591	6.5594
13.1673	-0.138315	0.313591	6.5594
12.9893	-0.131465	0.310425	6.97732
12.9893	-0.131465	0.310425	6.97732
6.67794	-0.0791764	0.145122	18.4996
6.67794	-0.0791764	0.145122	18.4996
6.2307	-0.0724967	0.134144	16.1799
6.2307	-0.0724967	0.134144	16.1799
6.18772	-0.0689721	0.13241	16.4154
6.18772	-0.0689721	0.13241	16.4154
5.96076	-0.0671097	0.12741	15.3125
5.96076	-0.0671097	0.12741	15.3125
12.9895	-0.138032	0.308871	6.31017
12.9895	-0.138032	0.308871	6.31017
12.7305	-0.126284	0.304229	6.59594
12.7305	-0.126284	0.304229	6.59594
7.18975	-0.088141	0.157888	19.6149
7.18975	-0.088141	0.157888	19.6149
6.59517	-0.0783913	0.143407	16.3346
6.59517	-0.0783913	0.143407	16.3346
6.24894	-0.0694787	0.133841	16.6353
6.24894	-0.0694787	0.133841	16.6353
5.89703	-0.0657076	0.125997	14.8719
5.89703	-0.0657076	0.125997	14.8719
12.7303	-0.137263	0.302198	6.29387
12.7303	-0.137263	0.302198	6.29387
12.4008	-0.120778	0.296279	6.69725
12.4008	-0.120778	0.296279	6.69725
7.78485	-0.0942233	0.172574	19.975
7.78485	-0.0942233	0.172574	19.975
7.07926	-0.081073	0.155479	17.0379
7.07926	-0.081073	0.155479	17.0379
6.29949	-0.0677948	0.13499	16.5398
6.29949	-0.0677948	0.13499	16.5398
5.84129	-0.064654	0.124787	15.1531
5.84129	-0.064654	0.124787	15.1531
12.4019	-0.135671	0.293945	5.96449
12.4019	-0.135671	0.293945	5.96449
12.0177	-0.120289	0.287211	6.32486
12.0177	-0.120289	0.287211	6.32486
8.4116	-0.103515	0.187997	21.9587
8.4116	-0.103515	0.187997	21.9587
7.62589	-0.0871925	0.168998	19.4753
7.62589	-0.0871925	0.168998	19.4753
6.33974	-0.0680775	0.135945	16.5495
6.33974	-0.0680775	0.135945	16.5495
5.79525	-0.0632043	0.123791	15.0528
5.79525	-0.0632043	0.123791	15.0528
12.0302	-0.140861	0.285058	5.98297
12.0302	-0.140861	0.285058	5.98298
11.6152	-0.130442	0.278113	6.19315
11.6152	-0.130442	0.278113	6.19315
9.01538	-0.111335	0.202609	20.3523
9.01538	-0.111335	0.202609	20.3523
8.16829	-0.0934235	0.182115	19.2135
8.16829	-0.0934235	0.182115	19.2135
6.36913	-0.068196	0.136644	16.2779
6.36913	-0.068196	0.136644	16.2779
5.76078	-0.0624046	0.123059	14.4296
5.76078	-0.0624046	0.123059	14.4296
11.68	-0.149845	0.277252	6.17809
11.68	-0.149845	0.277252	6.17809
11.2666	-0.139902	0.270624	7.28167
11.2666	-0.139902	0.270624	7.28167
9.51221	-0.116885	0.214167	20.0137
9.51221	-0.116885	0.214167	20.0137
8.60988	-0.0941795	0.192248	21.5573
8.60988	-0.0941795	0.192248	21.5573
6.38704	-0.0680461	0.137067	16.1521
6.38704	-0.0680461	0.137067	16.1521
5.73942	-0.062166	0.122615	14.6151
5.73942	-0.062166	0.122615	14.6151
11.5138	-0.148411	0.273735	6.60068
11.5138	-0.148411	0.273735	6.60068
11.1151	-0.139666	0.267478	8.39405
11.1151	-0.139666	0.267478	8.39405
9.72836	-0.116873	0.218825	18.357
9.72836	-0.116873	0.218825	18.357
8.79388	-0.0965358	0.196278	21.8297
8.79388	-0.0965358	0.196278	21.8297
6.39306	-0.0673058	0.137195	16.1354
6.39306	-0.0673058	0.137195	16.1354
5.73218	-0.060569	0.122434	14.1063
5.73218	-0.060569	0.122434	14.1063
13.123	-0.140453	0.311855	6.29388
13.123	-0.140453	0.311855	6.29388
12.773	-0.125387	0.305594	6.97869
12.773	-0.125387	0.305594	6.97869
7.0656	-0.0850651	0.154766	19.3244
7.0656	-0.0850651	0.154766	19.3244
6.3739	-0.0716645	0.136702	16.7804
6.3739	-0.0716645	0.136702	16.7804
6.08162	-0.0703933	0.130257	15.4532
6.08162	-0.0703933	0.130257	15.4532
6.06387	-0.0691589	0.130645	18.0138
6.06387	-0.0691589	0.130645	18.0138
12.9902	-0.141065	0.307949	6.39727
12.9902	-0.141065	0.307949	6.39727
12.4809	-0.121156	0.298884	6.77241
12.4809	-0.121156	0.298884	6.77241
7.58462	-0.0925188	0.167556	20.7111
7.58462	-0.0925188	0.167556	20.7111
6.52443	-0.0717512	0.140175	16.3965
6.52443	-0.0717512	0.140175	16.3965
6.35183	-0.0739372	0.137589	15.7499
6.35183	-0.0739372	0.137589	15.7499
5.93382	-0.0666096	0.127289	15.7067
5.93382	-0.0666096	0.127289	15.7067
12.7733	-0.140279	0.302025	6.18484
12.7733	-0.140279	0.302025	6.18484
12.1248	-0.11758	0.290591	6.80645
12.1248	-0.11758	0.290591	6.80645
8.18391	-0.100517	0.18225	21.8796
8.18391	-0.100517	0.18225	21.8796
6.76101	-0.0758579	0.147853	16.1364
6.76101	-0.0758579	0.147853	16.1364
6.64077	-0.0728292	0.142904	16.2937
6.64077	-0.0728292	0.142904	16.2937
5.81393	-0.0639572	0.124564	14.9776
5.81393	-0.0639572	0.124564	14.9776
12.4817	-0.141966	0.294477	6.02504
12.4817	-0.141966	0.294477	6.02504
11.7248	-0.12038	0.281397	6.7135
11.7248	-0.12038	0.281397	6.7135
8.81072	-0.109957	0.197585	22.4054
8.81072	-0.109957	0.197585	22.4054
7.24635	-0.0800995	0.159855	17.6359
7.24635	-0.0800995	0.159855	17.6359
6.72916	-0.0717428	0.144945	17.1382
6.72916	-0.0717428	0.144945	17.1382
5.7152	-0.0616626	0.12235	14.0587
5.7152	-0.0616626	0.12235	14.0587
12.1364	-0.144915	0.28593	5.85121
12.1364	-0.144915	0.28593	5.85121
11.3173	-0.124862	0.272219	7.05896
11.3173	-0.124862	0.272219	7.05896
9.41417	-0.118686	0.212194	21.196
9.41417	-0.118686	0.212194	21.196
7.7389	-0.0827098	0.171686	18.8492
7.7389	-0.0827098	0.171686	18.8492
6.79195	-0.0709689	0.146399	16.7825
6.79195	-0.0709689	0.146399	16.7825
5.64129	-0.0596875	0.120704	13.806
5.64129	-0.0596875	0.120704	13.806
11.794	-0.15429	0.278128	5.94969
11.794	-0.15429	0.278128	5.94969
10.9765	-0.133297	0.264973	8.13887
10.9765	-0.133297	0.264973	8.13887
9.91845	-0.126307	0.224016	17.5737
9.91845	-0.126307	0.224016	17.5737
8.14042	-0.084415	0.180897	20.2359
8.14042	-0.084415	0.180897	20.2359
6.82965	-0.0713983	0.147291	16.8626
6.82965	-0.0713983	0.147291	16.8626
5.59544	-0.0589801	0.1197	13.1836
5.59544	-0.0589801	0.1197	13.1836
11.6218	-0.156536	0.274518	5.97062
11.6218	-0.156536	0.274518	5.97062
10.8332	-0.130884	0.261954	10.0508
10.8332	-0.130884	0.261954	10.0508
10.1458	-0.126105	0.228913	17.2512
10.1458	-0.126105	0.228913	17.2512
8.30565	-0.0837647	0.18446	21.841
8.30565	-0.0837647	0.18446	21.841
6.84224	-0.0698954	0.147555	16.7671
6.84224	-0.0698954	0.147555	16.7671
5.5799	-0.0590616	0.119367	12.9182
5.5799	-0.0590616	0.119367	12.9182
12.9036	-0.14167	0.304876	5.98422
12.9036	-0.14167	0.304876	5.98422
12.1618	-0.117141	0.29178	6.97314
12.1618	-0.117141	0.29178	6.97314
8.06972	-0.101138	0.179441	23.7064
8.06972	-0.101138	0.179441	23.7064
6.77817	-0.0731615	0.146061	16.6942
6.77817	-0.0731615	0.146061	16.6942
6.15065	-0.0697171	0.132087	14.1391
6.15065	-0.0697171	0.132087	14.1391
6.11579	-0.0691635	0.132901	16.7443
6.11579	-0.0691635	0.132901	16.7443
12.7323	-0.145702	0.299893	5.78869
12.7323	-0.145702	0.299893	5.78869
11.7867	-0.115437	0.283288	7.07075
11.7867	-0.115437	0.283288	7.07075
8.62692	-0.107019	0.192948	23.0574
8.62692	-0.107019	0.192948	23.0574
6.9821	-0.0739071	0.150841	18.723
6.9821	-0.0739071	0.150841	18.723
6.46808	-0.0712769	0.140861	15.2071
6.46808	-0.0712769	0.140861	15.2071
5.94156	-0.0636557	0.128096	15.1265
5.94156	-0.0636557	0.128096	15.1265
12.4829	-0.145267	0.293068	5.79386
12.4829	-0.145267	0.293068	5.79386
11.3771	-0.117256	0.274031	7.52989
11.3771	-0.117256	0.274031	7.52989
9.21578	-0.116657	0.207277	22.3421
9.21578	-0.116657	0.207277	22.3421
7.13486	-0.0753607	0.154471	18.9846
7.13486	-0.0753607	0.154471	18.9846
6.88719	-0.0726905	0.15121	16.6181
6.88719	-0.0726905	0.15121	16.6181
5.78382	-0.060079	0.12444	14.1323
5.78382	-0.060079	0.12444	14.1323
12.1717	-0.152354	0.285182	5.57984
12.1717	-0.152354	0.285182	5.57984
10.9713	-0.121021	0.265016	7.91055
10.9713	-0.121021	0.265016	7.91055
9.78983	-0.128668	0.221236	20.0219
9.78983	-0.128668	0.221236	20.0219
7.324	-0.0743441	0.161661	17.1303
7.324	-0.0743441	0.161661	17.1303
7.241	-0.0752792	0.156981	18.6788
7.241	-0.0752792	0.156981	18.6788
5.66495	-0.0575379	0.121724	12.9671
5.66495	-0.0575379	0.121724	12.9671
11.8451	-0.156794	0.277397	5.79753
11.8451	-0.156794	0.277397	5.79753
10.6421	-0.125551	0.258013	9.66248
10.6421	-0.125551	0.258013	9.66248
10.2819	-0.137684	0.232873	16.4493
10.2819	-0.137684	0.232873	16.4493
7.68173	-0.0744162	0.169801	19.3595
7.68173	-0.0744162	0.169801	19.3595
7.3037	-0.0770774	0.158505	18.5498
7.3037	-0.0770774	0.158505	18.5498
5.59089	-0.0558153	0.12004	12.2109
5.59089	-0.0558153	0.12004	12.2109
11.6681	-0.165764	0.273763	5.58379
11.6681	-0.165764	0.273763	5.58379
10.5152	-0.138723	0.237945	14.1009
10.5152	-0.138723	0.237945	14.1009
10.5073	-0.122497	0.255168	9.91114
10.5073	-0.122497	0.255168	9.91114
7.82775	-0.0730053	0.172927	19.8801
7.82775	-0.0730053	0.172927	19.8801
7.32447	-0.0763928	0.158983	17.958
7.32447	-0.0763928	0.158983	17.958
5.56572	-0.0550128	0.119465	11.6094
5.56572	-0.0550128	0.119465	11.6094
12.6083	-0.14407	0.295678	5.78259
12.6083	-0.14407	0.295678	5.78259
11.4007	-0.11735	0.274809	7.84169
11.4007	-0.11735	0.274809	7.84169
9.1145	-0.114313	0.204692	21.2091
9.1145	-0.114313	0.204692	21.2091
7.27994	-0.0776739	0.157925	19.2769
7.27994	-0.0776739	0.157925	19.2769
6.23063	-0.0658982	0.134159	13.5031
6.23063	-0.0658982	0.134159	13.5031
6.18115	-0.0624032	0.135284	17.5163
6.18115	-0.0624032	0.135284	17.5163
12.406	-0.146698	0.289813	5.42281
12.406	-0.146698	0.289813	5.42281
10.9895	-0.11429	0.26556	8.29884
10.9895	-0.11429	0.26556	8.29884
9.63006	-0.125312	0.21719	22.4726
9.63006	-0.125312	0.21719	22.4726
7.51304	-0.0803931	0.163536	20.2033
7.51304	-0.0803931	0.163536	20.2033
6.5616	-0.0660717	0.143365	15.4896
6.5616	-0.0660717	0.143365	15.4896
5.98529	-0.0593687	0.12967	14.2541
5.98529	-0.0593687	0.12967	14.2541
12.137	-0.157154	0.282768	5.53574
12.137	-0.157154	0.282768	5.53574
10.5916	-0.118447	0.256867	9.7943
10.5916	-0.118447	0.256867	9.7943
10.1419	-0.137685	0.229642	19.4828
10.1419	-0.137685	0.229642	19.4828
7.67694	-0.0815048	0.167501	20.8221
7.67694	-0.0815048	0.167501	20.8221
6.94145	-0.0662599	0.152418	16.2239
6.94145	-0.0662599	0.152418	16.2239
5.81908	-0.0562178	0.125754	12.6778
5.81908	-0.0562178	0.125754	12.6778
11.8362	-0.163321	0.27536	5.55066
11.8362	-0.163321	0.27536	5.55066
10.5965	-0.149838	0.240557	13.5649
10.5965	-0.149838	0.240557	13.5649
10.2771	-0.116308	0.250104	11.5042
10.2771	-0.116308	0.250104	11.5042
7.77366	-0.0829935	0.16987	21.7206
7.77366	-0.0829935	0.16987	21.7206
7.25513	-0.0652274	0.159484	16.1469
7.25513	-0.0652274	0.159484	16.1469
5.71467	-0.0525053	0.123286	11.5102
5.71467	-0.0525053	0.123286	11.5102
11.6573	-0.174873	0.271621	5.67371
11.6573	-0.174873	0.271621	5.67371
10.8281	-0.14853	0.245586	12.6616
10.8281	-0.14853	0.245586	12.6616
10.151	-0.11675	0.247541	11.9933
10.151	-0.11675	0.247541	11.9933
7.80559	-0.082567	0.170635	22.6444
7.80559	-0.082567	0.170635	22.6444
7.38259	-0.065176	0.162221	16.5438
7.38259	-0.065176	0.162221	16.5438
5.67904	-0.0502905	0.122427	11.198
5.67904	-0.0502905	0.122427	11.198
12.2543	-0.161023	0.285192	4.85875
12.2543	-0.161023	0.285192	4.85875
10.5845	-0.116344	0.256719	9.1947
10.5845	-0.116344	0.256719	9.1947
10.0527	-0.137481	0.227385	22.0914
10.0527	-0.137481	0.227385	22.0914
7.82935	-0.0839188	0.171237	22.0917
7.82935	-0.0839188	0.171237	22.0917
6.30912	-0.0619511	0.136205	12.5686
6.30912	-0.0619511	0.136205	12.5686
6.25567	-0.0559694	0.137418	18.7613
6.25567	-0.0559694	0.137418	18.7613
12.0361	-0.170863	0.279115	5.49395
12.0361	-0.170863	0.279115	5.49395
10.4729	-0.150485	0.237597	18.7552
10.4729	-0.150485	0.237597	18.7552
10.2003	-0.11583	0.248347	11.8486
10.2003	-0.11583	0.248347	11.8486
8.06276	-0.08798	0.177034	25.0101
8.06276	-0.08798	0.177034	25.0101
6.61178	-0.059869	0.144447	14.4688
6.61178	-0.059869	0.144447	14.4688
6.06751	-0.0507233	0.131751	13.1197
6.06751	-0.0507233	0.131751	13.1197
11.775	-0.176451	0.27235	5.70798
11.775	-0.176451	0.27235	5.70798
10.86	-0.16258	0.246992	12.3865
10.86	-0.16258	0.246992	12.3865
9.90271	-0.107216	0.241888	13.691
9.90271	-0.107216	0.241888	13.691
8.20419	-0.0901168	0.180574	25.2543
8.20419	-0.0901168	0.180574	25.2543
6.88467	-0.0596848	0.150571	13.8701
6.88467	-0.0596848	0.150571	13.8701
5.93302	-0.0450033	0.128451	11.5476
5.93302	-0.0450033	0.128451	11.5476
11.6	-0.184079	0.268439	5.97085
11.6	-0.184079	0.268439	5.97085
11.0779	-0.166358	0.251913	10.8614
11.0779	-0.166358	0.251913	10.8614
9.78538	-0.106662	0.23951	14.0145
9.78538	-0.106662	0.23951	14.0145
8.25138	-0.0898688	0.181742	24.284
8.25138	-0.0898688	0.181742	24.284
6.99546	-0.0602517	0.152937	13.3
6.99546	-0.0602517	0.152937	13.3
5.88688	-0.043024	0.127327	11.4874
5.88688	-0.043024	0.127327	11.4874
11.8764	-0.177738	0.27415	5.91856
11.8764	-0.177738	0.27415	5.91856
10.7854	-0.164119	0.245172	15.0487
10.7854	-0.164119	0.245172	15.0487
9.83396	-0.106525	0.240285	14.2196
9.83396	-0.106525	0.240285	14.2196
8.3653	-0.0933713	0.184676	25.3446
8.3653	-0.0933713	0.184676	25.3446
6.37452	-0.0579451	0.137908	11.9487
6.37452	-0.0579451	0.137908	11.9487
6.33415	-0.0514282	0.138835	15.9261
6.33415	-0.0514282	0.138835	15.9261
11.6737	-0.185607	0.268564	6.07887
11.6737	-0.185607	0.268564	6.07887
11.0747	-0.179386	0.25232	11.205
11.0747	-0.179386	0.25232	11.205
9.55409	-0.101186	0.234377	16.1354
9.55409	-0.101186	0.234377	16.1354
8.55802	-0.0977486	0.189651	28.1858
8.55802	-0.0977486	0.189651	28.1858
6.59555	-0.0554749	0.143606	12.897
6.59555	-0.0554749	0.143606	12.897
6.19069	-0.047062	0.134405	13.2233
6.19069	-0.047062	0.134405	13.2233
11.5165	-0.193874	0.264848	6.75384
11.5165	-0.193874	0.264848	6.75384
11.2598	-0.182969	0.256603	8.9074
11.2598	-0.182969	0.256603	8.9074
9.445	-0.0987031	0.232158	16.2148
9.445	-0.0987031	0.232158	16.2148
8.62414	-0.0983396	0.191355	29.1054
8.62414	-0.0983396	0.191355	29.1054
6.6929	-0.0559374	0.145659	12.1154
6.6929	-0.0559374	0.145659	12.1154
6.13492	-0.0431925	0.132981	13.8502
6.13492	-0.0431925	0.132981	13.8502
11.5486	-0.195766	0.264685	6.66734
11.5486	-0.195766	0.264685	6.66734
11.2489	-0.195836	0.256701	10.1903
11.2489	-0.195836	0.256701	10.1903
9.28951	-0.0992533	0.228954	16.5719
9.28951	-0.0992533	0.228954	16.5719
8.79515	-0.102378	0.195886	32.6152
8.79515	-0.102378	0.195886	32.6152
6.41766	-0.0523525	0.138977	12.5516
6.41766	-0.0523525	0.138977	12.5516
6.40297	-0.050838	0.139355	13.5971
6.40297	-0.050838	0.139355	13.5971
11.4394	-0.203327	0.261857	7.45482
11.4394	-0.203327	0.261857	7.45482
11.3703	-0.201706	0.259641	8.00152
11.3703	-0.201706	0.259641	8.00152
9.18694	-0.0973642	0.226917	19.0498
9.18694	-0.0973642	0.226917	19.0498
8.87939	-0.104839	0.198157	32.2942
8.87939	-0.104839	0.198157	32.2942
6.49939	-0.0540039	0.141014	12.8648
6.49939	-0.0540039	0.141014	12.8648
6.34664	-0.0497344	0.137616	14.3272
6.34664	-0.0497344	0.137616	14.3272
11.4073	-0.209686	0.260698	7.94053
11.4073	-0.209686	0.260698	7.94053
11.4073	-0.209686	0.260698	7.94053
11.4073	-0.209686	0.260698	7.94053
9.08701	-0.0960739	0.224963	26.7936
9.08701	-0.0960739	0.224963	26.7936
8.97164	-0.107559	0.200677	31.3197
8.97164	-0.107559	0.200677	31.3197
6.43271	-0.051534	0.139374	14.17
6.43271	-0.051534	0.139374	14.17
6.43271	-0.051534	0.139374	14.17
6.43271	-0.051534	0.139374	14.17
13.2133	-0.137841	0.315067	6.55045
13.2133	-0.137841	0.315067	6.55045
13.2133	-0.137841	0.315067	6.55045
13.03	-0.126488	0.311676	6.82374
6.35261	-0.0741488	0.137097	17.1895
6.35261	-0.0741488	0.137097	17.1895
6.35261	-0.0741488	0.137097	17.1895
6.16263	-0.0697394	0.131852	14.8731
6.16263	-0.0697394	0.131852	14.8731
6.16263	-0.0697394	0.131852	14.8731
5.90379	-0.0683389	0.126069	14.3226
5.90379	-0.0683389	0.126069	14.3226
13.1676	-0.140582	0.3133	6.33956
13.0825	-0.136009	0.311787	6.60427
13.0825	-0.136009	0.311787	6.60427
12.807	-0.122036	0.306721	6.9826
6.83331	-0.0838898	0.149072	19.8112
6.5817	-0.0782355	0.14289	18.5827
6.5817	-0.0782355	0.14289	18.5827
6.2826	-0.0695455	0.134538	15.7121
6.21345	-0.0697189	0.133111	15.9644
6.21345	-0.0697189	0.133111	15.9644
5.98682	-0.069819	0.128329	15.3965
5.77437	-0.0659025	0.123174	14.1814
13.0305	-0.1402	0.309251	6.25422
12.8693	-0.131004	0.306413	6.44151
12.8693	-0.131004	0.306413	6.44151
12.5056	-0.120616	0.299842	7.00494
7.42352	-0.0925278	0.16367	20.6292
6.99449	-0.085255	0.153177	18.9197
6.99449	-0.085255	0.153177	18.9197
6.39086	-0.0699086	0.136985	16.6306
6.26007	-0.0748259	0.135405	15.4264
6.22591	-0.0688813	0.133495	15.831
6.22591	-0.0688813	0.133495	15.831
5.65191	-0.063512	0.120454	13.6494
12.806	-0.139608	0.303129	6.09944
12.5822	-0.131214	0.299382	6.16456
12.5822	-0.131214	0.299382	6.16456
12.1374	-0.116833	0.291239	6.71239
8.075	-0.099423	0.179686	22.7938
7.51385	-0.0885955	0.165954	18.9205
7.51385	-0.0885955	0.165954	18.9205
6.67818	-0.0754654	0.145918	15.8104
6.48403	-0.0708649	0.139112	16.8078
6.2289	-0.0678412	0.133636	16.0062
6.2289	-0.0678412	0.133636	16.0062
5.54186	-0.0641846	0.118086	13.5137
12.503	-0.140363	0.29526	5.9431
12.2369	-0.131183	0.291018	6.04992
12.2369	-0.131183	0.291018	6.04992
11.7224	-0.118552	0.28164	6.79425
8.74341	-0.110902	0.19615	21.7338
8.08031	-0.0946179	0.179821	20.6873
8.08031	-0.0946179	0.179821	20.6873
7.18074	-0.0786806	0.158394	17.5798
6.55938	-0.06964	0.140795	16.2885
6.22928	-0.0669214	0.133706	16.2705
6.22928	-0.0669214	0.133706	16.2705
5.44951	-0.0638147	0.116095	13.724
12.1413	-0.145151	0.286338	5.99775
11.8639	-0.137874	0.282369	5.93971
11.8639	-0.137874	0.282369	5.93971
11.297	-0.127907	0.272132	6.9149
9.38304	-0.120518	0.211714	20.5862
8.632	-0.100814	0.193088	19.9193
8.632	-0.100814	0.193088	19.9193
7.69492	-0.0839869	0.170867	18.7446
6.61474	-0.0708996	0.142078	16.214
6.22888	-0.065501	0.133733	15.9799
6.22888	-0.065501	0.133733	15.9799
5.37964	-0.0617184	0.114559	13.4484
11.7764	-0.155922	0.278044	6.06604
11.5324	-0.143177	0.275056	6.71438
11.5324	-0.143177	0.275056	6.71438
10.9374	-0.130672	0.264329	8.51156
9.92115	-0.126798	0.224329	17.6853
9.07874	-0.106125	0.203425	20.7159
9.07874	-0.106125	0.203425	20.7159
8.11817	-0.0845303	0.180586	20.4608
6.64858	-0.0695962	0.142821	16.16
6.22843	-0.0652711	0.13376	15.8593
6.22843	-0.0652711	0.13376	15.8593
5.33605	-0.0621569	0.113641	13.6937
11.5875	-0.153574	0.274014	6.03022
11.3851	-0.1474	0.272068	6.93078
11.3851	-0.1474	0.272068	6.93078
10.7843	-0.131476	0.261191	10.0834
10.1689	-0.126722	0.229639	17.5765
9.26574	-0.104462	0.207435	19.6131
9.26574	-0.104462	0.207435	19.6131
8.29422	-0.084001	0.184385	23.914
6.65996	-0.0708554	0.143105	15.577
6.22824	-0.064352	0.133752	15.9562
6.22824	-0.064352	0.133752	15.9562
5.32124	-0.0617957	0.113319	13.7042
13.0832	-0.140932	0.310888	6.29351
13.0832	-0.140932	0.310888	6.29351
12.916	-0.135443	0.307992	6.32949
12.5414	-0.11929	0.301043	7.35476
7.09347	-0.0875384	0.155595	20.8724
7.09347	-0.0875384	0.155595	20.8724
6.57646	-0.0791044	0.143214	20.1742
6.42828	-0.0713846	0.137927	16.1279
6.42828	-0.0713846	0.137927	16.1279
6.32815	-0.0716068	0.135759	15.3837
5.82399	-0.0689019	0.12452	14.8079
5.71345	-0.0655913	0.122154	14.5781
12.9908	-0.141935	0.307651	6.27041
12.9172	-0.136397	0.306382	6.41836
12.6739	-0.128396	0.302178	6.54001
12.2012	-0.113363	0.293374	7.37456
7.71503	-0.0964072	0.170859	22.4041
7.492	-0.0909655	0.165356	20.295
6.83417	-0.0808989	0.149494	18.9128
6.60264	-0.0727164	0.141874	16.4693
6.5509	-0.0713307	0.140854	16.5211
6.33617	-0.070606	0.136236	16.3318
5.96723	-0.0720623	0.128494	14.845
5.5561	-0.0639584	0.118637	14.4151
12.8071	-0.143453	0.302272	5.95349
12.6764	-0.136073	0.300198	6.01405
12.367	-0.125014	0.294856	6.24063
11.7999	-0.111457	0.284218	7.69382
8.38869	-0.104984	0.187353	23.8433
7.99556	-0.0950122	0.177581	20.1702
7.26309	-0.0818762	0.159893	19.2657
6.74574	-0.0723976	0.145097	17.0711
6.63699	-0.0710007	0.142974	17.3402
6.30478	-0.0736128	0.137143	14.3583
6.28897	-0.0682535	0.135325	16.1462
5.38609	-0.0649591	0.114901	13.8711
12.5375	-0.144095	0.294929	5.88051
12.374	-0.137894	0.29269	5.89159
12.0132	-0.128169	0.286614	6.09079
11.359	-0.114978	0.274204	7.13242
9.07137	-0.11734	0.204141	24.4067
8.54542	-0.102879	0.190928	20.9345
7.75711	-0.0879027	0.171919	19.9799
6.85884	-0.0729526	0.147663	16.2437
6.74884	-0.0721946	0.148167	15.9931
6.69668	-0.0703796	0.144464	16.9931
6.24268	-0.0656836	0.13435	15.7041
5.24096	-0.0629815	0.111684	13.8711
12.1955	-0.147186	0.286154	5.67724
12.0374	-0.14362	0.284692	6.07508
11.6469	-0.131796	0.278257	6.456
10.9171	-0.122715	0.264389	8.01878
9.72444	-0.129256	0.220131	20.3226
9.0801	-0.109722	0.203717	20.8818
8.24582	-0.0904818	0.183518	19.4484
7.22198	-0.0732636	0.159605	17.6858
6.94092	-0.0734483	0.149529	16.3792
6.73673	-0.0705071	0.145486	17.4511
6.20666	-0.0626285	0.133563	15.8725
5.13021	-0.0624794	0.109265	13.8068
11.8224	-0.158691	0.277411	5.79033
11.7304	-0.148747	0.277782	6.09815
11.3375	-0.135944	0.271526	6.81242
10.5517	-0.124846	0.2565	9.73041
10.2903	-0.140517	0.233638	16.0323
9.51408	-0.113176	0.213708	18.7195
8.63733	-0.0937439	0.192481	19.2613
7.61771	-0.0745789	0.168715	20.4678
6.99076	-0.0731442	0.15065	16.2039
6.76003	-0.0705647	0.146084	16.887
6.18406	-0.0616029	0.133089	15.9615
5.06072	-0.0621035	0.107753	13.419
11.6035	-0.161834	0.272861	5.88571
11.591	-0.152041	0.274885	6.02204
11.2067	-0.143238	0.268964	7.90129
10.5743	-0.140193	0.239697	14.4791
10.399	-0.121411	0.25328	11.3617
9.69707	-0.114863	0.217711	18.1091
8.79685	-0.0953654	0.195969	20.6347
7.78248	-0.0728215	0.172246	23.1613
7.00747	-0.0731141	0.151027	16.5355
6.7677	-0.0698995	0.146267	17.0484
6.17637	-0.0619285	0.132942	15.759
5.03703	-0.0615408	0.107229	13.2399
12.8722	-0.141804	0.304111	6.1072
12.8722	-0.141804	0.304111	6.1072
12.4111	-0.126042	0.296247	6.56941
11.8276	-0.108524	0.285128	7.40205
8.08517	-0.100781	0.179868	23.5802
8.08517	-0.100781	0.179868	23.5802
6.82264	-0.0723442	0.147012	17.7629
6.82264	-0.0723442	0.147012	17.7629
6.77547	-0.0780706	0.148706	18.8366
6.50175	-0.0712308	0.139891	15.8245
5.77736	-0.0687834	0.12382	13.9049
5.56772	-0.0667468	0.11984	14.7891
12.7342	-0.143923	0.299583	5.70108
12.68	-0.142177	0.298863	5.82019
12.093	-0.122569	0.288914	6.48594
11.3991	-0.10903	0.275551	7.52391
8.73355	-0.109921	0.19567	23.6753
8.53268	-0.102909	0.190569	23.7621
7.04262	-0.0770666	0.154809	19.823
7.03704	-0.075186	0.151943	17.5626
7.00796	-0.0749139	0.151522	18.4514
6.46841	-0.0683666	0.139634	15.8115
5.96764	-0.069208	0.129112	13.7908
5.39644	-0.0655259	0.11588	14.2216
12.5059	-0.147666	0.293038	5.7533
12.4254	-0.144463	0.292292	5.71112
11.74	-0.12579	0.28091	6.84709
10.9386	-0.111791	0.26519	8.26129
9.39412	-0.123018	0.211893	23.6375
9.02527	-0.109957	0.202372	22.8359
7.45285	-0.0794582	0.164508	18.8587
7.20027	-0.075348	0.155669	17.4388
7.14624	-0.0751973	0.154931	18.8628
6.37536	-0.063308	0.137674	15.4136
6.3406	-0.0671532	0.138521	14.3533
5.19885	-0.0629239	0.111349	14.0232
12.1948	-0.149799	0.284686	5.42475
12.1326	-0.152133	0.285177	6.02119
11.3877	-0.124844	0.27296	7.13795
10.4861	-0.117866	0.255183	10.661
10.0313	-0.138039	0.227627	21.1562
9.51038	-0.117425	0.213895	21.053
7.87225	-0.0825088	0.174332	18.447
7.31589	-0.0763632	0.15833	18.5884
7.24035	-0.0755248	0.157287	19.0114
6.76404	-0.0649503	0.148745	15.6543
6.29887	-0.0585433	0.135959	15.8494
5.04342	-0.0619092	0.107859	13.3671
11.8589	-0.151244	0.278727	5.99828
11.8244	-0.162093	0.275655	5.94073
11.1028	-0.13179	0.266944	7.3292
10.6038	-0.150962	0.241553	14.101
10.1193	-0.11131	0.247101	12.1174
9.90831	-0.12653	0.223157	17.4753
8.20666	-0.0831368	0.181851	18.2137
7.38511	-0.0762096	0.159907	17.8788
7.29496	-0.0755227	0.158661	19.9245
7.12641	-0.0635899	0.157037	17.9947
6.25036	-0.0571658	0.134895	16.1028
4.94485	-0.0615591	0.105666	12.9614
11.7323	-0.155323	0.276049	5.34147
11.5627	-0.172274	0.270298	6.27579
10.9871	-0.136921	0.264661	8.49832
10.9339	-0.151709	0.24862	12.5801
10.0777	-0.125461	0.226817	15.0243
9.96835	-0.107945	0.243925	12.4993
8.34038	-0.0835823	0.18474	18.1235
7.40817	-0.0752945	0.160415	17.8596
7.31287	-0.0753138	0.159108	20.3785
7.27799	-0.0636617	0.16032	19.9179
6.23379	-0.0567482	0.134532	16.2434
4.91108	-0.0611953	0.104912	12.6662
12.5917	-0.144993	0.295307	5.54431
12.5917	-0.144993	0.295307	5.54431
11.7738	-0.125094	0.281922	6.90749
10.9502	-0.116029	0.265773	8.64712
9.11396	-0.113985	0.204698	23.8836
9.11396	-0.113985	0.204698	23.8836
7.31194	-0.0768095	0.158549	19.2668
7.31194	-0.0768095	0.158549	19.2668
6.93113	-0.0700234	0.152786	23.7622
6.66897	-0.0673568	0.143859	14.494
5.75791	-0.0676663	0.123787	12.782
5.48316	-0.0645091	0.119112	14.0263
12.4125	-0.150767	0.289741	5.46457
12.3894	-0.152966	0.2899	5.29306
11.4306	-0.119663	0.274159	7.45919
10.4767	-0.114613	0.255118	10.3821
9.71213	-0.128259	0.219387	24.24
9.52077	-0.121202	0.21432	24.0531
7.54311	-0.0794086	0.16395	20.4151
7.53816	-0.0797557	0.164156	21.4887
7.18405	-0.0729989	0.158157	19.1272
6.60038	-0.0622147	0.142945	15.3855
5.97662	-0.0632023	0.129814	12.2857
5.31622	-0.0625885	0.11497	13.342
12.1487	-0.154539	0.283686	5.73393
12.1455	-0.163343	0.282403	5.34339
11.0994	-0.122399	0.266939	7.56576
10.2974	-0.145824	0.233975	20.1645
10.0192	-0.110451	0.24483	13.4659
9.92308	-0.129493	0.223777	20.758
7.70466	-0.0812381	0.167738	20.0172
7.7011	-0.0821286	0.16828	22.0548
7.5291	-0.0738632	0.165908	17.515
6.48453	-0.0557121	0.140408	16.34
6.34059	-0.0586971	0.138716	13.5556
5.12282	-0.060971	0.11041	12.8101
11.9195	-0.15908	0.278213	5.40579
11.799	-0.1677	0.273299	5.85995
10.8423	-0.164015	0.247677	13.0272
10.8411	-0.131428	0.261655	8.46378
10.2566	-0.135148	0.231431	15.4076
9.65419	-0.100338	0.236744	13.6458
7.80766	-0.0742959	0.172033	16.7308
7.80022	-0.0823201	0.169982	19.7076
7.79798	-0.0831147	0.170755	22.2156
6.6664	-0.0578066	0.146196	14.4526
6.40762	-0.0531444	0.138678	16.359
4.99559	-0.0606122	0.107488	12.029
11.8128	-0.163846	0.275894	5.14488
11.4696	-0.176203	0.266299	6.50909
11.239	-0.161723	0.256209	10.2509
10.7393	-0.129428	0.259527	9.69033
10.3994	-0.135828	0.234552	14.5405
9.50585	-0.0965458	0.23362	12.8155
7.91781	-0.0738585	0.174361	16.5085
7.83187	-0.0821268	0.170714	19.1927
7.83001	-0.0821919	0.171551	23.7522
6.80416	-0.056939	0.149153	14.3554
6.3811	-0.0527601	0.138086	16.8037
4.95158	-0.0621532	0.106517	12.0496
12.2666	-0.162002	0.285546	5.30408
12.2666	-0.162002	0.285546	5.30408
11.1065	-0.116987	0.26709	7.88073
10.024	-0.137093	0.226672	23.6088
10.024	-0.137093	0.226672	23.6088
9.99687	-0.106683	0.24424	13.0489
7.84909	-0.0841436	0.171562	21.6753
7.84909	-0.0841436	0.171562	21.6753
7.02719	-0.0661017	0.154961	23.3548
6.81571	-0.0623066	0.147351	13.9589
5.75677	-0.0636095	0.124122	11.6512
5.47621	-0.0603114	0.119934	13.1766
12.0879	-0.165942	0.280681	5.32979
12.0597	-0.170643	0.279327	5.47344
10.8021	-0.121188	0.260666	8.66154
10.5181	-0.152935	0.239026	18.354
10.3179	-0.143395	0.233377	17.8655
9.53907	-0.0982171	0.233914	15.4437
8.08708	-0.0865615	0.177607	24.5234
8.07054	-0.0867223	0.176865	23.418
7.23728	-0.0662414	0.158827	16.9927
6.72551	-0.0566379	0.145966	16.4979
5.97824	-0.0564764	0.130093	12.0772
5.33517	-0.0591272	0.116053	12.1151
11.9187	-0.173412	0.276508	5.23734
11.7755	-0.178431	0.271376	6.13834
10.9816	-0.175125	0.251124	11.6076
10.5717	-0.125856	0.255983	10.2418
10.5559	-0.150438	0.238734	14.275
9.17786	-0.0918953	0.226056	17.4335
8.23655	-0.0900049	0.181518	26.7501
8.20221	-0.0884714	0.180035	23.1716
7.46308	-0.0669843	0.163563	14.5689
6.6214	-0.0533227	0.143657	17.0938
6.26387	-0.0546591	0.136737	12.74
5.1875	-0.057948	0.112436	10.9881
11.8417	-0.176963	0.274735	5.28484
11.4829	-0.178881	0.262484	8.8369
11.3353	-0.183874	0.261402	6.71146
10.6559	-0.153793	0.240934	12.1924
10.483	-0.12278	0.254127	10.7094
9.03225	-0.0909331	0.223078	14.993
8.28732	-0.0908913	0.182855	27.1204
8.24582	-0.0882917	0.181072	23.2169
7.55274	-0.0648729	0.165368	14.4786
6.58445	-0.0508792	0.14278	17.352
6.38836	-0.0534166	0.139394	12.3616
5.13467	-0.0607117	0.111241	10.4476
11.9576	-0.179432	0.276243	5.54754
11.9576	-0.179432	0.276243	5.54754
10.6889	-0.161051	0.242707	15.3162
10.6889	-0.161051	0.242707	15.3162
10.528	-0.122878	0.254986	10.9495
9.08436	-0.0895067	0.223728	21.6006
8.37516	-0.0929209	0.184727	26.0069
8.37516	-0.0929209	0.184727	26.0069
7.05744	-0.0621692	0.154857	18.6537
6.92983	-0.0596115	0.150119	14.1908
5.76444	-0.0579045	0.124565	11.2501
5.55582	-0.0518191	0.121871	11.2457
11.8703	-0.187459	0.273913	5.47273
11.7803	-0.188363	0.27077	6.21273
11.0126	-0.182368	0.251339	11.887
10.8018	-0.166792	0.244902	12.4178
10.3247	-0.121104	0.250817	12.4769
8.72732	-0.0838389	0.216066	17.6931
8.5798	-0.0970401	0.190156	27.3789
8.55179	-0.095848	0.189115	26.1195
7.19608	-0.0630996	0.157047	14.1125
6.84391	-0.0563719	0.148666	16.456
5.94821	-0.0522855	0.129286	11.7818
5.4611	-0.0493496	0.1188	10.1534
11.8348	-0.187812	0.272975	5.22796
11.6606	-0.194577	0.267133	6.74058
11.1815	-0.199338	0.256312	8.7926
10.8425	-0.172821	0.245706	11.2947
10.2478	-0.120721	0.249287	12.7648
8.65237	-0.098486	0.192116	29.7199
8.61114	-0.0965757	0.190591	27.3376
8.5837	-0.0855514	0.213245	16.435
7.26922	-0.0643542	0.158506	13.2321
6.79736	-0.0544206	0.147591	16.9967
6.06047	-0.0517876	0.13171	11.7929
5.40315	-0.0491577	0.117322	8.95218
11.8032	-0.198271	0.271212	5.6317
11.8032	-0.198271	0.271212	5.6317
10.9791	-0.181955	0.249572	12.2164
10.9791	-0.181955	0.249572	12.2164
10.1433	-0.115021	0.247054	13.3095
8.79973	-0.102199	0.195808	30.8638
8.79973	-0.102199	0.195808	30.8638
8.3728	-0.082213	0.208691	19.7938
7.0416	-0.0608967	0.153412	16.3269
7.0021	-0.058589	0.151899	14.7255
5.7727	-0.0513737	0.124882	11.0664
5.69451	-0.046511	0.124037	11.5789
11.8149	-0.204547	0.271564	5.3236
11.7686	-0.205214	0.269982	5.48244
11.0487	-0.18995	0.251524	12.675
10.9557	-0.186064	0.248646	12.2668
10.0752	-0.114339	0.245712	14.0641
8.8915	-0.104566	0.198351	33.1237
8.87563	-0.104508	0.197792	31.8334
8.22963	-0.0844477	0.205981	23.5203
7.08882	-0.0604922	0.15406	15.2397
6.96322	-0.0580834	0.151197	16.0836
5.8492	-0.0496074	0.126727	11.2626
5.662	-0.0421414	0.122681	11.08
11.8048	-0.208204	0.270927	5.0735
11.8048	-0.208204	0.270927	5.0735
10.9937	-0.191976	0.249662	13.9398
10.9937	-0.191976	0.249662	13.9398
10.0105	-0.110802	0.244377	14.5351
8.97534	-0.107774	0.200594	32.1669
8.97534	-0.107774	0.200594	32.1669
8.08611	-0.0834336	0.203249	23.8898
7.02684	-0.0587059	0.15252	15.4637
7.02684	-0.0587059	0.15252	15.4637
5.77609	-0.0446188	0.124914	12.0696
5.77609	-0.0446188	0.124914	12.0696
12.9656	-0.139226	0.307949	6.2701
12.9656	-0.139226	0.307949	6.2701
12.9656	-0.139226	0.307949	6.2701
12.2281	-0.115888	0.294442	6.99811
7.2018	-0.087708	0.158454	22.7228
7.2018	-0.087708	0.158454	22.7228
7.2018	-0.087708	0.158454	22.7228
6.556	-0.0728283	0.140858	16.3699
6.556	-0.0728283	0.140858	16.3699
6.556	-0.0728283	0.140858	16.3699
5.56423	-0.0663056	0.118735	14.7782
5.56423	-0.0663056	0.118735	14.7782
12.9194	-0.141886	0.305574	6.2485
12.7748	-0.134269	0.303152	6.15308
12.7748	-0.134269	0.303152	6.15308
11.8431	-0.107781	0.285846	7.62686
7.89275	-0.0994226	0.17533	26.6562
7.44717	-0.0893614	0.164495	21.929
7.44717	-0.0893614	0.164495	21.929
6.75886	-0.0720688	0.145366	15.8383
6.67166	-0.071742	0.143614	15.9477
6.67166	-0.071742	0.143614	15.9477
5.62809	-0.0699462	0.120708	14.4471
5.31279	-0.0639055	0.113159	14.4881
12.7773	-0.144504	0.300933	6.13847
12.52	-0.134472	0.296947	5.87904
12.52	-0.134472	0.296947	5.87904
11.401	-0.104885	0.275848	7.81738
8.60952	-0.110251	0.192841	24.9938
7.83042	-0.0910608	0.173631	21.3776
7.83042	-0.0910608	0.173631	21.3776
6.93161	-0.0735339	0.149251	16.7169
6.7343	-0.0694107	0.145277	17.236
6.7343	-0.0694107	0.145277	17.236
5.88058	-0.0708576	0.127301	14.2182
5.08143	-0.0634051	0.108085	13.9548
12.5413	-0.144263	0.294087	5.67089
12.2179	-0.139099	0.289788	5.78854
12.2179	-0.139099	0.289788	5.78854
10.9247	-0.11576	0.265273	8.31877
9.31982	-0.12355	0.210313	24.3856
8.28561	-0.0941234	0.184424	21.8206
8.28561	-0.0941234	0.184424	21.8206
7.07013	-0.0745816	0.152365	16.3466
6.76309	-0.0678832	0.146155	18.2014
6.76309	-0.0678832	0.146155	18.2014
6.26581	-0.069266	0.136975	13.239
4.88278	-0.0628786	0.103744	14.4118
12.2178	-0.150321	0.285488	5.53303
11.8999	-0.140133	0.282363	6.42242
11.8999	-0.140133	0.282363	6.42242
10.4544	-0.115954	0.254687	10.2414
9.996	-0.136657	0.227003	20.9956
8.73805	-0.098482	0.195033	19.3489
8.73805	-0.098482	0.195033	19.3489
7.17129	-0.0736695	0.154605	16.7062
6.77627	-0.0673554	0.146628	18.2412
6.77627	-0.0673554	0.146628	18.2412
6.70406	-0.0638757	0.147518	15.8928
4.72939	-0.0625063	0.100403	14.9907
11.8268	-0.164817	0.275963	5.86397
11.6296	-0.142376	0.27636	6.46883
11.6296	-0.142376	0.27636	6.46883
10.604	-0.150754	0.24187	13.8312
10.0701	-0.107508	0.246153	12.5257
9.09827	-0.10321	0.203247	20.0675
9.09827	-0.10321	0.203247	20.0675
7.23286	-0.0726359	0.155958	16.1327
7.08279	-0.0637094	0.156238	19.1678
6.78203	-0.0667868	0.146858	17.9493
6.78203	-0.0667868	0.146858	17.9493
4.63223	-0.0614795	0.098277	14.4527
11.5344	-0.17203	0.269977	6.53905
11.5154	-0.146981	0.274037	5.9716
11.5154	-0.146981	0.274037	5.9716
10.9696	-0.148997	0.249565	11.911
9.91065	-0.104255	0.242798	12.1351
9.24386	-0.105071	0.206436	17.9361
9.24386	-0.105071	0.206436	17.9361
7.25354	-0.0722974	0.156413	15.629
7.24271	-0.0641264	0.159711	21.3636
6.78365	-0.0664174	0.146925	18.435
6.78365	-0.0664174	0.146925	18.435
4.59893	-0.0624363	0.0975757	13.9964
12.7797	-0.141033	0.301835	5.80564
12.7797	-0.141033	0.301835	5.80564
12.5691	-0.131765	0.298359	6.31919
11.4174	-0.106793	0.276597	8.28464
8.13707	-0.0998436	0.181246	25.2625
8.13707	-0.0998436	0.181246	25.2625
7.49742	-0.0857527	0.165931	26.5167
6.94326	-0.0731972	0.149675	17.2764
6.94326	-0.0731972	0.149675	17.2764
6.82178	-0.0708692	0.146979	16.4353
5.39305	-0.066984	0.115313	14.6632
5.18506	-0.064876	0.110762	14.2767
12.6869	-0.144406	0.298144	5.73201
12.5796	-0.139512	0.29668	5.52455
12.3114	-0.134189	0.29242	6.0673
10.9396	-0.111201	0.266035	8.2162
8.84987	-0.111057	0.198585	28.0674
8.45797	-0.100541	0.188789	27.4173
7.70922	-0.0864532	0.170898	25.2166
7.16408	-0.0741166	0.154624	17.1579
7.10735	-0.0735126	0.153693	18.1625
6.90371	-0.0696517	0.149091	16.3694
5.49864	-0.0678974	0.118437	14.1064
4.94252	-0.0626204	0.105428	14.6559
12.4967	-0.148782	0.292233	5.40964
12.3344	-0.145575	0.290726	5.75823
12.0205	-0.134506	0.285689	6.42878
10.4335	-0.116354	0.2547	10.4671
9.5505	-0.127045	0.215858	27.947
8.83425	-0.103872	0.19753	24.2218
8.04541	-0.0868086	0.178526	22.4863
7.33718	-0.0749693	0.158511	17.0805
7.22876	-0.0742824	0.15684	19.2205
6.91345	-0.0666031	0.149647	18.8937
5.80785	-0.0692703	0.126437	12.8628
4.69164	-0.0614109	0.0998668	14.933
12.2111	-0.157073	0.284266	5.35343
12.0729	-0.145604	0.28445	6.08008
11.7293	-0.131552	0.279013	6.38456
10.2146	-0.144243	0.232449	21.0286
9.94059	-0.105607	0.243362	14.6686
9.21327	-0.108174	0.206229	20.3285
8.40525	-0.0896596	0.186683	20.2297
7.46207	-0.0769303	0.161344	17.1624
7.30819	-0.0737631	0.158963	20.7342
6.8989	-0.0649168	0.149559	19.9149
6.19961	-0.060255	0.13587	11.9105
4.49179	-0.0612413	0.0954728	14.8521
11.8509	-0.148036	0.279419	5.81705
11.8343	-0.16771	0.274408	5.97168
11.496	-0.134396	0.273971	6.56542
10.8236	-0.163723	0.247919	12.5662
9.54188	-0.0998212	0.234571	15.1969
9.51565	-0.112664	0.213022	17.2964
8.69156	-0.0926368	0.193033	17.4701
7.5376	-0.0759916	0.163013	16.5616
7.35257	-0.0730718	0.160171	21.4039
6.88437	-0.0640581	0.149368	20.3316
6.55352	-0.0528006	0.143896	14.839
4.3634	-0.0607748	0.0926507	15.1002
11.758	-0.146818	0.277359	5.36386
11.4155	-0.173131	0.265608	6.78286
11.4025	-0.145068	0.272246	6.3438
11.3207	-0.163681	0.258501	11.2575
9.63695	-0.114263	0.215662	15.3965
9.37743	-0.095092	0.231073	13.2223
8.80446	-0.0937214	0.195462	17.0254
7.56289	-0.0760169	0.163579	17.4246
7.36683	-0.0735655	0.160578	21.7386
6.87876	-0.0634532	0.14928	20.9445
6.7057	-0.0511781	0.14716	17.4012
4.3191	-0.0619252	0.0917048	15.2769
12.5435	-0.149459	0.294273	5.19449
12.5435	-0.149459	0.294273	5.19449
12.0628	-0.131342	0.286844	6.67877
10.4317	-0.112385	0.254761	10.3519
9.11302	-0.114443	0.20473	29.3529
9.11302	-0.114443	0.20473	29.3529
7.69143	-0.0827345	0.170623	29.2571
7.40302	-0.0756292	0.160381	18.4634
7.40302	-0.0756292	0.160381	18.4634
7.06416	-0.0694869	0.152634	16.1767
5.26209	-0.0660537	0.11286	13.8424
4.89071	-0.0631073	0.105241	15.0617
12.4118	-0.158324	0.289637	5.45417
12.3612	-0.154552	0.289614	5.74291
11.7937	-0.129398	0.280816	6.80813
9.90146	-0.102525	0.242547	14.782
9.75927	-0.131313	0.220674	27.7229
9.39387	-0.117254	0.211061	26.6003
7.84935	-0.0803785	0.173846	25.431
7.62779	-0.0785059	0.165511	18.6691
7.61257	-0.0791151	0.165687	21.6164
7.11061	-0.0673054	0.154027	17.5773
5.40308	-0.066044	0.116953	13.3588
4.67929	-0.0615486	0.10055	14.9103
12.1873	-0.16277	0.282797	5.27139
12.1658	-0.15337	0.284719	5.75268
11.5361	-0.130693	0.275196	6.55047
10.3674	-0.149756	0.236002	20.9292
9.66791	-0.122728	0.217136	20.2892
9.39066	-0.0956221	0.230893	19.2557
8.10111	-0.082966	0.17914	19.7195
7.78647	-0.0800399	0.169128	18.807
7.76965	-0.0815984	0.169813	23.1725
7.08025	-0.0640768	0.153694	20.2988
5.73011	-0.0638223	0.125151	11.6235
4.44763	-0.0602145	0.0952829	14.5842
12.0029	-0.157986	0.280961	5.33393
11.8816	-0.172733	0.27416	6.04746
11.3394	-0.133378	0.271071	6.73562
10.9092	-0.173964	0.250302	11.5634
9.88332	-0.12384	0.221725	15.6994
8.98061	-0.0859408	0.221751	18.0555
8.31527	-0.083645	0.183618	16.3966
7.8812	-0.0794389	0.171258	19.1793
7.86483	-0.0825977	0.172373	25.2513
7.04509	-0.0633712	0.153094	21.1259
6.05291	-0.0551445	0.13249	11.0281
4.29102	-0.0617784	0.091804	14.9644
11.9364	-0.156697	0.27942	4.98461
11.619	-0.182057	0.266235	8.5382
11.2636	-0.143336	0.269731	6.84111
11.2515	-0.178818	0.260192	6.86673
9.96839	-0.12715	0.223558	14.3708
8.81209	-0.087426	0.218311	15.3483
8.39956	-0.0845319	0.185367	15.9713
7.91272	-0.0807388	0.171997	19.0652
7.8965	-0.0825238	0.173227	25.1916
7.03139	-0.062101	0.152821	20.9411
6.19577	-0.0494664	0.135467	11.3898
4.23619	-0.0617912	0.0905789	15.2138
12.3002	-0.161214	0.286448	5.48592
12.3002	-0.161214	0.286448	5.48592
11.5563	-0.12761	0.275736	7.09992
9.94201	-0.13289	0.224548	24.6444
9.94201	-0.13289	0.224548	24.6444
9.35234	-0.0953416	0.229967	19.4186
7.90671	-0.0832215	0.172512	20.0072
7.90671	-0.0832215	0.172512	20.0072
7.76001	-0.0775851	0.171694	28.7041
7.2688	-0.0660073	0.157408	15.7548
5.16862	-0.0646207	0.111272	12.9008
4.73021	-0.0602402	0.102958	15.641
12.1835	-0.1632	0.283367	5.18898
12.1602	-0.170657	0.281596	5.06206
11.3368	-0.127663	0.271118	7.30323
10.4474	-0.152207	0.23738	18.8656
10.0917	-0.136516	0.227471	19.0752
8.82729	-0.0831449	0.217856	22.0368
8.13868	-0.0867673	0.178551	23.814
8.11304	-0.085589	0.177306	21.2236
7.85052	-0.0762968	0.172977	19.6683
7.28125	-0.0648251	0.158096	18.1861
5.33007	-0.062844	0.115806	11.8268
4.5782	-0.058017	0.0993322	14.4144
12.0918	-0.166897	0.281144	4.80124
11.9725	-0.184754	0.275855	5.78906
11.1752	-0.133717	0.267935	7.40616
10.8613	-0.175188	0.24848	12.6578
10.1946	-0.140967	0.229326	14.592
8.40701	-0.0768218	0.208568	17.3174
8.29251	-0.0900858	0.182711	28.5866
8.23519	-0.0865426	0.18014	22.1704
7.99158	-0.0764141	0.17554	15.6152
7.23329	-0.0630022	0.157289	20.9208
5.60988	-0.0568955	0.122376	11.1588
4.41246	-0.061333	0.0954796	13.815
12.0563	-0.1745	0.28046	4.75316
11.8577	-0.194602	0.272393	6.24252
11.1146	-0.144536	0.26696	8.1439
11.0526	-0.193871	0.254104	9.45604
10.2322	-0.144097	0.229988	13.1443
8.3464	-0.0906969	0.184186	28.2358
8.27564	-0.0880245	0.181104	21.4299
8.23409	-0.0801315	0.205091	16.9851
8.05144	-0.078025	0.176703	13.6848
7.21144	-0.0625173	0.156862	21.4446
5.74267	-0.0527891	0.125172	11.2166
4.35092	-0.0616651	0.0940564	13.7662
12.1403	-0.178994	0.280909	4.86963
12.1403	-0.178994	0.280909	4.86963
11.1559	-0.129319	0.267523	7.78441
10.4616	-0.154553	0.236864	15.9544
10.4616	-0.154553	0.236864	15.9544
8.40429	-0.0923282	0.184926	26.3972
8.40429	-0.0923282	0.184926	26.3972
8.28984	-0.0714546	0.20548	22.573
7.70879	-0.0744214	0.169444	21.237
7.4238	-0.0629227	0.161043	16.5169
5.10761	-0.0608075	0.110306	11.315
4.7461	-0.0567976	0.10422	14.0532
12.1303	-0.186659	0.280691	4.62224
12.0694	-0.194416	0.278165	5.10285
11.0257	-0.139433	0.265173	8.94023
10.734	-0.172824	0.244146	16.1175
10.4391	-0.158207	0.235481	14.9252
8.6139	-0.096303	0.190611	28.3143
8.56339	-0.0947685	0.188743	25.8874
7.85764	-0.0719832	0.196145	16.5822
7.74314	-0.0744805	0.169426	16.7997
7.41053	-0.0642689	0.161129	18.3991
5.2599	-0.0535102	0.114232	11.3827
4.67231	-0.060249	0.102061	11.5218
12.1277	-0.190708	0.280682	4.69372
12.0317	-0.198355	0.27677	4.96966
10.9776	-0.138148	0.264207	9.36203
10.8398	-0.182911	0.247135	16.9684
10.4237	-0.158264	0.234704	15.0657
8.69196	-0.0974453	0.192783	30.8321
8.61627	-0.0957261	0.190017	26.3842
7.78231	-0.0750676	0.170037	15.6589
7.67814	-0.0744698	0.19257	17.193
7.38283	-0.0635906	0.160596	19.033
5.38077	-0.0518229	0.116863	11.5789
4.61317	-0.0638209	0.100611	11.8913
12.1383	-0.201396	0.27993	4.60757
12.1383	-0.201396	0.27993	4.60757
10.9183	-0.13725	0.263067	10.1708
10.5998	-0.168209	0.239599	17.2815
10.5998	-0.168209	0.239599	17.2815
8.81298	-0.100241	0.195565	30.5319
8.81298	-0.100241	0.195565	30.5319
7.60501	-0.0689078	0.1659	17.9525
7.52038	-0.0650678	0.163405	16.9811
7.40969	-0.0750051	0.186699	17.4763
5.07368	-0.0496407	0.109648	10.5717
4.92344	-0.0478076	0.107604	10.142
12.1628	-0.200491	0.280498	4.40441
12.1375	-0.195561	0.27932	4.39295
10.8788	-0.134446	0.262256	10.1121
10.6567	-0.16997	0.241042	20.9031
10.5399	-0.168889	0.237607	20.8178
8.91077	-0.103718	0.198367	33.6302
8.88035	-0.103134	0.197285	31.5627
7.61168	-0.0676972	0.165689	16.7115
7.50736	-0.0650823	0.163248	18.0371
7.21981	-0.0728977	0.182974	21.3525
5.145	-0.0465598	0.111347	11.1123
4.91432	-0.052918	0.106886	9.19124
12.173	-0.193122	0.280141	4.11432
12.173	-0.193122	0.280141	4.11432
10.8424	-0.131625	0.261513	10.4755
10.5789	-0.168843	0.238501	29.3088
10.5789	-0.168843	0.238501	29.3088
8.98588	-0.107349	0.200335	34.1157
8.98588	-0.107349	0.200335	34.1157
7.55317	-0.0657846	0.16421	16.8533
7.55317	-0.0657846	0.16421	16.8533
7.02239	-0.0714683	0.179295	27.9746
5.06286	-0.0474492	0.10948	9.61657
5.06286	-0.0474492	0.10948	9.61657
12.6313	-0.141663	0.298249	5.83024
12.6313	-0.141663	0.298249	5.83024
12.6313	-0.141663	0.298249	5.83024
10.9429	-0.10709	0.266322	8.39677
8.24147	-0.0990291	0.183833	29.78
8.24147	-0.0990291	0.183833	29.78
8.24147	-0.0990291	0.183833	29.78
7.1036	-0.0735395	0.153287	16.8305
7.1036	-0.0735395	0.153287	16.8305
7.1036	-0.0735395	0.153287	16.8305
5.0117	-0.0640179	0.106868	14.646
5.0117	-0.0640179	0.106868	14.646
12.5953	-0.145396	0.295684	5.58299
12.4372	-0.144136	0.293638	5.74572
12.4372	-0.144136	0.293638	5.74572
10.4202	-0.114987	0.254833	12.7363
8.97617	-0.112078	0.201623	33.6421
8.4165	-0.0980617	0.18784	32.6904
8.4165	-0.0980617	0.18784	32.6904
7.34152	-0.0747095	0.158592	16.8511
7.25521	-0.0722089	0.156881	17.6088
7.25521	-0.0722089	0.156881	17.6088
5.05997	-0.065266	0.108543	14.892
4.6507	-0.0603147	0.0988752	14.8716
12.4609	-0.153747	0.290955	5.37449
12.2147	-0.143561	0.288361	6.07618
12.2147	-0.143561	0.288361	6.07618
9.87377	-0.100692	0.2421	16.6148
9.67672	-0.128942	0.218879	34.9277
8.6572	-0.0989331	0.193119	25.6634
8.6572	-0.0989331	0.193119	25.6634
7.53107	-0.0764292	0.162834	17.5159
7.36487	-0.0725342	0.15978	19.6002
7.36487	-0.0725342	0.15978	19.6002
5.29653	-0.0664996	0.114808	14.3553
4.33111	-0.059485	0.0918643	15.3181
12.2315	-0.160065	0.284002	5.31794
11.9929	-0.141366	0.283202	6.1327
11.9929	-0.141366	0.283202	6.1327
10.3222	-0.147967	0.23515	22.7183
9.34582	-0.095292	0.230038	18.9813
8.91872	-0.100147	0.198727	21.0314
8.91872	-0.100147	0.198727	21.0314
7.66886	-0.0769336	0.165901	17.8099
7.43007	-0.0730528	0.161703	22.4504
7.43007	-0.0730528	0.161703	22.4504
5.64415	-0.0653827	0.123433	11.8214
4.07685	-0.0584065	0.086286	16.3085
11.9207	-0.177523	0.275338	5.63481
11.8186	-0.144527	0.279401	5.67608
11.8186	-0.144527	0.279401	5.67608
10.8871	-0.17238	0.250079	11.3066
9.12875	-0.103718	0.203198	16.3208
9.12875	-0.103718	0.203198	16.3208
8.91978	-0.0845143	0.220474	18.705
7.75248	-0.0761402	0.167739	16.8299
7.46275	-0.0730099	0.162743	23.5511
7.46275	-0.0730099	0.162743	23.5511
5.98038	-0.0562919	0.131069	10.6928
3.91178	-0.0587193	0.0826882	17.2805
11.7504	-0.140344	0.277833	5.45128
11.7504	-0.140344	0.277833	5.45128
11.6647	-0.178695	0.26741	8.74085
11.2285	-0.179933	0.259996	6.67637
9.21095	-0.104625	0.204905	14.5854
9.21095	-0.104625	0.204905	14.5854
8.74363	-0.0857455	0.216853	14.2435
7.78052	-0.0781784	0.168403	17.7706
7.47255	-0.0731995	0.163074	24.5371
7.47255	-0.0731995	0.163074	24.5372
6.12978	-0.049666	0.134169	10.8362
3.8544	-0.0581976	0.0814251	17.8592
12.4685	-0.152653	0.292599	5.74195
12.4685	-0.152653	0.292599	5.74195
12.2634	-0.143506	0.289735	6.10622
9.85732	-0.105565	0.242001	15.0545
9.11368	-0.113051	0.204686	33.062
9.11368	-0.113051	0.204686	33.062
8.42956	-0.0966627	0.188054	37.3275
7.53909	-0.075608	0.163246	17.5287
7.53909	-0.075608	0.163246	17.5287
7.4093	-0.0734571	0.160347	16.6881
4.75808	-0.0627769	0.101742	14.8879
4.46655	-0.0607248	0.0953191	15.821
12.4073	-0.156714	0.289337	5.43758
12.3219	-0.150056	0.288936	5.70953
12.075	-0.142073	0.285511	6.13381
9.76663	-0.130478	0.22075	32.8059
9.27541	-0.0916196	0.228408	20.7129
9.26001	-0.112788	0.207621	29.8463
8.51357	-0.0950909	0.189538	28.9434
7.76031	-0.0775175	0.168202	17.6119
7.72435	-0.0777345	0.167909	19.4328
7.52406	-0.0721987	0.163172	18.6319
4.83754	-0.0626551	0.104304	14.765
4.15649	-0.0590918	0.0885772	16.2853
12.2633	-0.16397	0.284291	5.12294
12.1787	-0.15101	0.285573	5.59438
11.8978	-0.138595	0.281555	6.06904
10.3455	-0.150077	0.235409	22.8595
9.4019	-0.113928	0.210259	20.9718
8.7168	-0.0816917	0.215465	25.0745
8.64764	-0.0934393	0.191886	22.0092
7.91923	-0.078043	0.171747	19.1819
7.87048	-0.079489	0.171829	23.377
7.58349	-0.072214	0.164985	21.3105
5.12034	-0.0641477	0.11157	13.0341
3.85981	-0.0585904	0.0820348	16.8568
12.0715	-0.181313	0.27846	5.1955
12.0705	-0.153846	0.283173	5.05792
11.7666	-0.141794	0.278829	5.92409
10.8029	-0.173812	0.247643	13.716
9.51092	-0.115933	0.212194	15.5306
8.7703	-0.0933331	0.194081	15.8264
8.26621	-0.0755376	0.205393	16.6797
8.01509	-0.0802138	0.173923	17.9849
7.96178	-0.0816144	0.17443	25.561
7.60544	-0.0727619	0.16587	23.8817
5.4305	-0.0596983	0.118774	11.2393
3.65975	-0.0575818	0.0776114	18.8951
12.0295	-0.149577	0.282169	4.89437
11.9573	-0.194813	0.275075	6.43557
11.7173	-0.141401	0.277792	5.50939
11.0063	-0.191679	0.253566	9.20817
9.5527	-0.118702	0.212956	13.8114
8.81973	-0.0943128	0.194988	14.0753
8.07904	-0.077366	0.201533	18.1831
8.04713	-0.0805527	0.174643	18.2189
7.99255	-0.0820539	0.175327	27.6756
7.61033	-0.0717385	0.166095	26.0185
5.57497	-0.0568874	0.121849	10.8268
3.5892	-0.0566665	0.0760405	20.4241
12.347	-0.159533	0.287727	5.39
12.347	-0.159533	0.287727	5.39
11.9296	-0.138465	0.282454	6.03315
9.81769	-0.129065	0.221303	25.843
9.81769	-0.129065	0.221303	25.843
8.66228	-0.0797986	0.214069	27.7513
8.42964	-0.0914272	0.187174	28.9099
7.99773	-0.0798906	0.174081	19.8822
7.99773	-0.0798906	0.174081	19.8822
7.66216	-0.0719767	0.166204	18.2129
4.55796	-0.0611938	0.09787	14.5419
4.0756	-0.0564174	0.0878223	16.6354
12.3047	-0.170424	0.285149	4.79633
12.2923	-0.163087	0.286429	5.12608
11.7979	-0.138723	0.279787	6.16881
10.2913	-0.147392	0.233298	19.9334
9.83396	-0.12901	0.220804	18.6095
8.42338	-0.0906886	0.186273	21.6852
8.21112	-0.0848197	0.179713	23.838
8.19039	-0.082047	0.178454	21.6119
8.07576	-0.0675486	0.200336	26.2432
7.73767	-0.0722035	0.168206	18.7882
4.66945	-0.0609075	0.101208	13.8806
3.85601	-0.0570402	0.0831043	16.8453
12.2544	-0.164102	0.285565	4.73554
12.231	-0.18818	0.282349	4.61877
11.704	-0.142188	0.277988	6.26588
10.6295	-0.167822	0.242303	18.0539
9.82929	-0.132726	0.219912	15.6684
8.46244	-0.0923906	0.186426	16.8408
8.36361	-0.0889361	0.183958	29.4145
8.30521	-0.0839609	0.181076	20.673
7.75619	-0.0725285	0.169046	22.1152
7.60066	-0.0682646	0.189809	18.265
4.93564	-0.0580834	0.107601	12.142
3.64888	-0.0572557	0.0784357	19.2076
12.2408	-0.164944	0.285282	4.48257
12.1916	-0.198436	0.281024	4.63018
11.6696	-0.144689	0.277368	6.00683
10.7581	-0.174569	0.245806	17.5879
9.82411	-0.134047	0.219442	15.44
8.48455	-0.0937459	0.186653	15.3875
8.41978	-0.0907697	0.185584	31.0802
8.34338	-0.0842115	0.18194	21.0861
7.75651	-0.0723381	0.169213	24.0875
7.40129	-0.0691878	0.185658	16.9996
5.07345	-0.0555113	0.11055	11.8978
3.57157	-0.0572091	0.0766973	20.3393
12.3462	-0.174102	0.286146	4.38884
12.3462	-0.174102	0.286146	4.38884
11.7076	-0.140549	0.278196	6.73927
10.1849	-0.146651	0.22968	17.5522
10.1849	-0.146651	0.22968	17.5522
8.45155	-0.0891194	0.185309	24.5627
8.45155	-0.0891194	0.185309	24.5627
8.27588	-0.086204	0.182304	21.9655
7.85099	-0.0704225	0.170598	19.0468
7.4616	-0.0585517	0.185953	16.6189
4.41435	-0.058339	0.0951901	13.4448
3.93994	-0.0561046	0.086298	15.6438
12.3764	-0.178617	0.286979	4.146
12.3614	-0.191424	0.285606	4.02884
11.6436	-0.145084	0.277146	6.6948
10.4188	-0.157397	0.235724	20.8453
10.0723	-0.146057	0.225905	20.0749
8.65631	-0.0952384	0.190985	27.8939
8.59429	-0.0913908	0.188633	23.2535
8.22693	-0.0841786	0.180404	20.8437
7.88768	-0.0716125	0.171722	20.9998
6.95769	-0.064124	0.174864	15.8761
4.53883	-0.055236	0.0985506	12.0856
3.84916	-0.0579384	0.0841254	16.427
12.3874	-0.186096	0.287419	3.97587
12.3625	-0.192224	0.285176	3.89159
11.6204	-0.15033	0.276847	6.1923
10.5018	-0.160388	0.237889	20.8892
10.0209	-0.144642	0.224137	22.6424
8.73821	-0.0984906	0.193373	30.6778
8.6416	-0.0920426	0.189733	25.1032
8.22627	-0.0833056	0.18001	20.8206
7.8859	-0.0725782	0.171886	22.1548
6.74159	-0.0675112	0.170461	17.198
4.66528	-0.0506184	0.101269	12.1727
3.78206	-0.0582916	0.0824828	17.6013
12.4446	-0.189656	0.287638	3.67582
12.4446	-0.189656	0.287638	3.67582
11.5995	-0.15123	0.2766	6.84564
10.2261	-0.150542	0.229677	26.6506
10.2261	-0.150542	0.229677	26.6506
8.83352	-0.098459	0.195255	29.4587
8.83352	-0.098459	0.195255	29.4587
8.08896	-0.0767188	0.176722	21.437
7.96759	-0.0712252	0.173362	20.4776
6.41632	-0.0684	0.163046	19.1504
4.32821	-0.0598394	0.0937168	10.2979
4.10035	-0.0595467	0.0902945	13.047
12.4731	-0.18778	0.288309	3.58934
12.4664	-0.184943	0.287626	3.61997
11.5833	-0.15616	0.276456	6.72727
10.279	-0.151819	0.230981	29.7971
10.1402	-0.144124	0.226832	33.3163
8.93502	-0.101982	0.198222	33.8306
8.89277	-0.101013	0.196718	30.4813
8.06294	-0.0740911	0.175748	20.6323
7.97513	-0.071975	0.173673	20.7859
6.17405	-0.0679741	0.158247	21.1072
4.39477	-0.050774	0.0951861	9.5648
4.10962	-0.0634761	0.0899612	12.7943
12.5012	-0.180266	0.288401	3.60484
12.5012	-0.180266	0.288401	3.60484
11.5695	-0.155533	0.276245	6.74755
10.1802	-0.143919	0.227733	35.1327
10.1802	-0.143919	0.227733	35.1327
9.00163	-0.1053	0.19992	35.6016
9.00163	-0.1053	0.19992	35.6016
8.00701	-0.0712973	0.174294	19.902
8.00701	-0.0712973	0.174294	19.902
5.90997	-0.0650221	0.153354	26.5757
4.29953	-0.0564045	0.0931577	9.59476
4.29953	-0.0564045	0.0931577	9.59476
12.3748	-0.153152	0.290475	5.98298
12.3748	-0.153152	0.290475	5.98298
12.3748	-0.153152	0.290475	5.98298
9.24345	-0.0863284	0.227674	22.3376
9.11867	-0.111692	0.204539	31.0633
9.11867	-0.111692	0.204539	31.0633
9.11867	-0.111692	0.204539	31.0633
7.69886	-0.0739906	0.166762	17.331
7.69886	-0.0739906	0.166762	17.331
7.69886	-0.0739906	0.166762	17.331
4.26613	-0.0591327	0.0908997	15.865
4.26613	-0.0591327	0.0908997	15.865
12.4019	-0.160141	0.289249	5.45969
12.2746	-0.152394	0.28823	5.79984
12.2746	-0.152394	0.28823	5.79984
9.7335	-0.127717	0.219547	30.981
9.13023	-0.110179	0.204225	28.6097
9.13023	-0.110179	0.204225	28.6097
8.61438	-0.0777119	0.21299	24.9069
7.92849	-0.0771765	0.171906	18.5279
7.85689	-0.0755062	0.170586	19.5797
7.85689	-0.0755062	0.170586	19.5797
4.30518	-0.0590102	0.0924367	15.7827
3.81399	-0.0567934	0.0809623	16.8032
12.3599	-0.167716	0.286583	4.71428
12.1834	-0.154194	0.286307	5.47092
12.1834	-0.154194	0.286307	5.47092
10.2441	-0.147922	0.232462	23.7637
9.14759	-0.109065	0.203778	20.9142
9.14759	-0.109065	0.203778	20.9142
8.09487	-0.0792627	0.175628	18.6856
8.01222	-0.0656029	0.198838	27.2976
7.98818	-0.0788218	0.174122	22.7624
7.98818	-0.0788218	0.174122	22.7624
4.53268	-0.0600084	0.0984182	15.0523
3.43884	-0.0562723	0.0727424	19.6152
12.2853	-0.180489	0.283636	4.4214
12.1188	-0.149728	0.284855	4.97095
12.1188	-0.149728	0.284855	4.97095
10.6036	-0.165239	0.241925	16.4548
9.16461	-0.1115	0.20342	16.8553
9.16461	-0.1115	0.20342	16.8553
8.19564	-0.079386	0.177858	18.6512
8.07359	-0.0816147	0.176657	25.6511
8.07359	-0.0816147	0.176657	25.6511
7.52362	-0.0675325	0.187966	18.8632
4.82195	-0.0595159	0.105291	12.4849
3.1855	-0.053335	0.0671301	23.8998
12.2452	-0.202107	0.282536	4.68068
12.0953	-0.147191	0.284316	5.03169
12.0953	-0.147191	0.284316	5.03169
10.7392	-0.17435	0.245657	18.3068
9.17188	-0.112719	0.203275	15.6145
9.17188	-0.112719	0.203275	15.6145
8.22939	-0.0788105	0.178592	18.5605
8.10297	-0.0819852	0.177569	26.8134
8.10297	-0.0819852	0.177569	26.8134
7.31809	-0.0686606	0.183653	20.6505
4.96584	-0.0571086	0.108367	12.0141
3.09519	-0.0513714	0.0651087	25.6074
12.3976	-0.162466	0.289266	5.30777
12.3976	-0.162466	0.289266	5.30777
12.2249	-0.15397	0.287451	5.46586
9.66484	-0.125798	0.217211	23.6729
9.66484	-0.125798	0.217211	23.6729
9.01523	-0.106077	0.200938	26.2119
8.11528	-0.0782409	0.176363	19.1352
8.11528	-0.0782409	0.176363	19.1352
7.99075	-0.0752021	0.17352	19.8089
7.94175	-0.0656608	0.197059	35.3999
3.94378	-0.0570288	0.0843996	16.4299
3.59022	-0.0565927	0.0766538	17.4146
12.4569	-0.170528	0.289036	4.42432
12.3949	-0.166773	0.289423	4.9187
12.1805	-0.152173	0.286685	5.25619
10.0864	-0.140369	0.227723	19.7282
9.57407	-0.12611	0.214145	21.2252
8.92467	-0.104328	0.198009	22.3754
8.30039	-0.0809284	0.180521	20.34
8.2974	-0.0817546	0.181091	23.0767
8.1058	-0.0776154	0.176419	21.2526
7.29828	-0.054489	0.18179	20.8355
4.01188	-0.0565691	0.0867067	16.0054
3.2455	-0.0550191	0.0692199	21.4988
12.4743	-0.179031	0.288344	3.82525
12.3936	-0.163545	0.289434	4.37751
12.1495	-0.150712	0.286152	5.12204
10.3617	-0.153003	0.234817	20.7856
9.48842	-0.124185	0.211124	22.2222
8.86652	-0.102977	0.195768	21.9149
8.4406	-0.0872628	0.185151	26.5218
8.41183	-0.082584	0.183025	21.1519
8.18382	-0.0787113	0.178692	25.3095
6.77098	-0.0569547	0.169899	16.4648
4.26074	-0.0563377	0.0927986	13.9224
2.96326	-0.0502587	0.0629194	27.7854
12.4759	-0.191117	0.288159	3.59358
12.3932	-0.159394	0.289377	4.24866
12.1383	-0.147075	0.285894	5.28971
10.4584	-0.156425	0.237329	19.3385
9.45091	-0.122789	0.20975	22.5462
8.84642	-0.101262	0.194858	21.5331
8.49774	-0.089367	0.186862	28.923
8.44905	-0.0820819	0.183839	21.2445
8.2115	-0.0809883	0.179637	26.751
6.54495	-0.0600256	0.165147	17.7235
4.40207	-0.0530346	0.0958162	12.4839
2.85875	-0.0489505	0.0605909	29.8063
12.5373	-0.173264	0.291152	4.03872
12.5373	-0.173264	0.291152	4.03872
12.1734	-0.154845	0.286977	5.40555
9.90122	-0.139401	0.222242	22.8518
9.90122	-0.139401	0.222242	22.8518
8.74978	-0.100174	0.193265	25.0501
8.51555	-0.0856453	0.186058	23.7442
8.51555	-0.0856453	0.186058	23.7442
8.20682	-0.0749775	0.178529	22.4559
6.61271	-0.0547313	0.165616	15.0094
3.69904	-0.0571174	0.0796618	16.2235
3.19387	-0.0540473	0.0693892	23.0144
12.6181	-0.174144	0.291885	3.36613
12.5898	-0.17405	0.292532	3.74112
12.1665	-0.158294	0.287163	5.38992
10.1075	-0.145992	0.227391	21.6363
9.7307	-0.128809	0.216852	30.7238
8.70278	-0.0919631	0.191264	27.8762
8.64553	-0.0879506	0.18902	23.1756
8.63636	-0.0920425	0.189733	25.7278
8.27674	-0.0768447	0.180391	24.452
6.04022	-0.0602764	0.152616	15.1942
3.79824	-0.0569123	0.0825186	13.2924
3.03061	-0.0514669	0.0658879	25.9185
12.6441	-0.175443	0.292103	3.15097
12.6079	-0.171175	0.292942	3.49968
12.1638	-0.156989	0.287164	5.36129
10.1781	-0.146467	0.229131	21.748
9.65296	-0.123747	0.214302	32.9698
8.78592	-0.095804	0.193745	30.9048
8.68872	-0.0882699	0.189996	23.809
8.59622	-0.0883102	0.188288	24.3792
8.30255	-0.0793523	0.181289	25.2269
5.78642	-0.0618322	0.147226	17.6996
3.93019	-0.0548081	0.0854238	11.3224
2.93884	-0.0498746	0.063769	27.6529
12.7073	-0.170545	0.294082	3.15823
12.7073	-0.170545	0.294082	3.15823
12.1744	-0.165248	0.28779	5.40202
9.88104	-0.131903	0.220449	35.1199
9.88104	-0.131903	0.220449	35.1199
8.85963	-0.0949276	0.194934	28.3839
8.85963	-0.0949276	0.194934	28.3839
8.48993	-0.0837757	0.185747	25.292
8.33951	-0.0767229	0.181658	23.6384
5.40813	-0.0606591	0.138122	20.1944
3.54558	-0.0609598	0.0768564	16.0223
3.24248	-0.0537831	0.071722	20.6661
12.7465	-0.166368	0.294517	3.08283
12.7375	-0.171211	0.294868	3.08379
12.1765	-0.166712	0.287976	5.42786
9.93204	-0.132669	0.221672	34.7545
9.77527	-0.124248	0.217057	38.4359
8.9613	-0.0995408	0.197966	31.3484
8.9118	-0.0969293	0.196177	29.1179
8.43828	-0.0800436	0.184135	24.0139
8.36305	-0.0778149	0.182349	24.2711
5.10846	-0.0592429	0.13191	27.1502
3.60857	-0.0615112	0.0784532	12.9003
3.25605	-0.055224	0.0715943	19.9947
12.7808	-0.165448	0.295375	3.06785
12.7808	-0.165448	0.295375	3.06785
12.1803	-0.171006	0.288265	5.40208
9.81623	-0.124038	0.217971	38.0475
9.81623	-0.124038	0.217971	38.0475
9.02018	-0.101627	0.199407	33.0425
9.02018	-0.101627	0.199407	33.0425
8.38425	-0.0777937	0.182725	23.0309
8.38425	-0.0777937	0.182725	23.0309
4.76176	-0.0591869	0.125496	34.6378
3.49322	-0.0649718	0.0759735	13.7864
3.49322	-0.0649718	0.0759735	13.7864
12.4442	-0.16669	0.29076	5.08076
12.4442	-0.16669	0.29076	5.08076
12.4442	-0.16669	0.29076	5.08076
9.49788	-0.120375	0.21252	22.3271
9.49788	-0.120375	0.21252	22.3271
9.49788	-0.120375	0.21252	22.3271
8.25051	-0.0784079	0.179318	21.3333
8.25051	-0.0784079	0.179318	21.3333
8.25051	-0.0784079	0.179318	21.3333
7.21294	-0.0465304	0.179413	26.7656
3.35504	-0.0555537	0.0715437	19.3238
3.35504	-0.0555537	0.0715437	19.3238
12.5923	-0.171411	0.292585	4.02975
12.4809	-0.171231	0.291998	4.49693
12.4809	-0.171231	0.291998	4.49693
9.85984	-0.13742	0.221503	21.0131
9.33259	-0.118605	0.207745	24.4928
9.33259	-0.118605	0.207745	24.4928
8.43831	-0.0801564	0.183497	20.2501
8.3912	-0.0804253	0.18278	22.1846
8.3912	-0.0804253	0.18278	22.1846
6.51493	-0.0490284	0.162924	15.0626
3.39639	-0.0548298	0.0731915	18.5784
2.83828	-0.0487865	0.0601249	29.5578
12.6765	-0.168146	0.293307	3.38527
12.5042	-0.16094	0.292509	4.36545
12.5042	-0.16094	0.292509	4.36545
10.0851	-0.1418	0.227049	18.8885
9.19368	-0.109717	0.203355	29.9709
9.19368	-0.109717	0.203355	29.9709
8.55189	-0.0826159	0.186054	20.845
8.5147	-0.0848529	0.186218	24.8993
8.5147	-0.0848529	0.186218	24.8993
5.93465	-0.0530334	0.1496	15.0893
3.61695	-0.0572194	0.07876	14.7124
2.46611	-0.0428425	0.0518447	37.9008
12.7037	-0.168333	0.29352	2.97153
12.5122	-0.159301	0.292727	4.34597
12.5122	-0.159301	0.292727	4.34597
10.1617	-0.142328	0.228933	20.1029
9.13253	-0.104707	0.201292	28.9999
9.13253	-0.104707	0.201292	28.9999
8.5899	-0.0820346	0.18688	22.181
8.57061	-0.0871604	0.187926	27.209
8.57061	-0.0871604	0.187926	27.209
5.67891	-0.0505635	0.143982	15.0555
3.76089	-0.0571297	0.0819167	11.8912
2.32691	-0.0405937	0.0487345	42.5065
12.6967	-0.172034	0.295351	3.63793
12.6967	-0.172034	0.295351	3.63793
12.5449	-0.16873	0.293813	4.26781
9.63301	-0.125959	0.214938	28.0952
9.63301	-0.125959	0.214938	28.0952
9.12409	-0.10808	0.201953	30.4274
8.59533	-0.082489	0.187337	23.7418
8.59533	-0.082489	0.187337	23.7418
8.48755	-0.0797831	0.184814	23.1959
5.76127	-0.0538718	0.144888	14.3435
2.9844	-0.0511323	0.0640692	24.9431
2.60484	-0.0448233	0.0557276	36.0234
12.8265	-0.15849	0.296974	3.10538
12.762	-0.164654	0.296922	3.32667
12.5841	-0.167935	0.294958	4.3163
9.81678	-0.132047	0.219418	28.9531
9.43452	-0.11441	0.208979	34.0831
8.96238	-0.0976225	0.197185	29.5126
8.7497	-0.0878282	0.191547	27.7211
8.71809	-0.0837392	0.190078	23.9279
8.57927	-0.0823458	0.187182	24.224
5.12068	-0.0555074	0.129826	15.2444
3.06139	-0.0547105	0.0665413	22.2178
2.28982	-0.0403472	0.0489628	43.8321
12.8699	-0.144313	0.297285	2.82849
12.7842	-0.161512	0.297442	3.28779
12.5972	-0.167904	0.295353	4.34241
9.87861	-0.134084	0.220934	27.5822
9.33939	-0.106825	0.205937	32.9659
8.88815	-0.0912291	0.194803	27.2593
8.82979	-0.0933626	0.19399	30.3041
8.75907	-0.084834	0.191007	25.2138
8.6297	-0.0848011	0.188715	27.2914
4.82551	-0.0563291	0.123342	15.6694
3.20108	-0.0579745	0.0697416	17.233
2.14385	-0.0374685	0.0457097	48.9219
12.9185	-0.151263	0.2992	2.89655
12.9185	-0.151263	0.2992	2.89655
12.6322	-0.172924	0.296467	4.20033
9.5819	-0.117795	0.212452	33.9806
9.5819	-0.117795	0.212452	33.9806
8.89012	-0.0906207	0.194756	28.2651
8.89012	-0.0906207	0.194756	28.2651
8.805	-0.0889745	0.192858	27.741
8.6326	-0.0810214	0.188199	25.9872
4.40101	-0.0534467	0.112587	19.6097
2.73852	-0.049685	0.0592631	29.3735
2.38319	-0.0424085	0.0526263	41.3975
12.9709	-0.139975	0.299807	2.78045
12.9495	-0.143421	0.29983	2.78564
12.6483	-0.172093	0.296922	4.0465
9.6315	-0.120089	0.213649	32.1954
9.46449	-0.108559	0.208756	35.8874
8.98633	-0.0958672	0.197645	31.5618
8.93683	-0.0915997	0.195824	27.7082
8.73409	-0.084429	0.190743	26.2912
8.66811	-0.0826535	0.18919	25.9124
4.03862	-0.0527262	0.104673	23.6613
2.8006	-0.0538178	0.0609342	25.4963
2.36743	-0.0419176	0.0521606	41.3912
13.0049	-0.139292	0.30067	2.72869
13.0049	-0.139292	0.30067	2.72869
12.6653	-0.174036	0.297459	3.97057
9.50637	-0.110461	0.209727	37.9497
9.50637	-0.110461	0.209727	37.9497
9.03868	-0.0973197	0.198883	32.1433
9.03868	-0.0973197	0.198883	32.1433
8.68142	-0.0825784	0.189364	25.6496
8.68142	-0.0825784	0.189364	25.6496
3.58881	-0.047137	0.0958035	52.5048
2.65162	-0.0503915	0.0576172	31.7784
2.65162	-0.0503915	0.0576172	31.7784
12.8152	-0.161414	0.298283	3.21993
12.8152	-0.161414	0.298283	3.21993
12.8152	-0.161414	0.298283	3.21993
9.39436	-0.114037	0.208289	32.4307
9.39436	-0.114037	0.208289	32.4307
9.39436	-0.114037	0.208289	32.4307
8.69021	-0.08066	0.189298	24.885
8.69021	-0.08066	0.189298	24.885
8.69021	-0.08066	0.189298	24.885
4.93922	-0.0522535	0.124683	14.959
2.31283	-0.0410851	0.0493017	37.3511
2.31283	-0.0410851	0.0493017	37.3511
12.9795	-0.144564	0.300669	2.83395
12.8881	-0.154596	0.300087	3.21553
12.8881	-0.154596	0.300087	3.21553
9.55764	-0.119418	0.212178	32.4647
9.19888	-0.102731	0.202637	31.3362
9.19888	-0.102731	0.202637	31.3362
8.81269	-0.0829639	0.192042	23.7875
8.79573	-0.0858697	0.192038	27.0092
8.79573	-0.0858697	0.192038	27.0092
4.22469	-0.0566864	0.107526	17.7073
2.37796	-0.0437744	0.0515384	35.0179
1.77618	-0.0319273	0.0374032	59.1099
13.0346	-0.117738	0.300998	2.81377
12.9126	-0.154146	0.300739	3.20843
12.9126	-0.154146	0.300739	3.20843
9.61225	-0.122346	0.213507	34.6567
9.09895	-0.0955244	0.199553	31.4859
9.09895	-0.0955244	0.199553	31.4859
8.86505	-0.090074	0.194107	29.5715
8.86505	-0.090074	0.194107	29.5715
8.85365	-0.0833414	0.192954	23.4888
3.87692	-0.0571331	0.0996724	24.293
2.52482	-0.0490591	0.0549842	29.77
1.55344	-0.0274049	0.0324055	71.3552
13.0728	-0.124304	0.302674	2.75306
13.0728	-0.124304	0.302674	2.75306
12.9649	-0.151912	0.302101	3.13475
9.34212	-0.10646	0.205962	33.5493
9.34212	-0.10646	0.205962	33.5493
9.0318	-0.0941157	0.198018	31.1658
8.92588	-0.0875329	0.194949	30.9908
8.92588	-0.0875329	0.194949	30.9908
8.84403	-0.0850545	0.192937	28.2202
3.41688	-0.0529123	0.0874858	30.0777
1.92923	-0.0361371	0.0415962	51.4963
1.60813	-0.0288765	0.0348503	79.7872
13.1348	-0.108325	0.30341	2.77697
13.1042	-0.119209	0.303386	2.7739
12.9907	-0.153048	0.302822	3.06264
9.39008	-0.107784	0.207079	36.782
9.22634	-0.098991	0.202442	32.5627
9.00693	-0.0932861	0.197365	32.0293
8.96932	-0.088007	0.195919	30.7948
8.9475	-0.0881748	0.195523	29.6953
8.88786	-0.0870833	0.194144	29.5711
2.98145	-0.0454107	0.0772817	54.4266
1.99657	-0.0395601	0.0434184	51.7116
1.47944	-0.0265124	0.0322098	93.8096
13.1684	-0.100163	0.30411	2.69253
13.1684	-0.100163	0.30411	2.69253
13.0168	-0.150066	0.303469	3.07515
9.26896	-0.0994126	0.203393	33.1833
9.26896	-0.0994126	0.203393	33.1833
9.05434	-0.0938266	0.198444	32.6057
9.05434	-0.0938266	0.198444	32.6057
8.89574	-0.0857269	0.194147	29.3151
8.89574	-0.0857269	0.194147	29.3151
2.39999	-0.0326495	0.0646973	147.532
1.78302	-0.0353969	0.0387361	65.7051
1.78302	-0.0353969	0.0387361	65.7051
13.1667	-0.108715	0.304816	2.76463
13.1667	-0.108715	0.304816	2.76463
13.1667	-0.108715	0.304816	2.76463
9.16861	-0.0977746	0.201146	32.3025
9.16861	-0.0977746	0.201146	32.3025
9.16861	-0.0977746	0.201146	32.3025
8.97173	-0.087525	0.195799	32.7032
8.97173	-0.087525	0.195799	32.7032
8.97173	-0.087525	0.195799	32.7032
2.50802	-0.0407105	0.0641216	59.544
1.1797	-0.0223876	0.0251511	113.367
1.1797	-0.0223876	0.0251511	113.367
13.2344	-0.0856305	0.305533	2.81991
13.1983	-0.104807	0.305564	2.78098
13.1983	-0.104807	0.305564	2.78098
9.21433	-0.0983465	0.202179	34.8845
9.0764	-0.0922887	0.198449	33.0093
9.0764	-0.0922887	0.198449	33.0093
9.02046	-0.0908019	0.197157	33.1154
9.02046	-0.0908019	0.197157	33.1154
9.01444	-0.0876535	0.196742	33.1445
1.96577	-0.0308325	0.0508544	118.778
1.26772	-0.0252906	0.0275462	134.668
0.77728	-0.0142787	0.0161817	185.076
13.2678	-0.0815817	0.306324	2.91947
13.2678	-0.0815817	0.306324	2.91947
13.2299	-0.0957802	0.306204	2.76047
9.11951	-0.0925739	0.199405	34.694
9.11951	-0.0925739	0.199405	34.694
9.06479	-0.090824	0.198139	34.1428
9.06479	-0.090824	0.198139	34.1428
9.02517	-0.0899208	0.197082	33.7375
9.02517	-0.0899208	0.197082	33.7375
1.20204	-0.0165048	0.0325987	395.551
0.896127	-0.0176834	0.0194537	257.932
0.896127	-0.0176834	0.0194537	257.932
13.3012	-0.0778586	0.307123	3.06549
13.3012	-0.0778586	0.307123	3.06549
13.3012	-0.0778586	0.307123	3.06549
9.06845	-0.0900654	0.198038	34.4081
9.06845	-0.0900654	0.198038	34.4081
9.06845	-0.0900654	0.198038	34.4081
9.06845	-0.0900654	0.198038	34.4081
9.06845	-0.0900654	0.198038	34.4081
9.06845	-0.0900654	0.198038	34.4081
0	0	0	0
0	0	0	0
0	0	0	0
