1980 Out of 49152 QH, Third, Fourth Freq in rad/ps and Lifetimes in ps for a 16x16x16 Ar Lattice at 10K. (atoms/UC=4)
13.3026	-0.139801	0.31769	6.85748
13.3026	-0.139801	0.31769	6.85748
13.3026	-0.139801	0.31769	6.85748
13.3026	-0.139801	0.31769	6.85748
6.01832	-0.0626329	0.128429	14.7861
6.01832	-0.0626329	0.128429	14.7861
6.01832	-0.0626329	0.128429	14.7861
6.01832	-0.0626329	0.128429	14.7861
6.01832	-0.0626329	0.128429	14.7861
6.01832	-0.0626329	0.128429	14.7861
6.01832	-0.0626329	0.128429	14.7861
6.01832	-0.0626329	0.128429	14.7861
13.2572	-0.140298	0.316569	6.51522
13.2572	-0.140298	0.316569	6.51522
13.2572	-0.140298	0.316569	6.51522
13.2572	-0.140298	0.316569	6.51522
6.12245	-0.0682178	0.131156	15.5265
6.12245	-0.0682178	0.131156	15.5265
6.12245	-0.0682178	0.131156	15.5265
6.12245	-0.0682178	0.131156	15.5265
6.01807	-0.0636282	0.128449	16.0497
6.01807	-0.0636282	0.128449	16.0497
6.01807	-0.0636282	0.128449	16.0497
6.01807	-0.0636282	0.128449	16.0497
13.1222	-0.133607	0.313079	6.48386
13.1222	-0.133607	0.313079	6.48386
13.1222	-0.133607	0.313079	6.48386
13.1222	-0.133607	0.313079	6.48386
6.41937	-0.0769359	0.138749	17.035
6.41937	-0.0769359	0.138749	17.035
6.41937	-0.0769359	0.138749	17.035
6.41937	-0.0769359	0.138749	17.035
6.01738	-0.0643135	0.128475	16.359
6.01738	-0.0643135	0.128475	16.359
6.01738	-0.0643135	0.128475	16.359
6.01738	-0.0643135	0.128475	16.359
12.902	-0.128815	0.307528	6.64418
12.902	-0.128815	0.307528	6.64418
12.902	-0.128815	0.307528	6.64418
12.902	-0.128815	0.307528	6.64418
6.869	-0.0832773	0.150035	18.5647
6.869	-0.0832773	0.150035	18.5647
6.869	-0.0832773	0.150035	18.5647
6.869	-0.0832773	0.150035	18.5647
6.01634	-0.0658534	0.128534	15.5042
6.01634	-0.0658534	0.128534	15.5042
6.01634	-0.0658534	0.128534	15.5042
6.01634	-0.0658534	0.128534	15.5042
12.6048	-0.128151	0.300218	6.48656
12.6048	-0.128151	0.300218	6.48656
12.6048	-0.128151	0.300218	6.48656
12.6048	-0.128151	0.300218	6.48656
7.41959	-0.0897924	0.163756	18.2368
7.41959	-0.0897924	0.163756	18.2368
7.41959	-0.0897924	0.163756	18.2368
7.41959	-0.0897924	0.163756	18.2368
6.01511	-0.0654867	0.12855	15.7016
6.01511	-0.0654867	0.12855	15.7016
6.01511	-0.0654867	0.12855	15.7016
6.01511	-0.0654867	0.12855	15.7016
12.2457	-0.12837	0.291515	6.356
12.2457	-0.12837	0.291515	6.356
12.2457	-0.12837	0.291515	6.356
12.2457	-0.12837	0.291515	6.356
8.01619	-0.0952017	0.178431	22.3119
8.01619	-0.0952017	0.178431	22.3119
8.01619	-0.0952017	0.178431	22.3119
8.01619	-0.0952017	0.178431	22.3119
6.01388	-0.0641389	0.128547	15.5205
6.01388	-0.0641389	0.128547	15.5205
6.01388	-0.0641389	0.128547	15.5205
6.01388	-0.0641389	0.128547	15.5205
11.8551	-0.135822	0.282431	5.98467
11.8551	-0.135822	0.282431	5.98467
11.8551	-0.135822	0.282431	5.98467
11.8551	-0.135822	0.282431	5.98467
8.59752	-0.102058	0.192496	19.575
8.59752	-0.102058	0.192496	19.575
8.59752	-0.102058	0.192496	19.575
8.59752	-0.102058	0.192496	19.575
6.01284	-0.0640538	0.128561	15.6631
6.01284	-0.0640538	0.128561	15.6631
6.01284	-0.0640538	0.128561	15.6631
6.01284	-0.0640538	0.128561	15.6631
11.5031	-0.144983	0.274765	7.1283
11.5031	-0.144983	0.274765	7.1283
11.5031	-0.144983	0.274765	7.1283
11.5031	-0.144983	0.274765	7.1283
9.07208	-0.105531	0.20347	21.1575
9.07208	-0.105531	0.20347	21.1575
9.07208	-0.105531	0.20347	21.1575
9.07208	-0.105531	0.20347	21.1575
6.01214	-0.0645552	0.128588	15.6114
6.01214	-0.0645552	0.128588	15.6114
6.01214	-0.0645552	0.128588	15.6114
6.01214	-0.0645552	0.128588	15.6114
11.3439	-0.146228	0.271463	7.15679
11.3439	-0.146228	0.271463	7.15679
11.3439	-0.146228	0.271463	7.15679
11.3439	-0.146228	0.271463	7.15679
9.2734	-0.107234	0.207847	20.2807
9.2734	-0.107234	0.207847	20.2807
9.2734	-0.107234	0.207847	20.2807
9.2734	-0.107234	0.207847	20.2807
6.0119	-0.0649557	0.128605	15.086
6.0119	-0.0649557	0.128605	15.086
6.0119	-0.0649557	0.128605	15.086
6.0119	-0.0649557	0.128605	15.086
13.2574	-0.139988	0.316213	6.58129
13.2574	-0.139988	0.316213	6.58129
13.1669	-0.137665	0.314625	6.76734
13.1669	-0.137665	0.314625	6.76734
6.30711	-0.0717557	0.135813	17.0682
6.30711	-0.0717557	0.135813	17.0682
6.11016	-0.0678409	0.130614	16.0508
6.11016	-0.0678409	0.130614	16.0508
6.03486	-0.0681974	0.128981	14.9146
6.03486	-0.0681974	0.128981	14.9146
6.03008	-0.0667098	0.129056	16.5594
6.03008	-0.0667098	0.129056	16.5594
13.1673	-0.138283	0.3136	6.55354
13.1673	-0.138283	0.3136	6.55354
12.9893	-0.131405	0.310439	6.96763
12.9893	-0.131405	0.310439	6.96763
6.67794	-0.0792313	0.145129	18.4876
6.67794	-0.0792313	0.145129	18.4876
6.2307	-0.0725266	0.134152	16.1811
6.2307	-0.0725266	0.134152	16.1811
6.18772	-0.0690071	0.132419	16.4206
6.18772	-0.0690071	0.132419	16.4206
5.96076	-0.0671363	0.127422	15.3202
5.96076	-0.0671363	0.127422	15.3202
12.9895	-0.137972	0.308874	6.30476
12.9895	-0.137972	0.308874	6.30476
12.7305	-0.126245	0.304227	6.59385
12.7305	-0.126245	0.304227	6.59385
7.18975	-0.0881739	0.15789	19.6088
7.18975	-0.0881739	0.15789	19.6088
6.59517	-0.0784433	0.143414	16.3418
6.59517	-0.0784433	0.143414	16.3418
6.24894	-0.069507	0.133848	16.635
6.24894	-0.069507	0.133848	16.635
5.89703	-0.0657426	0.126008	14.8805
5.89703	-0.0657426	0.126008	14.8805
12.7303	-0.137193	0.302204	6.28787
12.7303	-0.137193	0.302204	6.28787
12.4008	-0.120773	0.296285	6.69269
12.4008	-0.120773	0.296285	6.69269
7.78485	-0.0942468	0.172574	19.9605
7.78485	-0.0942468	0.172574	19.9605
7.07926	-0.0811072	0.155477	17.0305
7.07926	-0.0811072	0.155477	17.0305
6.29949	-0.0678376	0.134994	16.5351
6.29949	-0.0678376	0.134994	16.5351
5.84129	-0.064689	0.124797	15.1546
5.84129	-0.064689	0.124797	15.1546
12.4019	-0.135642	0.293948	5.96198
12.4019	-0.135642	0.293948	5.96198
12.0177	-0.120291	0.287209	6.3242
12.0177	-0.120291	0.287209	6.3242
8.4116	-0.103536	0.187999	21.9281
8.4116	-0.103536	0.187999	21.9281
7.62589	-0.0872191	0.168997	19.4472
7.62589	-0.0872191	0.168997	19.4472
6.33974	-0.0681174	0.135951	16.5432
6.33974	-0.0681174	0.135951	16.5432
5.79525	-0.0632396	0.123801	15.0566
5.79525	-0.0632396	0.123801	15.0566
12.0302	-0.140819	0.285069	5.97847
12.0302	-0.140819	0.285069	5.97847
11.6152	-0.130373	0.278112	6.19316
11.6152	-0.130373	0.278112	6.19316
9.01538	-0.111333	0.202613	20.3358
9.01538	-0.111333	0.202613	20.3358
8.16829	-0.0934367	0.182115	19.1965
8.16829	-0.0934367	0.182115	19.1965
6.36913	-0.0682214	0.136648	16.271
6.36913	-0.0682214	0.136648	16.271
5.76078	-0.0624379	0.12307	14.4356
5.76078	-0.0624379	0.12307	14.4356
11.68	-0.149717	0.27726	6.17455
11.68	-0.149717	0.27726	6.17455
11.2666	-0.1398	0.270635	7.27635
11.2666	-0.1398	0.270635	7.27635
9.51221	-0.116871	0.21417	19.9707
9.51221	-0.116871	0.21417	19.9707
8.60988	-0.0942062	0.192252	21.5157
8.60988	-0.0942062	0.192252	21.5157
6.38704	-0.06808	0.137071	16.1529
6.38704	-0.06808	0.137071	16.1529
5.73942	-0.0621832	0.122624	14.6223
5.73942	-0.0621832	0.122624	14.6223
11.5138	-0.148353	0.273739	6.59712
11.5138	-0.148353	0.273739	6.59712
11.1151	-0.139586	0.267487	8.38387
11.1151	-0.139586	0.267487	8.38387
9.72836	-0.116854	0.218823	18.3267
9.72836	-0.116854	0.218823	18.3267
8.79388	-0.0965517	0.19628	21.8029
8.79388	-0.0965517	0.19628	21.8029
6.39306	-0.06734	0.137199	16.1315
6.39306	-0.06734	0.137199	16.1315
5.73218	-0.06063	0.122445	14.1102
5.73218	-0.06063	0.122445	14.1102
13.123	-0.140386	0.311858	6.28861
13.123	-0.140386	0.311858	6.28861
12.773	-0.125346	0.305597	6.97373
12.773	-0.125346	0.305597	6.97373
7.0656	-0.0851108	0.154769	19.3179
7.0656	-0.0851108	0.154769	19.3179
6.3739	-0.0716708	0.136711	16.7906
6.3739	-0.0716708	0.136711	16.7906
6.08162	-0.0704169	0.130269	15.4617
6.08162	-0.0704169	0.130269	15.4617
6.06387	-0.0691822	0.13065	18.0045
6.06387	-0.0691822	0.13065	18.0045
12.9902	-0.140997	0.307965	6.38688
12.9902	-0.140997	0.307965	6.38688
12.4809	-0.12112	0.298886	6.76954
12.4809	-0.12112	0.298886	6.76954
7.58462	-0.0925614	0.167561	20.696
7.58462	-0.0925614	0.167561	20.696
6.52443	-0.0717939	0.140186	16.4013
6.52443	-0.0717939	0.140186	16.4013
6.35183	-0.0739879	0.137602	15.7592
6.35183	-0.0739879	0.137602	15.7592
5.93382	-0.06664	0.127298	15.7092
5.93382	-0.06664	0.127298	15.7092
12.7733	-0.140231	0.302034	6.17834
12.7733	-0.140231	0.302034	6.17834
12.1248	-0.117561	0.290593	6.8039
12.1248	-0.117561	0.290593	6.8039
8.18391	-0.100544	0.182253	21.8512
8.18391	-0.100544	0.182253	21.8512
6.76101	-0.0759088	0.147859	16.139
6.76101	-0.0759088	0.147859	16.139
6.64077	-0.0728542	0.142912	16.3057
6.64077	-0.0728542	0.142912	16.3057
5.81393	-0.0639981	0.124573	14.985
5.81393	-0.0639981	0.124573	14.985
12.4817	-0.141909	0.294484	6.02011
12.4817	-0.141909	0.294484	6.02011
11.7248	-0.120331	0.281402	6.71107
11.7248	-0.120331	0.281402	6.71107
8.81072	-0.109973	0.197592	22.3576
8.81072	-0.109973	0.197592	22.3576
7.24635	-0.080123	0.159858	17.6229
7.24635	-0.080123	0.159858	17.6229
6.72916	-0.0717799	0.144948	17.1305
6.72916	-0.0717799	0.144948	17.1305
5.7152	-0.0617148	0.12236	14.0649
5.7152	-0.0617148	0.12236	14.0649
12.1364	-0.144865	0.285938	5.84744
12.1364	-0.144865	0.285938	5.84744
11.3173	-0.124818	0.272222	7.05623
11.3173	-0.124818	0.272222	7.05623
9.41417	-0.118703	0.212203	21.1562
9.41417	-0.118703	0.212203	21.1562
7.7389	-0.0827339	0.171687	18.8324
7.7389	-0.0827339	0.171687	18.8324
6.79195	-0.0710178	0.146403	16.7792
6.79195	-0.0710178	0.146403	16.7792
5.64129	-0.0597357	0.120713	13.8097
5.64129	-0.0597357	0.120713	13.8097
11.794	-0.154153	0.278133	5.94597
11.794	-0.154153	0.278133	5.94597
10.9765	-0.133247	0.264984	8.13098
10.9765	-0.133247	0.264984	8.13098
9.91845	-0.126298	0.224022	17.5483
9.91845	-0.126298	0.224022	17.5483
8.14042	-0.0844329	0.180896	20.2183
8.14042	-0.0844329	0.180896	20.2183
6.82965	-0.0714352	0.147296	16.8586
6.82965	-0.0714352	0.147296	16.8586
5.59544	-0.059035	0.119714	13.1943
5.59544	-0.059035	0.119714	13.1943
11.6218	-0.156444	0.274528	5.96822
11.6218	-0.156444	0.274528	5.96823
10.8332	-0.130853	0.261969	10.0322
10.8332	-0.130853	0.261969	10.0322
10.1458	-0.126109	0.228917	17.225
10.1458	-0.126109	0.228917	17.225
8.30565	-0.0837978	0.184458	21.8111
8.30565	-0.0837978	0.184458	21.8111
6.84224	-0.0699508	0.147562	16.7626
6.84224	-0.0699508	0.147562	16.7626
5.5799	-0.0591197	0.119385	12.9334
5.5799	-0.0591197	0.119385	12.9334
12.9036	-0.141619	0.30488	5.9797
12.9036	-0.141619	0.30488	5.9797
12.1618	-0.117115	0.291781	6.97039
12.1618	-0.117115	0.291781	6.97039
8.06972	-0.101149	0.179442	23.6656
8.06972	-0.101149	0.179442	23.6656
6.77817	-0.0732135	0.146065	16.6936
6.77817	-0.0732135	0.146065	16.6936
6.15065	-0.0697607	0.132103	14.1542
6.15065	-0.0697607	0.132103	14.1542
6.11579	-0.0692166	0.132911	16.751
6.11579	-0.0692166	0.132911	16.751
12.7323	-0.145619	0.299891	5.78523
12.7323	-0.145619	0.299891	5.78523
11.7867	-0.115403	0.283291	7.06711
11.7867	-0.115403	0.283291	7.06711
8.62692	-0.107033	0.192951	23.0129
8.62692	-0.107033	0.192951	23.0129
6.9821	-0.0739604	0.15084	18.6999
6.9821	-0.0739604	0.15084	18.6999
6.46808	-0.071311	0.140868	15.2105
6.46808	-0.071311	0.140868	15.2105
5.94156	-0.0637157	0.128104	15.1256
5.94156	-0.0637157	0.128104	15.1256
12.4829	-0.14521	0.293073	5.79013
12.4829	-0.14521	0.293073	5.79013
11.3771	-0.117242	0.274034	7.5273
11.3771	-0.117242	0.274034	7.5273
9.21578	-0.116675	0.207284	22.3038
9.21578	-0.116675	0.207284	22.3038
7.13486	-0.0753971	0.154472	18.9686
7.13486	-0.0753971	0.154472	18.9686
6.88719	-0.0727268	0.151211	16.606
6.88719	-0.0727268	0.151211	16.606
5.78382	-0.0601298	0.124449	14.1366
5.78382	-0.0601298	0.124449	14.1366
12.1717	-0.152276	0.285181	5.57876
12.1717	-0.152276	0.285181	5.57876
10.9713	-0.120979	0.265021	7.90676
10.9713	-0.120979	0.265021	7.90676
9.78983	-0.128667	0.221243	19.9889
9.78983	-0.128667	0.221243	19.9889
7.324	-0.0743676	0.161664	17.1184
7.324	-0.0743676	0.161664	17.1184
7.241	-0.0753215	0.156985	18.6661
7.241	-0.0753215	0.156985	18.6661
5.66495	-0.0576078	0.121735	12.975
5.66495	-0.0576078	0.121735	12.975
11.8451	-0.156708	0.277404	5.79425
11.8451	-0.156708	0.277404	5.79425
10.6421	-0.12552	0.258023	9.65287
10.6421	-0.12552	0.258023	9.65287
10.2819	-0.137671	0.232882	16.4198
10.2819	-0.137671	0.232882	16.4198
7.68173	-0.0744455	0.169795	19.3348
7.68173	-0.0744455	0.169795	19.3348
7.3037	-0.0770946	0.158505	18.5386
7.3037	-0.0770946	0.158505	18.5386
5.59089	-0.0558854	0.120055	12.2218
5.59089	-0.0558854	0.120055	12.2218
11.6681	-0.165562	0.27377	5.58246
11.6681	-0.165562	0.27377	5.58246
10.5152	-0.138704	0.237953	14.0788
10.5152	-0.138704	0.237953	14.0788
10.5073	-0.122468	0.255165	9.90808
10.5073	-0.122468	0.255165	9.90808
7.82775	-0.0730461	0.172923	19.8639
7.82775	-0.0730461	0.172923	19.8639
7.32447	-0.0764182	0.158989	17.9618
7.32447	-0.0764182	0.158989	17.9618
5.56572	-0.0551232	0.119487	11.6313
5.56572	-0.0551232	0.119487	11.6313
12.6083	-0.144054	0.295686	5.7783
12.6083	-0.144054	0.295686	5.7783
11.4007	-0.117276	0.274816	7.83658
11.4007	-0.117276	0.274816	7.83658
9.1145	-0.114323	0.204695	21.2
9.1145	-0.114323	0.204695	21.2
7.27994	-0.0776969	0.157929	19.2734
7.27994	-0.0776969	0.157929	19.2734
6.23063	-0.0659551	0.134171	13.5068
6.23063	-0.0659551	0.134171	13.5068
6.18115	-0.0624522	0.135288	17.5131
6.18115	-0.0624522	0.135288	17.5131
12.406	-0.146673	0.289817	5.42064
12.406	-0.146673	0.289817	5.42064
10.9895	-0.114268	0.265562	8.29522
10.9895	-0.114268	0.265562	8.29522
9.63006	-0.125326	0.217196	22.423
9.63006	-0.125326	0.217196	22.423
7.51304	-0.0804184	0.16354	20.1962
7.51304	-0.0804184	0.16354	20.1962
6.5616	-0.0661029	0.143369	15.4907
6.5616	-0.0661029	0.143369	15.4907
5.98529	-0.0593994	0.129677	14.2566
5.98529	-0.0593994	0.129677	14.2566
12.137	-0.157109	0.282776	5.53256
12.137	-0.157109	0.282776	5.53256
10.5916	-0.118409	0.256876	9.78175
10.5916	-0.118409	0.256876	9.78175
10.1419	-0.137688	0.229647	19.4453
10.1419	-0.137688	0.229647	19.4453
7.67694	-0.0815372	0.167503	20.8012
7.67694	-0.0815372	0.167503	20.8012
6.94145	-0.0663064	0.152416	16.2153
6.94145	-0.0663064	0.152416	16.2153
5.81908	-0.056249	0.125764	12.6855
5.81908	-0.056249	0.125764	12.6855
11.8362	-0.163247	0.275367	5.54867
11.8362	-0.163247	0.275367	5.54867
10.5965	-0.149799	0.240559	13.5478
10.5965	-0.149799	0.240559	13.5478
10.2771	-0.116276	0.250112	11.4906
10.2771	-0.116276	0.250112	11.4906
7.77366	-0.0830148	0.169867	21.6982
7.77366	-0.0830148	0.169867	21.6982
7.25513	-0.065279	0.159483	16.1367
7.25513	-0.065279	0.159483	16.1367
5.71467	-0.0525764	0.1233	11.5219
5.71467	-0.0525764	0.1233	11.5219
11.6573	-0.174674	0.271625	5.67123
11.6573	-0.174674	0.271625	5.67123
10.8281	-0.14854	0.245605	12.6218
10.8281	-0.14854	0.245605	12.6218
10.151	-0.116696	0.24755	11.9717
10.151	-0.116696	0.24755	11.9717
7.80559	-0.0826101	0.170633	22.5977
7.80559	-0.0826101	0.170633	22.5977
7.38259	-0.0652212	0.162219	16.5298
7.38259	-0.0652212	0.162219	16.5298
5.67904	-0.0504036	0.122441	11.2111
5.67904	-0.0504036	0.122441	11.2111
12.2543	-0.160843	0.285173	4.86082
12.2543	-0.160843	0.285173	4.86082
10.5845	-0.116294	0.256725	9.18909
10.5845	-0.116294	0.256725	9.18909
10.0527	-0.137473	0.22739	22.0283
10.0527	-0.137473	0.22739	22.0283
7.82935	-0.0839711	0.171243	22.0694
7.82935	-0.0839711	0.171243	22.0694
6.30912	-0.0619934	0.136207	12.5708
6.30912	-0.0619934	0.136207	12.5708
6.25567	-0.0560173	0.137415	18.7413
6.25567	-0.0560173	0.137415	18.7413
12.0361	-0.170712	0.279124	5.4898
12.0361	-0.170712	0.279124	5.4898
10.4729	-0.150446	0.237606	18.6615
10.4729	-0.150446	0.237606	18.6615
10.2003	-0.11576	0.248352	11.8329
10.2003	-0.11576	0.248352	11.8329
8.06276	-0.0880195	0.177035	24.955
8.06276	-0.0880195	0.177035	24.955
6.61178	-0.0599234	0.144447	14.4647
6.61178	-0.0599234	0.144447	14.4647
6.06751	-0.0508386	0.131756	13.1277
6.06751	-0.0508386	0.131756	13.1277
11.775	-0.176333	0.272354	5.70498
11.775	-0.176333	0.272354	5.70498
10.86	-0.162553	0.247	12.3628
10.86	-0.162553	0.247	12.3628
9.90271	-0.107209	0.241892	13.673
9.90271	-0.107209	0.241892	13.673
8.20419	-0.0901429	0.180573	25.1986
8.20419	-0.0901429	0.180573	25.1986
6.88467	-0.0597256	0.15057	13.8633
6.88467	-0.0597256	0.15057	13.8633
5.93302	-0.0452175	0.128464	11.5623
5.93302	-0.0452175	0.128464	11.5623
11.6	-0.183774	0.26845	5.96444
11.6	-0.183774	0.26845	5.96444
11.0779	-0.166246	0.251923	10.8264
11.0779	-0.166246	0.251923	10.8264
9.78538	-0.106668	0.23951	14.0037
9.78538	-0.106668	0.23951	14.0037
8.25138	-0.0899231	0.181748	24.2621
8.25138	-0.0899231	0.181748	24.2621
6.99546	-0.060288	0.152942	13.2933
6.99546	-0.060288	0.152942	13.2933
5.88688	-0.043195	0.127334	11.4941
5.88688	-0.043195	0.127334	11.4941
11.8764	-0.177608	0.274168	5.9113
11.8764	-0.177608	0.274168	5.9113
10.7854	-0.164092	0.24519	14.9945
10.7854	-0.164092	0.24519	14.9945
9.83396	-0.106516	0.240289	14.2088
9.83396	-0.106516	0.240289	14.2088
8.3653	-0.0934109	0.184683	25.3176
8.3653	-0.0934109	0.184683	25.3176
6.37452	-0.0579923	0.137912	11.952
6.37452	-0.0579923	0.137912	11.952
6.33415	-0.0514839	0.138837	15.9182
6.33415	-0.0514839	0.138837	15.9182
11.6737	-0.185448	0.26856	6.07432
11.6737	-0.185448	0.26856	6.07432
11.0747	-0.179253	0.252324	11.1718
11.0747	-0.179253	0.252324	11.1718
9.55409	-0.101209	0.234383	16.1031
9.55409	-0.101209	0.234383	16.1031
8.55802	-0.0977518	0.18965	28.146
8.55802	-0.0977518	0.18965	28.146
6.59555	-0.0555274	0.143606	12.8974
6.59555	-0.0555274	0.143606	12.8974
6.19069	-0.047156	0.134404	13.2209
6.19069	-0.047156	0.134404	13.2209
11.5165	-0.193571	0.264894	6.73359
11.5165	-0.193571	0.264894	6.73359
11.2598	-0.182844	0.256613	8.89215
11.2598	-0.182844	0.256613	8.89215
9.445	-0.0987219	0.232168	16.1713
9.445	-0.0987219	0.232168	16.1713
8.62414	-0.0983513	0.191355	29.0473
8.62414	-0.0983513	0.191355	29.0473
6.6929	-0.0559937	0.14566	12.1216
6.6929	-0.0559937	0.14566	12.1216
6.13492	-0.0433183	0.132971	13.8325
6.13492	-0.0433183	0.132971	13.8325
11.5486	-0.195587	0.264693	6.65984
11.5486	-0.195587	0.264693	6.65984
11.2489	-0.19554	0.256717	10.1429
11.2489	-0.19554	0.256717	10.1429
9.28951	-0.099268	0.228956	16.5714
9.28951	-0.099268	0.228956	16.5714
8.79515	-0.102421	0.195883	32.5001
8.79515	-0.102421	0.195883	32.5001
6.41766	-0.0524238	0.138976	12.5546
6.41766	-0.0524238	0.138976	12.5546
6.40297	-0.050898	0.139355	13.5916
6.40297	-0.050898	0.139355	13.5916
11.4394	-0.203094	0.261879	7.44029
11.4394	-0.203094	0.261879	7.44029
11.3703	-0.201347	0.259646	7.98678
11.3703	-0.201347	0.259646	7.98678
9.18694	-0.0973878	0.226926	19.0307
9.18694	-0.0973878	0.226926	19.0307
8.87939	-0.104868	0.198161	32.2162
8.87939	-0.104868	0.198161	32.2162
6.49939	-0.0540504	0.141014	12.86
6.49939	-0.0540504	0.141014	12.86
6.34664	-0.0498046	0.137611	14.3087
6.34664	-0.0498046	0.137611	14.3087
11.4073	-0.209198	0.260717	7.91837
11.4073	-0.209198	0.260717	7.91837
11.4073	-0.209198	0.260717	7.91837
11.4073	-0.209198	0.260717	7.91837
9.08701	-0.0960788	0.224972	26.63
9.08701	-0.0960788	0.224972	26.63
8.97164	-0.107578	0.20068	31.2739
8.97164	-0.107578	0.20068	31.2739
6.43271	-0.0516377	0.139374	14.152
6.43271	-0.0516377	0.139374	14.152
6.43271	-0.0516377	0.139374	14.152
6.43271	-0.0516377	0.139374	14.152
13.2133	-0.137811	0.315074	6.54572
13.2133	-0.137811	0.315074	6.54572
13.2133	-0.137811	0.315074	6.54572
13.03	-0.126477	0.311691	6.82001
6.35261	-0.0741891	0.137103	17.189
6.35261	-0.0741891	0.137103	17.189
6.35261	-0.0741891	0.137103	17.189
6.16263	-0.0698094	0.131871	14.8957
6.16263	-0.0698094	0.131871	14.8957
6.16263	-0.0698094	0.131871	14.8957
5.90379	-0.0683541	0.126083	14.3299
5.90379	-0.0683541	0.126083	14.3299
13.1676	-0.140547	0.313301	6.33589
13.0825	-0.135965	0.311793	6.59723
13.0825	-0.135965	0.311793	6.59723
12.807	-0.122046	0.306726	6.97873
6.83331	-0.0839259	0.149076	19.7988
6.5817	-0.0782714	0.142893	18.567
6.5817	-0.0782714	0.142893	18.567
6.2826	-0.069596	0.134544	15.7147
6.21345	-0.0697592	0.133123	15.9718
6.21345	-0.0697592	0.133123	15.9718
5.98682	-0.069832	0.12834	15.4009
5.77437	-0.0659229	0.123188	14.1945
13.0305	-0.140182	0.30926	6.24829
12.8693	-0.130972	0.306421	6.43603
12.8693	-0.130972	0.306421	6.43603
12.5056	-0.120579	0.299842	7.00192
7.42352	-0.092564	0.163673	20.6141
6.99449	-0.0852651	0.153176	18.9039
6.99449	-0.0852651	0.153176	18.9039
6.39086	-0.0699369	0.13699	16.6303
6.26007	-0.0748488	0.135418	15.4386
6.22591	-0.0689159	0.133504	15.835
6.22591	-0.0689159	0.133504	15.835
5.65191	-0.0635562	0.120469	13.659
12.806	-0.139577	0.30313	6.09674
12.5822	-0.131156	0.299383	6.16221
12.5822	-0.131156	0.299383	6.16221
12.1374	-0.116768	0.291228	6.71414
8.075	-0.0994592	0.179687	22.7369
7.51385	-0.0886192	0.165955	18.9131
7.51385	-0.0886192	0.165955	18.9131
6.67818	-0.0755308	0.145921	15.8072
6.48403	-0.0708881	0.139119	16.8072
6.2289	-0.0678935	0.133646	16.0096
6.2289	-0.0678935	0.133646	16.0096
5.54186	-0.0642112	0.1181	13.5231
12.503	-0.140326	0.295264	5.9399
12.2369	-0.13114	0.29102	6.04732
12.2369	-0.13114	0.29102	6.04732
11.7224	-0.118491	0.281649	6.78957
8.74341	-0.110915	0.196155	21.7096
8.08031	-0.0946522	0.179824	20.6553
8.08031	-0.0946522	0.179824	20.6553
7.18074	-0.0787221	0.158394	17.5693
6.55938	-0.0696702	0.140802	16.2868
6.22928	-0.0669577	0.133713	16.2725
6.22928	-0.0669577	0.133713	16.2725
5.44951	-0.063847	0.116111	13.7353
12.1413	-0.145064	0.286357	5.98993
11.8639	-0.137795	0.282367	5.93905
11.8639	-0.137795	0.282367	5.93905
11.297	-0.127816	0.27214	6.91207
9.38304	-0.120536	0.211726	20.5619
8.632	-0.100831	0.193092	19.8953
8.632	-0.100831	0.193092	19.8953
7.69492	-0.0840073	0.170868	18.7301
6.61474	-0.0709136	0.142083	16.2114
6.22888	-0.0655524	0.133741	15.9824
6.22888	-0.0655524	0.133741	15.9824
5.37964	-0.06176	0.11457	13.4533
11.7764	-0.155759	0.278063	6.05947
11.5324	-0.143106	0.275066	6.70877
11.5324	-0.143106	0.275066	6.70877
10.9374	-0.130639	0.264338	8.50325
9.92115	-0.126807	0.224337	17.6622
9.07874	-0.106125	0.203429	20.6712
9.07874	-0.106125	0.203429	20.6712
8.11817	-0.0845487	0.180585	20.4371
6.64858	-0.0696339	0.142828	16.1577
6.22843	-0.0653175	0.133765	15.8619
6.22843	-0.0653175	0.133765	15.8619
5.33605	-0.0621639	0.113651	13.6989
11.5875	-0.153469	0.274018	6.03014
11.3851	-0.147293	0.272072	6.92764
11.3851	-0.147293	0.272072	6.92764
10.7843	-0.131394	0.261208	10.0622
10.1689	-0.126731	0.229643	17.5492
9.26574	-0.10448	0.207434	19.5926
9.26574	-0.10448	0.207434	19.5926
8.29422	-0.0840277	0.184383	23.8825
6.65996	-0.0708547	0.14311	15.5839
6.22824	-0.0644001	0.133757	15.9538
6.22824	-0.0644001	0.133757	15.9538
5.32124	-0.061819	0.113328	13.7081
13.0832	-0.14085	0.310887	6.28685
13.0832	-0.14085	0.310887	6.28685
12.916	-0.135332	0.307989	6.32569
12.5414	-0.119243	0.301038	7.35069
7.09347	-0.0875528	0.155597	20.8575
7.09347	-0.0875528	0.155597	20.8575
6.57646	-0.0791227	0.143219	20.164
6.42828	-0.0714123	0.137935	16.1351
6.42828	-0.0714123	0.137935	16.1351
6.32815	-0.0716479	0.135769	15.396
5.82399	-0.0689113	0.12453	14.8135
5.71345	-0.0656177	0.122162	14.5794
12.9908	-0.141886	0.30766	6.26245
12.9172	-0.136367	0.306397	6.40904
12.6739	-0.128363	0.302183	6.5359
12.2012	-0.113345	0.293376	7.37197
7.71503	-0.0964342	0.170862	22.372
7.492	-0.0909977	0.16536	20.2824
6.83417	-0.0809289	0.149498	18.9039
6.60264	-0.0727487	0.141884	16.4796
6.5509	-0.0713733	0.140864	16.5307
6.33617	-0.0706366	0.136243	16.334
5.96723	-0.0720815	0.128505	14.8508
5.5561	-0.063982	0.118648	14.4162
12.8071	-0.143409	0.302273	5.95058
12.6764	-0.136042	0.300202	6.01043
12.367	-0.124964	0.294854	6.23992
11.7999	-0.111444	0.284226	7.68773
8.38869	-0.105005	0.187357	23.7949
7.99556	-0.0950378	0.177585	20.1612
7.26309	-0.0819106	0.159894	19.248
6.74574	-0.0724273	0.1451	17.0649
6.63699	-0.0710536	0.142979	17.3371
6.30478	-0.0736425	0.137155	14.3664
6.28897	-0.0682837	0.135331	16.151
5.38609	-0.0649682	0.114911	13.8743
12.5375	-0.144039	0.294929	5.87774
12.374	-0.137866	0.292694	5.88821
12.0132	-0.128111	0.286615	6.08995
11.359	-0.114936	0.274205	7.1315
9.07137	-0.117354	0.204145	24.3323
8.54542	-0.102891	0.190931	20.9121
7.75711	-0.0879226	0.171921	19.9611
6.85884	-0.0729834	0.147669	16.2424
6.74884	-0.0722485	0.148168	15.9868
6.69668	-0.0704228	0.144467	16.9945
6.24268	-0.0657139	0.134358	15.7101
5.24096	-0.0630057	0.111695	13.8742
12.1955	-0.147122	0.286158	5.67454
12.0374	-0.143569	0.284699	6.07173
11.6469	-0.13174	0.278258	6.45476
10.9171	-0.122689	0.264389	8.01611
9.72444	-0.129264	0.22014	20.2696
9.0801	-0.109731	0.203722	20.848
8.24582	-0.0905166	0.18352	19.4259
7.22198	-0.0733022	0.159604	17.6733
6.94092	-0.0734619	0.149534	16.3776
6.73673	-0.0705421	0.145489	17.4476
6.20666	-0.0626882	0.13357	15.8765
5.13021	-0.0624966	0.109274	13.8075
11.8224	-0.158561	0.27742	5.78638
11.7304	-0.148622	0.277787	6.09474
11.3375	-0.13589	0.271527	6.81115
10.5517	-0.124779	0.2565	9.72384
10.2903	-0.140479	0.233645	16.0034
9.51408	-0.113189	0.213713	18.6903
8.63733	-0.0937695	0.192483	19.2462
7.61771	-0.0746071	0.168711	20.4358
6.99076	-0.0731631	0.150656	16.2058
6.76003	-0.0705912	0.146088	16.8925
6.18406	-0.0616556	0.133091	15.9577
5.06072	-0.0621244	0.107765	13.4246
11.6035	-0.161719	0.272865	5.88455
11.591	-0.151912	0.274889	6.01995
11.2067	-0.143128	0.26898	7.88929
10.5743	-0.140166	0.239699	14.4622
10.399	-0.121374	0.253296	11.3391
9.69707	-0.114881	0.217716	18.0726
8.79685	-0.0953834	0.195967	20.5898
7.78248	-0.0728769	0.172241	23.1198
7.00747	-0.0731293	0.15103	16.5292
6.7677	-0.0699339	0.146274	17.0517
6.17637	-0.0619706	0.132945	15.7609
5.03703	-0.0615617	0.10724	13.2436
12.8722	-0.141756	0.304116	6.10024
12.8722	-0.141756	0.304116	6.10024
12.4111	-0.126009	0.296251	6.56531
11.8276	-0.108479	0.285126	7.40115
8.08517	-0.100795	0.179871	23.5496
8.08517	-0.100795	0.179871	23.5496
6.82264	-0.0723966	0.147014	17.7521
6.82264	-0.0723966	0.147014	17.7521
6.77547	-0.0781021	0.148715	18.8334
6.50175	-0.0712548	0.139897	15.8248
5.77736	-0.0688166	0.123831	13.9115
5.56772	-0.0667647	0.11985	14.7923
12.7342	-0.143883	0.299579	5.70076
12.68	-0.142104	0.298865	5.81627
12.093	-0.122536	0.288917	6.484
11.3991	-0.109003	0.27555	7.52345
8.73355	-0.109936	0.195674	23.6274
8.53268	-0.102931	0.190574	23.7253
7.04262	-0.0770902	0.15481	19.7962
7.03704	-0.0752114	0.151947	17.5567
7.00796	-0.0749448	0.151524	18.4416
6.46841	-0.0683904	0.13964	15.8145
5.96764	-0.0692327	0.129122	13.7973
5.39644	-0.0655284	0.11589	14.2277
12.5059	-0.147609	0.293047	5.74925
12.4254	-0.144411	0.292302	5.70611
11.74	-0.125757	0.280917	6.84447
10.9386	-0.111752	0.265195	8.25715
9.39412	-0.123021	0.2119	23.5856
9.02527	-0.109989	0.20238	22.7919
7.45285	-0.0794902	0.164509	18.8473
7.20027	-0.0753893	0.155675	17.4374
7.14624	-0.0752247	0.154935	18.8559
6.37536	-0.0633634	0.137685	15.4227
6.3406	-0.067203	0.138524	14.354
5.19885	-0.0629416	0.111356	14.0237
12.1948	-0.149766	0.284688	5.42282
12.1326	-0.15201	0.285185	6.01473
11.3877	-0.12481	0.272964	7.13518
10.4861	-0.11782	0.255198	10.6403
10.0313	-0.138022	0.227633	21.0928
9.51038	-0.117452	0.213903	20.9992
7.87225	-0.0825338	0.174331	18.4252
7.31589	-0.0763951	0.158328	18.5618
7.24035	-0.0755709	0.157293	19.0099
6.76404	-0.065004	0.148745	15.6445
6.29887	-0.0586199	0.135962	15.8439
5.04342	-0.0619344	0.10787	13.3717
11.8589	-0.151186	0.278746	5.99207
11.8244	-0.16202	0.275669	5.93593
11.1028	-0.131744	0.266946	7.32624
10.6038	-0.150922	0.241558	14.0698
10.1193	-0.111277	0.247109	12.1067
9.90831	-0.126509	0.223164	17.4348
8.20666	-0.0831568	0.181852	18.1998
7.38511	-0.0762358	0.159907	17.8631
7.29496	-0.075569	0.158663	19.9123
7.12641	-0.0636361	0.157033	17.9808
6.25036	-0.0572186	0.134897	16.1002
4.94485	-0.0615784	0.105677	12.9673
11.7323	-0.155243	0.276048	5.34221
11.5627	-0.172047	0.270323	6.26556
10.9871	-0.136848	0.264667	8.49069
10.9339	-0.151666	0.248626	12.5567
10.0777	-0.125475	0.226824	15.006
9.96835	-0.107948	0.243928	12.4851
8.34038	-0.0835971	0.184741	18.0975
7.40817	-0.0753367	0.16042	17.8416
7.31287	-0.0753641	0.159108	20.3581
7.27799	-0.0636977	0.160316	19.8879
6.23379	-0.0567967	0.134535	16.2389
4.91108	-0.0612203	0.104923	12.6736
12.5917	-0.144969	0.295311	5.54156
12.5917	-0.144969	0.295311	5.54156
11.7738	-0.125035	0.281926	6.90561
10.9502	-0.115916	0.265784	8.63799
9.11396	-0.114007	0.204702	23.8415
9.11396	-0.114007	0.204702	23.8415
7.31194	-0.076846	0.158551	19.2526
7.31194	-0.076846	0.158551	19.2526
6.93113	-0.0700807	0.152785	23.7272
6.66897	-0.0674028	0.143865	14.4953
5.75791	-0.0676838	0.123796	12.7941
5.48316	-0.0645201	0.119122	14.0294
12.4125	-0.150703	0.28975	5.46055
12.3894	-0.15288	0.289899	5.29176
11.4306	-0.119622	0.274166	7.45576
10.4767	-0.114582	0.255125	10.3714
9.71213	-0.128267	0.219393	24.173
9.52077	-0.121223	0.214326	23.9824
7.54311	-0.0794327	0.163947	20.3839
7.53816	-0.0797891	0.164154	21.4585
7.18405	-0.0730157	0.158156	19.1143
6.60038	-0.062268	0.14295	15.3907
5.97662	-0.0632774	0.129829	12.2969
5.31622	-0.0625998	0.114979	13.3468
12.1487	-0.154482	0.283698	5.7298
12.1455	-0.163202	0.282406	5.34085
11.0994	-0.122351	0.266944	7.56183
10.2974	-0.14581	0.233984	20.0954
10.0192	-0.110396	0.244835	13.4439
9.92308	-0.129492	0.223784	20.685
7.70466	-0.0812547	0.167736	19.9908
7.7011	-0.0821453	0.168281	22.0337
7.5291	-0.0738968	0.165907	17.4991
6.48453	-0.0557777	0.140405	16.3287
6.34059	-0.0587773	0.138718	13.5556
5.12282	-0.0609847	0.110418	12.8129
11.9195	-0.159006	0.278219	5.40372
11.799	-0.167602	0.273303	5.85769
10.8423	-0.163959	0.247686	12.9923
10.8411	-0.131343	0.261671	8.45285
10.2566	-0.135161	0.231438	15.3777
9.65419	-0.100322	0.236744	13.6389
7.80766	-0.0743246	0.172031	16.7198
7.80022	-0.0823271	0.169985	19.699
7.79798	-0.0831393	0.170759	22.2047
6.6664	-0.0578529	0.146195	14.4489
6.40762	-0.0532181	0.138678	16.3498
4.99559	-0.0606467	0.107501	12.0375
11.8128	-0.163786	0.275895	5.14504
11.4696	-0.176089	0.266321	6.50091
11.239	-0.161726	0.256222	10.2379
10.7393	-0.129412	0.259539	9.67584
10.3994	-0.135842	0.234566	14.492
9.50585	-0.0965554	0.233621	12.821
7.91781	-0.0738833	0.174355	16.4976
7.83187	-0.0821502	0.170721	19.1853
7.83001	-0.0822395	0.171553	23.7133
6.80416	-0.0569801	0.149157	14.3539
6.3811	-0.0528261	0.138084	16.787
4.95158	-0.0621451	0.106529	12.0561
12.2666	-0.161845	0.285554	5.29965
12.2666	-0.161845	0.285554	5.29965
11.1065	-0.116959	0.267093	7.87832
10.024	-0.137064	0.226679	23.5254
10.024	-0.137064	0.226679	23.5254
9.99687	-0.106616	0.244242	13.0376
7.84909	-0.0841703	0.171568	21.6625
7.84909	-0.0841703	0.171568	21.6625
7.02719	-0.0661333	0.15496	23.3213
6.81571	-0.0623772	0.147351	13.9564
5.75677	-0.0636286	0.124134	11.6617
5.47621	-0.0603221	0.119939	13.1766
12.0879	-0.165825	0.280691	5.32621
12.0597	-0.170548	0.279342	5.46908
10.8021	-0.121161	0.26068	8.65075
10.5181	-0.152924	0.239037	18.2976
10.3179	-0.143373	0.23338	17.8229
9.53907	-0.0981993	0.233911	15.4369
8.08708	-0.0866294	0.177613	24.4793
8.07054	-0.0867648	0.176865	23.3772
7.23728	-0.0662948	0.158829	16.9811
6.72551	-0.0567211	0.145964	16.4782
5.97824	-0.0565448	0.130097	12.0813
5.33517	-0.0591414	0.116062	12.1198
11.9187	-0.173241	0.276521	5.23483
11.7755	-0.178305	0.271384	6.13331
10.9816	-0.175028	0.251137	11.5738
10.5717	-0.125822	0.255991	10.2344
10.5559	-0.150417	0.238742	14.2302
9.17786	-0.0919098	0.226059	17.41
8.23655	-0.0900436	0.181518	26.7007
8.20221	-0.0885102	0.180038	23.1456
7.46308	-0.0670202	0.163563	14.5632
6.6214	-0.0533722	0.143654	17.0752
6.26387	-0.0547066	0.136735	12.7379
5.1875	-0.057977	0.112447	10.9955
11.8417	-0.176823	0.274737	5.28273
11.4829	-0.178782	0.262512	8.8123
11.3353	-0.183748	0.26141	6.70595
10.6559	-0.153726	0.240938	12.1651
10.483	-0.12278	0.254128	10.7026
9.03225	-0.0909185	0.223076	14.9815
8.28732	-0.0909281	0.182856	27.0864
8.24582	-0.0883597	0.181076	23.1612
7.55274	-0.0649559	0.165363	14.474
6.58445	-0.0509582	0.142775	17.3249
6.38836	-0.0534627	0.139395	12.3656
5.13467	-0.0607114	0.111257	10.4584
11.9576	-0.179294	0.276263	5.54185
11.9576	-0.179294	0.276263	5.54185
10.6889	-0.161027	0.242718	15.2788
10.6889	-0.161027	0.242718	15.2788
10.528	-0.122846	0.255004	10.9241
9.08436	-0.0895273	0.223726	21.4927
8.37516	-0.0929509	0.184732	25.9696
8.37516	-0.0929509	0.184732	25.9696
7.05744	-0.0621935	0.154862	18.6352
6.92983	-0.0596543	0.150113	14.1759
5.76444	-0.057929	0.124571	11.2547
5.55582	-0.0518687	0.121884	11.2575
11.8703	-0.187286	0.273933	5.46861
11.7803	-0.188223	0.270791	6.20413
11.0126	-0.182236	0.251362	11.839
10.8018	-0.166728	0.244908	12.3996
10.3247	-0.121081	0.250828	12.4549
8.72732	-0.0838835	0.216071	17.6763
8.5798	-0.0970692	0.190164	27.3648
8.55179	-0.0958813	0.189123	26.0969
7.19608	-0.0631264	0.157047	14.1092
6.84391	-0.0564069	0.148661	16.4356
5.94821	-0.0523545	0.129291	11.7855
5.4611	-0.0494538	0.118812	10.1654
11.8348	-0.187678	0.272975	5.22861
11.6606	-0.19433	0.267129	6.73225
11.1815	-0.198761	0.256321	8.74564
10.8425	-0.172609	0.245704	11.2718
10.2478	-0.120681	0.249296	12.7403
8.65237	-0.0985252	0.192123	29.6792
8.61114	-0.0966082	0.190598	27.3125
8.5837	-0.0855763	0.213255	16.4302
7.26922	-0.0643662	0.158504	13.2325
6.79736	-0.054463	0.147586	16.9717
6.06047	-0.0518536	0.131711	11.7982
5.40315	-0.0493275	0.117345	8.97505
11.8032	-0.198092	0.271224	5.62895
11.8032	-0.198092	0.271224	5.62895
10.9791	-0.181884	0.249601	12.1753
10.9791	-0.181884	0.249601	12.1753
10.1433	-0.115033	0.247061	13.2989
8.79973	-0.102227	0.19581	30.8041
8.79973	-0.102227	0.19581	30.8041
8.3728	-0.0822691	0.208689	19.7845
7.0416	-0.0609318	0.153412	16.3044
7.0021	-0.0586444	0.1519	14.7172
5.7727	-0.0514203	0.124887	11.0727
5.69451	-0.0465585	0.124039	11.5829
11.8149	-0.204086	0.271573	5.32168
11.7686	-0.204772	0.269966	5.47944
11.0487	-0.189908	0.251563	12.6135
10.9557	-0.185946	0.248667	12.2399
10.0752	-0.114365	0.245719	14.0538
8.8915	-0.104593	0.198352	33.0236
8.87563	-0.104535	0.197795	31.7383
8.22963	-0.0844516	0.205985	23.4802
7.08882	-0.0605613	0.154058	15.2127
6.96322	-0.0581245	0.151197	16.0669
5.8492	-0.0496768	0.126731	11.2719
5.662	-0.0423097	0.122674	11.0865
11.8048	-0.207767	0.270923	5.07549
11.8048	-0.207767	0.270923	5.07549
10.9937	-0.191849	0.249708	13.8375
10.9937	-0.191849	0.249708	13.8375
10.0105	-0.11084	0.244374	14.5354
8.97534	-0.10777	0.200599	32.1324
8.97534	-0.10777	0.200599	32.1324
8.08611	-0.0834089	0.203246	23.9289
7.02684	-0.0587648	0.152522	15.4507
7.02684	-0.0587648	0.152522	15.4507
5.77609	-0.0447437	0.124904	12.0656
5.77609	-0.0447437	0.124904	12.0656
12.9656	-0.139134	0.30795	6.2636
12.9656	-0.139134	0.30795	6.2636
12.9656	-0.139134	0.30795	6.2636
12.2281	-0.115821	0.294448	6.99735
7.2018	-0.0877426	0.158456	22.6839
7.2018	-0.0877426	0.158456	22.6839
7.2018	-0.0877426	0.158456	22.6839
6.556	-0.07287	0.140865	16.3665
6.556	-0.07287	0.140865	16.3665
6.556	-0.07287	0.140865	16.3665
5.56423	-0.0663207	0.118743	14.7774
5.56423	-0.0663207	0.118743	14.7774
12.9194	-0.141836	0.305581	6.24129
12.7748	-0.134242	0.303159	6.14931
12.7748	-0.134242	0.303159	6.14931
11.8431	-0.107768	0.285846	7.62441
7.89275	-0.0994376	0.175332	26.5729
7.44717	-0.0893803	0.164499	21.9014
7.44717	-0.0893803	0.164499	21.9014
6.75886	-0.072108	0.145373	15.8385
6.67166	-0.0717799	0.143623	15.9529
6.67166	-0.0717799	0.143623	15.9529
5.62809	-0.0699525	0.120715	14.4523
5.31279	-0.0639207	0.113168	14.4903
12.7773	-0.144447	0.300945	6.12907
12.52	-0.134411	0.296948	5.87678
12.52	-0.134411	0.296948	5.87678
11.401	-0.104893	0.275847	7.81628
8.60952	-0.110263	0.192846	24.9492
7.83042	-0.0910702	0.173633	21.3649
7.83042	-0.0910702	0.173633	21.3649
6.93161	-0.0735735	0.149258	16.7184
6.7343	-0.0694755	0.14528	17.2324
6.7343	-0.0694755	0.14528	17.2324
5.88058	-0.0708792	0.127307	14.2187
5.08143	-0.0634154	0.108095	13.9597
12.5413	-0.144241	0.294091	5.66815
12.2179	-0.139024	0.289789	5.78719
12.2179	-0.139024	0.289789	5.78719
10.9247	-0.115712	0.265283	8.31191
9.31982	-0.123548	0.210317	24.3378
8.28561	-0.0941543	0.184425	21.7796
8.28561	-0.0941543	0.184425	21.7796
7.07013	-0.0745983	0.152371	16.3516
6.76309	-0.067949	0.146155	18.1866
6.76309	-0.067949	0.146155	18.1866
6.26581	-0.0692982	0.136984	13.2493
4.88278	-0.0628881	0.10375	14.4107
12.2178	-0.150239	0.285481	5.53242
11.8999	-0.140056	0.282378	6.41507
11.8999	-0.140056	0.282378	6.41507
10.4544	-0.115927	0.254695	10.234
9.996	-0.136656	0.227013	20.9477
8.73805	-0.0984986	0.195038	19.3326
8.73805	-0.0984986	0.195038	19.3326
7.17129	-0.0736913	0.154607	16.7028
6.77627	-0.0674184	0.146629	18.2303
6.77627	-0.0674184	0.146629	18.2303
6.70406	-0.0639444	0.147515	15.8801
4.72939	-0.0625002	0.10041	14.9898
11.8268	-0.164659	0.275987	5.85752
11.6296	-0.142313	0.276372	6.46426
11.6296	-0.142313	0.276372	6.46426
10.604	-0.150729	0.241878	13.8076
10.0701	-0.107511	0.246159	12.5118
9.09827	-0.103218	0.203249	20.0174
9.09827	-0.103218	0.203249	20.0174
7.23286	-0.0726904	0.155966	16.1269
7.08279	-0.0637491	0.156234	19.1485
6.78203	-0.0668387	0.146861	17.9496
6.78203	-0.0668387	0.146861	17.9496
4.63223	-0.0614983	0.0982846	14.4533
11.5344	-0.171783	0.270008	6.52509
11.5154	-0.146872	0.274034	5.97264
11.5154	-0.146872	0.274034	5.97264
10.9696	-0.148971	0.249578	11.8959
9.91065	-0.1043	0.242803	12.1232
9.24386	-0.105063	0.206435	17.9103
9.24386	-0.105063	0.206435	17.9103
7.25354	-0.0723494	0.156426	15.6373
7.24271	-0.0641523	0.159708	21.3351
6.78365	-0.0664837	0.146926	18.4231
6.78365	-0.0664837	0.146926	18.4231
4.59893	-0.0624447	0.0975824	13.9996
12.7797	-0.140979	0.301834	5.80167
12.7797	-0.140979	0.301834	5.80167
12.5691	-0.131715	0.298372	6.31156
11.4174	-0.106758	0.276605	8.27632
8.13707	-0.099857	0.181248	25.2252
8.13707	-0.099857	0.181248	25.2252
7.49742	-0.0857774	0.165931	26.4557
6.94326	-0.0732266	0.149677	17.2637
6.94326	-0.0732266	0.149677	17.2637
6.82178	-0.0709247	0.146984	16.4254
5.39305	-0.06701	0.115321	14.6637
5.18506	-0.064899	0.110774	14.2859
12.6869	-0.144365	0.298148	5.72858
12.5796	-0.139471	0.296675	5.52372
12.3114	-0.134135	0.292423	6.06507
10.9396	-0.111128	0.26604	8.21341
8.84987	-0.111075	0.19859	27.9698
8.45797	-0.100556	0.188791	27.3372
7.70922	-0.0864656	0.170897	25.1726
7.16408	-0.0741503	0.15463	17.154
7.10735	-0.0735473	0.153695	18.1528
6.90371	-0.0697111	0.149095	16.3682
5.49864	-0.0679185	0.118449	14.1107
4.94252	-0.0626356	0.105438	14.6585
12.4967	-0.148721	0.292227	5.40838
12.3344	-0.145521	0.290736	5.75462
12.0205	-0.134472	0.285705	6.42373
10.4335	-0.116245	0.254703	10.46
9.5505	-0.127053	0.215864	27.8207
8.83425	-0.103897	0.197534	24.1826
8.04541	-0.0868606	0.178531	22.4499
7.33718	-0.0750047	0.158514	17.0758
7.22876	-0.0743115	0.156842	19.2107
6.91345	-0.0666669	0.149644	18.8627
5.80785	-0.0692868	0.126448	12.8726
4.69164	-0.0614205	0.0998749	14.9369
12.2111	-0.156942	0.284268	5.35131
12.0729	-0.145554	0.284458	6.0761
11.7293	-0.13153	0.279014	6.38337
10.2146	-0.144252	0.232461	20.9736
9.94059	-0.105575	0.243369	14.644
9.21327	-0.108185	0.206233	20.3047
8.40525	-0.0896957	0.186686	20.1957
7.46207	-0.07696	0.161348	17.157
7.30819	-0.0738069	0.158967	20.7189
6.8989	-0.0649755	0.149557	19.883
6.19961	-0.060349	0.135883	11.9233
4.49179	-0.0612496	0.0954818	14.8568
11.8509	-0.147983	0.279432	5.81308
11.8343	-0.167615	0.274426	5.96599
11.496	-0.134382	0.273976	6.56304
10.8236	-0.163672	0.24793	12.5385
9.54188	-0.0998028	0.234571	15.1753
9.51565	-0.112673	0.213026	17.2663
8.69156	-0.092653	0.193032	17.4549
7.5376	-0.0760306	0.163018	16.5571
7.35257	-0.073131	0.160174	21.3847
6.88437	-0.0641037	0.149367	20.3014
6.55352	-0.0528774	0.143893	14.8305
4.3634	-0.060788	0.0926595	15.1032
11.758	-0.14676	0.277357	5.36464
11.4155	-0.173006	0.265634	6.77159
11.4025	-0.144951	0.27225	6.34181
11.3207	-0.163649	0.258521	11.2286
9.63695	-0.114264	0.215664	15.3839
9.37743	-0.095092	0.231078	13.2228
8.80446	-0.0937326	0.195462	17.0004
7.56289	-0.0760608	0.163582	17.4124
7.36683	-0.0736137	0.16058	21.7122
6.87876	-0.0635003	0.149277	20.9131
6.7057	-0.0512662	0.147151	17.3673
4.3191	-0.0619152	0.0917096	15.2771
12.5435	-0.149371	0.294268	5.19432
12.5435	-0.149371	0.294268	5.19432
12.0628	-0.131323	0.286858	6.67363
10.4317	-0.112329	0.254763	10.3492
9.11302	-0.114445	0.204731	29.254
9.11302	-0.114445	0.204731	29.254
7.69143	-0.0827567	0.170625	29.215
7.40302	-0.0756699	0.160385	18.4522
7.40302	-0.0756699	0.160385	18.4522
7.06416	-0.0695273	0.152635	16.1642
5.26209	-0.0660723	0.112867	13.8471
4.89071	-0.0631297	0.105249	15.062
12.4118	-0.158182	0.289648	5.44869
12.3612	-0.154449	0.289627	5.73685
11.7937	-0.129352	0.280826	6.80356
9.90146	-0.102518	0.242547	14.7701
9.75927	-0.131299	0.220678	27.6076
9.39387	-0.117259	0.211065	26.5326
7.84935	-0.0804206	0.173846	25.3895
7.62779	-0.0785285	0.165517	18.6646
7.61257	-0.0791441	0.165683	21.5817
7.11061	-0.0673479	0.154027	17.559
5.40308	-0.0660544	0.116961	13.3643
4.67929	-0.0615665	0.100559	14.9104
12.1873	-0.16269	0.282801	5.26909
12.1658	-0.1533	0.284728	5.74851
11.5361	-0.13061	0.275196	6.54884
10.3674	-0.149759	0.236015	20.8538
9.66791	-0.122709	0.217136	20.2342
9.39066	-0.0956068	0.230897	19.2014
8.10111	-0.0829803	0.179141	19.6946
7.78647	-0.0800586	0.16913	18.7989
7.76965	-0.0816137	0.169815	23.1545
7.08025	-0.0641366	0.153691	20.2606
5.73011	-0.0638435	0.12516	11.6322
4.44763	-0.060238	0.0952944	14.5932
12.0029	-0.15788	0.280971	5.33107
11.8816	-0.172658	0.274169	6.04357
11.3394	-0.133337	0.271071	6.7349
10.9092	-0.173835	0.250302	11.5361
9.88332	-0.123854	0.221727	15.6854
8.98061	-0.0859539	0.221749	18.0269
8.31527	-0.0836507	0.183619	16.3898
7.8812	-0.0794801	0.17126	19.1572
7.86483	-0.082618	0.172372	25.2112
7.04509	-0.0633955	0.153091	21.0994
6.05291	-0.0552117	0.132503	11.0395
4.29102	-0.0617766	0.0918136	14.9705
11.9364	-0.156658	0.279431	4.98365
11.619	-0.181797	0.266249	8.51323
11.2636	-0.143249	0.26974	6.83794
11.2515	-0.178747	0.260199	6.86191
9.96839	-0.127125	0.22356	14.3455
8.81209	-0.0874428	0.218312	15.3301
8.39956	-0.0845565	0.18537	15.9469
7.91272	-0.0807753	0.172002	19.0519
7.8965	-0.0825665	0.17323	25.1709
7.03139	-0.0621431	0.152821	20.9275
6.19577	-0.0495729	0.135475	11.3973
4.23619	-0.0617956	0.0905853	15.2146
12.3002	-0.161092	0.286463	5.4798
12.3002	-0.161092	0.286463	5.4798
11.5563	-0.127564	0.275743	7.09435
9.94201	-0.132895	0.224555	24.5679
9.94201	-0.132895	0.224555	24.5679
9.35234	-0.0953462	0.229969	19.3767
7.90671	-0.0832322	0.172516	20.0011
7.90671	-0.0832322	0.172516	20.0011
7.76001	-0.0776253	0.17169	28.6104
7.2688	-0.0660885	0.157407	15.7343
5.16862	-0.0646226	0.11128	12.9085
4.73021	-0.0602541	0.102963	15.6406
12.1835	-0.163055	0.28337	5.18541
12.1602	-0.170523	0.2816	5.06085
11.3368	-0.127637	0.271126	7.2986
10.4474	-0.152209	0.237395	18.8044
10.0917	-0.136492	0.227475	19.0213
8.82729	-0.0831698	0.217853	21.9807
8.13868	-0.0867971	0.178554	23.8002
8.11304	-0.0855995	0.177308	21.2187
7.85052	-0.076329	0.172979	19.65
7.28125	-0.0648727	0.158094	18.1625
5.33007	-0.0628526	0.115817	11.8346
4.5782	-0.0580468	0.0993406	14.4144
12.0918	-0.166793	0.281147	4.80097
11.9725	-0.184577	0.27587	5.78163
11.1752	-0.133686	0.26794	7.40279
10.8613	-0.17513	0.2485	12.62
10.1946	-0.140931	0.229331	14.5652
8.40701	-0.0768361	0.208571	17.3
8.29251	-0.0901086	0.18271	28.5348
8.23519	-0.0865675	0.180143	22.1405
7.99158	-0.0764597	0.175536	15.6176
7.23329	-0.0630519	0.157286	20.8776
5.60988	-0.0569318	0.122386	11.1681
4.41246	-0.0613385	0.0954871	13.8176
12.0563	-0.174313	0.280464	4.75278
11.8577	-0.194348	0.272393	6.23715
11.1146	-0.144288	0.266973	8.13149
11.0526	-0.19349	0.254134	9.41907
10.2322	-0.143972	0.229988	13.1167
8.3464	-0.0907295	0.184189	28.1804
8.27564	-0.0880224	0.181098	21.3847
8.23409	-0.0801371	0.205094	16.968
8.05144	-0.0780288	0.176704	13.6912
7.21144	-0.0625596	0.15686	21.4031
5.74267	-0.0528392	0.125176	11.2224
4.35092	-0.0616821	0.094067	13.7738
12.1403	-0.178821	0.280922	4.8681
12.1403	-0.178821	0.280922	4.8681
11.1559	-0.129309	0.267532	7.78008
10.4616	-0.154487	0.236866	15.9214
10.4616	-0.154487	0.236866	15.9214
8.40429	-0.0923459	0.184926	26.3496
8.40429	-0.0923459	0.184926	26.3496
8.28984	-0.0715052	0.205475	22.5204
7.70879	-0.0744507	0.169445	21.1985
7.4238	-0.0630174	0.161041	16.4906
5.10761	-0.0608136	0.11032	11.3257
4.7461	-0.0568052	0.104224	14.0527
12.1303	-0.186404	0.280704	4.62186
12.0694	-0.194149	0.278187	5.09846
11.0257	-0.139282	0.265194	8.92021
10.734	-0.17273	0.244172	16.0106
10.4391	-0.158075	0.235502	14.8677
8.6139	-0.0963292	0.190618	28.2852
8.56339	-0.0947814	0.188745	25.8432
7.85764	-0.0720202	0.196144	16.5733
7.74314	-0.0744827	0.169427	16.7794
7.41053	-0.0643121	0.161128	18.3694
5.2599	-0.0535552	0.114237	11.3882
4.67231	-0.0602613	0.102074	11.5341
12.1277	-0.190369	0.280702	4.6914
12.0317	-0.198159	0.276765	4.96824
10.9776	-0.138048	0.264221	9.34766
10.8398	-0.182718	0.247157	16.7664
10.4237	-0.158155	0.234725	15.0071
8.69196	-0.0975019	0.192791	30.7702
8.61627	-0.0957453	0.190021	26.3392
7.78231	-0.0750686	0.170042	15.6264
7.67814	-0.0744814	0.192572	17.1843
7.38283	-0.0636324	0.160596	19.0106
5.38077	-0.0518526	0.116868	11.583
4.61317	-0.0638051	0.100621	11.8966
12.1383	-0.200876	0.279956	4.60471
12.1383	-0.200876	0.279956	4.60471
10.9183	-0.137178	0.263081	10.1478
10.5998	-0.168188	0.239614	17.2334
10.5998	-0.168188	0.239614	17.2334
8.81298	-0.100281	0.195571	30.4789
8.81298	-0.100281	0.195571	30.4789
7.60501	-0.0689574	0.165905	17.9254
7.52038	-0.0651093	0.163403	16.9645
7.40969	-0.0750073	0.186706	17.4763
5.07368	-0.0496989	0.109651	10.5766
4.92344	-0.0479558	0.107609	10.1571
12.1628	-0.200017	0.280515	4.40337
12.1375	-0.195438	0.279334	4.39169
10.8788	-0.134425	0.262265	10.1001
10.6567	-0.169945	0.241064	20.7757
10.5399	-0.168721	0.23761	20.6426
8.91077	-0.103746	0.19837	33.5491
8.88035	-0.103159	0.197289	31.5019
7.61168	-0.0677245	0.165696	16.7044
7.50736	-0.0651123	0.163246	18.0135
7.21981	-0.0729218	0.182974	21.3335
5.145	-0.0466266	0.111344	11.1154
4.91432	-0.053018	0.106903	9.21071
12.173	-0.192943	0.280134	4.11558
12.173	-0.192943	0.280134	4.11558
10.8424	-0.131633	0.261516	10.4681
10.5789	-0.168736	0.238529	28.7246
10.5789	-0.168736	0.238529	28.7246
8.98588	-0.107334	0.200337	34.0672
8.98588	-0.107334	0.200337	34.0672
7.55317	-0.0658221	0.164214	16.8478
7.55317	-0.0658221	0.164214	16.8478
7.02239	-0.0715032	0.179295	27.9325
5.06286	-0.0475363	0.10949	9.63107
5.06286	-0.0475363	0.10949	9.63107
12.6313	-0.141603	0.298259	5.82561
12.6313	-0.141603	0.298259	5.82561
12.6313	-0.141603	0.298259	5.82561
10.9429	-0.107021	0.266326	8.39404
8.24147	-0.0990318	0.183834	29.7211
8.24147	-0.0990318	0.183834	29.7211
8.24147	-0.0990318	0.183834	29.7211
7.1036	-0.0735753	0.153288	16.8187
7.1036	-0.0735753	0.153288	16.8187
7.1036	-0.0735753	0.153288	16.8187
5.0117	-0.0640351	0.106874	14.6513
5.0117	-0.0640351	0.106874	14.6513
12.5953	-0.145368	0.295693	5.5793
12.4372	-0.144056	0.293648	5.74236
12.4372	-0.144056	0.293648	5.74236
10.4202	-0.114861	0.254856	12.6908
8.97617	-0.112097	0.201627	33.5395
8.4165	-0.0980816	0.18784	32.5786
8.4165	-0.0980816	0.18784	32.5786
7.34152	-0.074747	0.158598	16.8494
7.25521	-0.0722621	0.156884	17.5945
7.25521	-0.0722621	0.156884	17.5945
5.05997	-0.0652748	0.108552	14.8919
4.6507	-0.060351	0.0988857	14.8786
12.4609	-0.153668	0.290965	5.37086
12.2147	-0.1435	0.288374	6.07056
12.2147	-0.1435	0.288374	6.07056
9.87377	-0.100697	0.242104	16.5788
9.67672	-0.128946	0.218887	34.6538
8.6572	-0.0989445	0.193121	25.6371
8.6572	-0.0989445	0.193121	25.6371
7.53107	-0.0764606	0.162836	17.5014
7.36487	-0.0725771	0.159782	19.5794
7.36487	-0.0725771	0.159782	19.5794
5.29653	-0.0665094	0.114815	14.3525
4.33111	-0.0594998	0.0918712	15.3253
12.2315	-0.159978	0.284006	5.31506
11.9929	-0.141336	0.283213	6.12836
11.9929	-0.141336	0.283213	6.12836
10.3222	-0.147968	0.235165	22.6164
9.34582	-0.0952664	0.230042	18.9372
8.91872	-0.100164	0.198731	20.9968
8.91872	-0.100164	0.198731	20.9968
7.66886	-0.0769512	0.165904	17.7974
7.43007	-0.0730881	0.161702	22.4124
7.43007	-0.0730881	0.161702	22.4124
5.64415	-0.0653982	0.123442	11.8284
4.07685	-0.0584249	0.0862952	16.3117
11.9207	-0.177227	0.275337	5.63296
11.8186	-0.144458	0.279402	5.67536
11.8186	-0.144458	0.279402	5.67536
10.8871	-0.172307	0.250078	11.2892
9.12875	-0.103711	0.203198	16.3081
9.12875	-0.103711	0.203198	16.3081
8.91978	-0.0845302	0.220474	18.6583
7.75248	-0.0761764	0.167746	16.8334
7.46275	-0.0730431	0.16274	23.517
7.46275	-0.0730431	0.16274	23.517
5.98038	-0.0563493	0.131078	10.7018
3.91178	-0.0587241	0.0826971	17.2882
11.7504	-0.140323	0.27783	5.45161
11.7504	-0.140323	0.27783	5.45161
11.6647	-0.178601	0.267428	8.72379
11.2285	-0.179755	0.259996	6.67209
9.21095	-0.104611	0.204909	14.5789
9.21095	-0.104611	0.204909	14.5789
8.74363	-0.0857516	0.216851	14.2378
7.78052	-0.0781931	0.168405	17.769
7.47255	-0.0732404	0.163071	24.4873
7.47255	-0.0732404	0.163071	24.4874
6.12978	-0.0497386	0.13418	10.8448
3.8544	-0.0582051	0.0814299	17.8619
12.4685	-0.152564	0.292616	5.73555
12.4685	-0.152564	0.292616	5.73555
12.2634	-0.143423	0.289745	6.10108
9.85732	-0.105528	0.242004	15.0331
9.11368	-0.113064	0.20469	32.9644
9.11368	-0.113064	0.20469	32.9644
8.42956	-0.0966761	0.188052	37.2064
7.53909	-0.0756338	0.16325	17.5256
7.53909	-0.0756338	0.16325	17.5256
7.4093	-0.0734811	0.16035	16.6842
4.75808	-0.0627919	0.101751	14.8927
4.46655	-0.0607341	0.0953261	15.8175
12.4073	-0.156633	0.289347	5.4339
12.3219	-0.149999	0.288945	5.70592
12.075	-0.142001	0.285517	6.13077
9.76663	-0.130491	0.220757	32.6285
9.27541	-0.0916247	0.228409	20.6879
9.26001	-0.112804	0.207625	29.7244
8.51357	-0.0951049	0.189537	28.8816
7.76031	-0.0775537	0.168208	17.6149
7.72435	-0.0777528	0.167913	19.4261
7.52406	-0.0722303	0.163174	18.6191
4.83754	-0.0626699	0.104312	14.7677
4.15649	-0.0591013	0.0885844	16.2886
12.2633	-0.163892	0.2843	5.11987
12.1787	-0.150958	0.285583	5.59221
11.8978	-0.13856	0.281565	6.06517
10.3455	-0.150064	0.235421	22.7435
9.4019	-0.113935	0.210266	20.9264
8.7168	-0.0816941	0.215464	25.0066
8.64764	-0.0934762	0.19189	21.9607
7.91923	-0.078079	0.171748	19.1611
7.87048	-0.0795269	0.17183	23.3529
7.58349	-0.0722518	0.164988	21.2851
5.12034	-0.0641576	0.111578	13.04
3.85981	-0.0586031	0.0820428	16.8682
12.0715	-0.181142	0.278459	5.19407
12.0705	-0.15374	0.283173	5.05746
11.7666	-0.141739	0.278835	5.92194
10.8029	-0.173734	0.247661	13.6585
9.51092	-0.115928	0.21219	15.5187
8.7703	-0.0933798	0.194078	15.8362
8.26621	-0.0755523	0.205396	16.673
8.01509	-0.080218	0.173927	17.9803
7.96178	-0.0816348	0.174433	25.5396
7.60544	-0.0727899	0.165869	23.8496
5.4305	-0.0597267	0.118783	11.2485
3.65975	-0.057585	0.0776176	18.8999
12.0295	-0.149531	0.282168	4.89476
11.9573	-0.194497	0.275102	6.42089
11.7173	-0.141292	0.277776	5.51286
11.0063	-0.191412	0.25357	9.18566
9.5527	-0.11864	0.212952	13.7998
8.81973	-0.0943178	0.194981	14.0897
8.07904	-0.0773952	0.201528	18.1553
8.04713	-0.0805897	0.174649	18.2128
7.99255	-0.0820895	0.175331	27.6235
7.61033	-0.0717846	0.166092	25.9432
5.57497	-0.0569045	0.121856	10.8344
3.5892	-0.0566718	0.0760427	20.4223
12.347	-0.159432	0.287747	5.38425
12.347	-0.159432	0.287747	5.38425
11.9296	-0.138409	0.282455	6.03202
9.81769	-0.129061	0.221309	25.7409
9.81769	-0.129061	0.221309	25.7409
8.66228	-0.0798111	0.214069	27.6663
8.42964	-0.091465	0.187176	28.8567
7.99773	-0.0799445	0.174091	19.8811
7.99773	-0.0799445	0.174091	19.8811
7.66216	-0.072008	0.166205	18.1871
4.55796	-0.0611999	0.0978772	14.5438
4.0756	-0.0564331	0.0878291	16.6387
12.3047	-0.170266	0.285161	4.79226
12.2923	-0.162974	0.286449	5.12156
11.7979	-0.138675	0.279791	6.16648
10.2913	-0.147401	0.233307	19.8868
9.83396	-0.129025	0.22081	18.5797
8.42338	-0.090702	0.186274	21.6503
8.21112	-0.0848453	0.179712	23.7998
8.19039	-0.0820793	0.178455	21.5681
8.07576	-0.0675621	0.20033	26.1615
7.73767	-0.0722157	0.168211	18.7834
4.66945	-0.0609163	0.101215	13.8848
3.85601	-0.0570516	0.0831121	16.8507
12.2544	-0.164012	0.285575	4.73391
12.231	-0.187914	0.282357	4.61699
11.704	-0.142132	0.277993	6.26352
10.6295	-0.167753	0.242326	17.9443
9.82929	-0.132695	0.219924	15.6491
8.46244	-0.0923561	0.186432	16.8185
8.36361	-0.0889725	0.183957	29.3237
8.30521	-0.0839828	0.181081	20.6623
7.75619	-0.0725549	0.169051	22.1033
7.60066	-0.0682752	0.189808	18.2459
4.93564	-0.0581002	0.107609	12.147
3.64888	-0.0572588	0.0784407	19.2097
12.2408	-0.16488	0.285294	4.48118
12.1916	-0.198065	0.281032	4.62995
11.6696	-0.144622	0.277372	6.00629
10.7581	-0.174563	0.245839	17.5034
9.82411	-0.133968	0.219458	15.4017
8.48455	-0.0936782	0.186668	15.3652
8.41978	-0.0908104	0.185585	30.9767
8.34338	-0.084246	0.18194	21.0513
7.75651	-0.0723644	0.169215	24.0587
7.40129	-0.0692068	0.185658	16.9805
5.07345	-0.0555308	0.110555	11.9046
3.57157	-0.0572083	0.0767026	20.341
12.3462	-0.173962	0.286157	4.3871
12.3462	-0.173962	0.286157	4.3871
11.7076	-0.140469	0.278202	6.7323
10.1849	-0.146631	0.229689	17.5279
10.1849	-0.146631	0.229689	17.5279
8.45155	-0.0891373	0.185312	24.5192
8.45155	-0.0891373	0.185312	24.5192
8.27588	-0.0862115	0.1823	21.9204
7.85099	-0.070452	0.170604	19.0262
7.4616	-0.0586118	0.185956	16.6119
4.41435	-0.0583664	0.0951994	13.4471
3.93994	-0.0561107	0.0863049	15.6496
12.3764	-0.178434	0.286991	4.14514
12.3614	-0.191025	0.285623	4.02966
11.6436	-0.14502	0.277159	6.69051
10.4188	-0.157368	0.235735	20.734
10.0723	-0.146042	0.225919	20.0273
8.65631	-0.0952435	0.19099	27.8667
8.59429	-0.0914191	0.188644	23.2468
8.22693	-0.0841908	0.180405	20.7832
7.88768	-0.0716308	0.171725	20.9708
6.95769	-0.0641735	0.174859	15.8745
4.53883	-0.0552519	0.0985581	12.0907
3.84916	-0.0579443	0.0841351	16.433
12.3874	-0.185692	0.287423	3.97699
12.3625	-0.192017	0.285178	3.89172
11.6204	-0.150185	0.276843	6.19267
10.5018	-0.160336	0.237889	20.7957
10.0209	-0.144572	0.224151	22.5207
8.73821	-0.0984952	0.193375	30.6262
8.6416	-0.092051	0.189737	25.058
8.22627	-0.0833132	0.180013	20.7618
7.8859	-0.0726101	0.171886	22.1171
6.74159	-0.06754	0.170458	17.1943
4.66528	-0.050646	0.101269	12.17
3.78206	-0.0582981	0.0824894	17.6107
12.4446	-0.189307	0.287653	3.67818
12.4446	-0.189307	0.287653	3.67818
11.5995	-0.151087	0.276613	6.84092
10.2261	-0.150538	0.229692	26.5224
10.2261	-0.150538	0.229692	26.5224
8.83352	-0.0984797	0.195259	29.3967
8.83352	-0.0984797	0.195259	29.3967
8.08896	-0.0767645	0.176726	21.3957
7.96759	-0.071254	0.173363	20.4461
6.41632	-0.0684101	0.163051	19.1569
4.32821	-0.0598567	0.0937323	10.3136
4.10035	-0.0595377	0.0903065	13.0565
12.4731	-0.18749	0.288306	3.59191
12.4664	-0.184788	0.287633	3.62017
11.5833	-0.155925	0.276469	6.72492
10.279	-0.151804	0.230995	29.5373
10.1402	-0.144128	0.226853	33.1267
8.93502	-0.102019	0.198225	33.7168
8.89277	-0.101002	0.196718	30.4196
8.06294	-0.0741251	0.175749	20.597
7.97513	-0.0720113	0.173674	20.7535
6.17405	-0.0679912	0.158256	21.1114
4.39477	-0.0508969	0.0951995	9.58963
4.10962	-0.0634535	0.0899738	12.8047
12.5012	-0.180164	0.288403	3.60484
12.5012	-0.180164	0.288403	3.60484
11.5695	-0.155394	0.27625	6.74713
10.1802	-0.143927	0.22775	35.0607
10.1802	-0.143927	0.22775	35.0607
9.00163	-0.105291	0.19992	35.4545
9.00163	-0.105291	0.19992	35.4545
8.00701	-0.0713311	0.174302	19.8885
8.00701	-0.0713311	0.174302	19.8885
5.90997	-0.0650278	0.153359	26.5775
4.29953	-0.0564788	0.0931835	9.61842
4.29953	-0.0564788	0.0931835	9.61842
12.3748	-0.153052	0.290496	5.97451
12.3748	-0.153052	0.290496	5.97451
12.3748	-0.153052	0.290496	5.97451
9.24345	-0.0864047	0.227676	22.289
9.11867	-0.11171	0.20454	31.0058
9.11867	-0.11171	0.20454	31.0058
9.11867	-0.11171	0.20454	31.0058
7.69886	-0.0740468	0.166766	17.3254
7.69886	-0.0740468	0.166766	17.3254
7.69886	-0.0740468	0.166766	17.3254
4.26613	-0.0591622	0.0909057	15.8664
4.26613	-0.0591622	0.0909057	15.8664
12.4019	-0.160013	0.289265	5.45322
12.2746	-0.152303	0.288247	5.79396
12.2746	-0.152303	0.288247	5.79396
9.7335	-0.127733	0.219555	30.8543
9.13023	-0.110187	0.204225	28.5377
9.13023	-0.110187	0.204225	28.5377
8.61438	-0.0777372	0.212995	24.8743
7.92849	-0.0772055	0.171907	18.5066
7.85689	-0.0755456	0.17059	19.5728
7.85689	-0.0755456	0.17059	19.5728
4.30518	-0.0590296	0.0924472	15.7934
3.81399	-0.0568121	0.0809724	16.8109
12.3599	-0.167572	0.286583	4.71272
12.1834	-0.154054	0.286319	5.46742
12.1834	-0.154054	0.286319	5.46742
10.2441	-0.147867	0.232461	23.6318
9.14759	-0.109082	0.203782	20.8789
9.14759	-0.109082	0.203782	20.8789
8.09487	-0.0792756	0.175631	18.6791
8.01222	-0.0656594	0.198829	27.2551
7.98818	-0.0788456	0.17412	22.7211
7.98818	-0.0788456	0.17412	22.7211
4.53268	-0.0600211	0.0984241	15.0526
3.43884	-0.0562669	0.0727459	19.626
12.2853	-0.180396	0.283634	4.42094
12.1188	-0.149645	0.284853	4.97068
12.1188	-0.149645	0.284853	4.97068
10.6036	-0.165186	0.241929	16.401
9.16461	-0.111464	0.203428	16.8251
9.16461	-0.111464	0.203428	16.8251
8.19564	-0.0794372	0.177865	18.6462
8.07359	-0.081626	0.176657	25.6078
8.07359	-0.081626	0.176657	25.6078
7.52362	-0.0675466	0.187965	18.8518
4.82195	-0.0595183	0.105296	12.4903
3.1855	-0.0533263	0.0671311	23.899
12.2452	-0.201504	0.282565	4.67765
12.0953	-0.147143	0.284317	5.0314
12.0953	-0.147143	0.284317	5.0314
10.7392	-0.174234	0.245678	18.1331
9.17188	-0.112636	0.203287	15.5821
9.17188	-0.112636	0.203287	15.5821
8.22939	-0.0788676	0.1786	18.5448
8.10297	-0.0819962	0.177572	26.791
8.10297	-0.0819962	0.177572	26.791
7.31809	-0.0687025	0.183646	20.5996
4.96584	-0.0571226	0.108372	12.0191
3.09519	-0.0513743	0.0651132	25.6286
12.3976	-0.162306	0.289288	5.30043
12.3976	-0.162306	0.289288	5.30043
12.2249	-0.153863	0.287457	5.46308
9.66484	-0.125803	0.217216	23.6226
9.66484	-0.125803	0.217216	23.6226
9.01523	-0.106094	0.200943	26.2103
8.11528	-0.0782928	0.176375	19.138
8.11528	-0.0782928	0.176375	19.138
7.99075	-0.0752396	0.173526	19.786
7.94175	-0.0656945	0.197055	35.2829
3.94378	-0.0570379	0.0844083	16.4385
3.59022	-0.0566071	0.0766668	17.4342
12.4569	-0.170342	0.289049	4.42224
12.3949	-0.16658	0.289446	4.91409
12.1805	-0.152078	0.286688	5.25425
10.0864	-0.140356	0.227725	19.6838
9.57407	-0.12607	0.214145	21.1729
8.92467	-0.10432	0.198012	22.3415
8.30039	-0.0809603	0.180524	20.3216
8.2974	-0.0818012	0.181097	23.0532
8.1058	-0.0776232	0.176417	21.2273
7.29828	-0.0545457	0.181783	20.8021
4.01188	-0.0565785	0.0867129	16.0072
3.2455	-0.0550083	0.0692227	21.5043
12.4743	-0.178837	0.288345	3.82558
12.3936	-0.163427	0.289443	4.37656
12.1495	-0.150614	0.286151	5.12146
10.3617	-0.152979	0.23483	20.6908
9.48842	-0.124166	0.211135	22.1378
8.86652	-0.102964	0.195775	21.8427
8.4406	-0.0872934	0.185153	26.4828
8.41183	-0.0826066	0.183027	21.1155
8.18382	-0.0787465	0.178694	25.2488
6.77098	-0.057011	0.169897	16.4626
4.26074	-0.0563466	0.0928024	13.9235
2.96326	-0.0502544	0.0629201	27.7821
12.4759	-0.190651	0.288175	3.59694
12.3932	-0.159278	0.289378	4.24889
12.1383	-0.147055	0.285902	5.28802
10.4584	-0.156429	0.237345	19.2897
9.45091	-0.122786	0.209759	22.4593
8.84642	-0.101287	0.194866	21.4701
8.49774	-0.0893944	0.186863	28.8568
8.44905	-0.0821199	0.183848	21.2349
8.2115	-0.0809989	0.17964	26.7024
6.54495	-0.0600514	0.165146	17.7112
4.40207	-0.0530683	0.0958213	12.4888
2.85875	-0.0489499	0.0605934	29.807
12.5373	-0.173042	0.291161	4.03797
12.5373	-0.173042	0.291161	4.03797
12.1734	-0.154704	0.286986	5.40184
9.90122	-0.139394	0.222253	22.7721
9.90122	-0.139394	0.222253	22.7721
8.74978	-0.100156	0.19327	24.9595
8.51555	-0.0856575	0.18606	23.7087
8.51555	-0.0856575	0.18606	23.7087
8.20682	-0.0750116	0.178528	22.4028
6.61271	-0.054781	0.165614	15.0044
3.69904	-0.0571143	0.0796726	16.2337
3.19387	-0.0540351	0.0693917	23.0126
12.6181	-0.173861	0.291883	3.36892
12.5898	-0.173873	0.29255	3.74111
12.1665	-0.158082	0.287173	5.38607
10.1075	-0.145967	0.227397	21.5562
9.7307	-0.128824	0.216868	30.5209
8.70278	-0.0920014	0.191269	27.8167
8.64553	-0.0879544	0.189029	23.1719
8.63636	-0.0920523	0.189738	25.6588
8.27674	-0.0768828	0.180392	24.3887
6.04022	-0.0603085	0.152619	15.2115
3.79824	-0.0569349	0.0825341	13.3072
3.03061	-0.0514646	0.0658903	25.9128
12.6441	-0.175072	0.292111	3.15571
12.6079	-0.17096	0.292939	3.50143
12.1638	-0.156842	0.287174	5.35943
10.1781	-0.146448	0.229141	21.6265
9.65296	-0.123743	0.214315	32.7682
8.78592	-0.0958342	0.193747	30.8179
8.68872	-0.0882898	0.190006	23.7951
8.59622	-0.0883202	0.188294	24.3333
8.30255	-0.0793706	0.181294	25.1842
5.78642	-0.061843	0.14723	17.7067
3.93019	-0.0548516	0.0854464	11.3371
2.93884	-0.0498676	0.0637709	27.6522
12.7073	-0.170241	0.294078	3.16194
12.7073	-0.170241	0.294078	3.16194
12.1744	-0.164886	0.287804	5.39732
9.88104	-0.131917	0.220463	34.8285
9.88104	-0.131917	0.220463	34.8285
8.85963	-0.0949563	0.194939	28.319
8.85963	-0.0949563	0.194939	28.319
8.48993	-0.0837967	0.185751	25.2295
8.33951	-0.0767413	0.181661	23.5969
5.40813	-0.0606676	0.138125	20.193
3.54558	-0.0609356	0.0768636	16.0275
3.24248	-0.0537915	0.0717287	20.6741
12.7465	-0.166191	0.29453	3.08488
12.7375	-0.170918	0.294873	3.08697
12.1765	-0.166312	0.288003	5.42025
9.93204	-0.132701	0.221686	34.5785
9.77527	-0.124258	0.217068	38.1775
8.9613	-0.0995711	0.19797	31.2877
8.9118	-0.0969264	0.19618	29.0407
8.43828	-0.08006	0.184137	23.969
8.36305	-0.0778366	0.182351	24.2208
5.10846	-0.0592544	0.131911	27.1279
3.60857	-0.0614927	0.0784636	12.9186
3.25605	-0.0552294	0.0716005	20.0018
12.7808	-0.165269	0.295376	3.06983
12.7808	-0.165269	0.295376	3.06983
12.1803	-0.170595	0.288323	5.39161
9.81623	-0.124056	0.217985	37.8625
9.81623	-0.124056	0.217985	37.8625
9.02018	-0.101636	0.19941	32.9415
9.02018	-0.101636	0.19941	32.9415
8.38425	-0.0777911	0.182731	23.0062
8.38425	-0.0777911	0.182731	23.0062
4.76176	-0.059187	0.125501	34.6487
3.49322	-0.0649362	0.0759841	13.8017
3.49322	-0.0649362	0.0759841	13.8017
12.4442	-0.166509	0.290793	5.0741
12.4442	-0.166509	0.290793	5.0741
12.4442	-0.166509	0.290793	5.0741
9.49788	-0.120398	0.212522	22.3035
9.49788	-0.120398	0.212522	22.3035
9.49788	-0.120398	0.212522	22.3035
8.25051	-0.0784218	0.179318	21.2993
8.25051	-0.0784218	0.179318	21.2993
8.25051	-0.0784218	0.179318	21.2993
7.21294	-0.0466909	0.179397	26.6157
3.35504	-0.0555536	0.0715508	19.3342
3.35504	-0.0555536	0.0715508	19.3342
12.5923	-0.171252	0.292592	4.02906
12.4809	-0.170874	0.292022	4.49467
12.4809	-0.170874	0.292022	4.49467
9.85984	-0.137427	0.221516	20.956
9.33259	-0.118605	0.20775	24.4212
9.33259	-0.118605	0.20775	24.4212
8.43831	-0.0801755	0.183505	20.2487
8.3912	-0.0804479	0.182784	22.1578
8.3912	-0.0804479	0.182784	22.1578
6.51493	-0.0491024	0.162926	15.0617
3.39639	-0.0548293	0.0732017	18.5882
2.83828	-0.0487839	0.060125	29.5551
12.6765	-0.167988	0.293319	3.38612
12.5042	-0.160834	0.29253	4.36334
12.5042	-0.160834	0.29253	4.36334
10.0851	-0.141807	0.227057	18.8771
9.19368	-0.10973	0.20336	29.808
9.19368	-0.10973	0.20336	29.808
8.55189	-0.0826423	0.186061	20.8135
8.5147	-0.0848704	0.186222	24.8692
8.5147	-0.0848704	0.186222	24.8692
5.93465	-0.053102	0.149594	15.0914
3.61695	-0.0572345	0.0787824	14.7391
2.46611	-0.0428438	0.0518463	37.8765
12.7037	-0.167819	0.29351	2.98041
12.5122	-0.159196	0.292735	4.3452
12.5122	-0.159196	0.292735	4.3452
10.1617	-0.142365	0.228949	20.0319
9.13253	-0.104725	0.201299	28.899
9.13253	-0.104725	0.201299	28.899
8.5899	-0.0820715	0.186888	22.1416
8.57061	-0.0871875	0.187931	27.1677
8.57061	-0.0871875	0.187931	27.1677
5.67891	-0.0507249	0.143975	15.073
3.76089	-0.0571839	0.0819428	11.9277
2.32691	-0.0405934	0.0487361	42.5262
12.6967	-0.171807	0.295365	3.63846
12.6967	-0.171807	0.295365	3.63846
12.5449	-0.168406	0.293834	4.26667
9.63301	-0.125975	0.214955	28.0032
9.63301	-0.125975	0.214955	28.0032
9.12409	-0.108089	0.201964	30.2979
8.59533	-0.0825126	0.187339	23.7159
8.59533	-0.0825126	0.187339	23.7159
8.48755	-0.0798046	0.18482	23.1614
5.76127	-0.0539192	0.144886	14.3433
2.9844	-0.0511313	0.0640713	24.9376
2.60484	-0.0448281	0.0557275	35.9972
12.8265	-0.15828	0.296985	3.10738
12.762	-0.164428	0.296929	3.32835
12.5841	-0.167642	0.294985	4.31399
9.81678	-0.132062	0.219431	28.8206
9.43452	-0.114415	0.208981	33.8433
8.96238	-0.0976437	0.19719	29.4326
8.7497	-0.0878589	0.191553	27.6423
8.71809	-0.0837708	0.190085	23.8853
8.57927	-0.0823582	0.187188	24.2165
5.12068	-0.0555467	0.129833	15.2574
3.06139	-0.0546918	0.066543	22.2124
2.28982	-0.0403458	0.0489639	43.7951
12.8699	-0.144068	0.297268	2.83509
12.7842	-0.161241	0.297454	3.29013
12.5972	-0.167659	0.295384	4.3399
9.87861	-0.134087	0.220939	27.45
9.33939	-0.106838	0.205944	32.8451
8.88815	-0.0912708	0.194809	27.1993
8.82979	-0.0933828	0.193994	30.2163
8.75907	-0.0848522	0.191009	25.1672
8.6297	-0.0848239	0.188718	27.2336
4.82551	-0.0563658	0.123343	15.6954
3.20108	-0.0579476	0.0697442	17.2397
2.14385	-0.0374796	0.0457121	48.9106
12.9185	-0.150981	0.299214	2.90023
12.9185	-0.150981	0.299214	2.90023
12.6322	-0.17247	0.296507	4.19854
9.5819	-0.117804	0.212452	33.8301
9.5819	-0.117804	0.212452	33.83
8.89012	-0.0906423	0.19476	28.1838
8.89012	-0.0906423	0.19476	28.1838
8.805	-0.0890027	0.192866	27.6975
8.6326	-0.0810523	0.188204	25.9374
4.40101	-0.0534758	0.112598	19.6367
2.73852	-0.0496799	0.0592629	29.3614
2.38319	-0.0424037	0.0526261	41.3827
12.9709	-0.139724	0.299808	2.78555
12.9495	-0.143132	0.299822	2.79106
12.6483	-0.171771	0.296939	4.04704
9.6315	-0.120056	0.213649	32.103
9.46449	-0.108585	0.208764	35.7287
8.98633	-0.0959014	0.197648	31.4549
8.93683	-0.0916224	0.195833	27.6421
8.73409	-0.0844614	0.190751	26.257
8.66811	-0.0826841	0.189199	25.8999
4.03862	-0.0527458	0.104682	23.6941
2.8006	-0.0537987	0.0609356	25.4878
2.36743	-0.0419198	0.0521604	41.382
13.0049	-0.139022	0.300668	2.73418
13.0049	-0.139022	0.300668	2.73418
12.6653	-0.17364	0.297484	3.97223
9.50637	-0.11045	0.209732	37.761
9.50637	-0.11045	0.209732	37.761
9.03868	-0.0973402	0.198887	32.0291
9.03868	-0.0973402	0.198887	32.0291
8.68142	-0.0825872	0.189371	25.6332
8.68142	-0.0825872	0.189371	25.6332
3.58881	-0.0471504	0.0958066	52.5222
2.65162	-0.0503786	0.0576185	31.7559
2.65162	-0.0503786	0.0576185	31.7559
12.8152	-0.161159	0.298274	3.22254
12.8152	-0.161159	0.298274	3.22254
12.8152	-0.161159	0.298274	3.22254
9.39436	-0.114082	0.208296	32.2825
9.39436	-0.114082	0.208296	32.2825
9.39436	-0.114082	0.208296	32.2825
8.69021	-0.0807422	0.189308	24.7738
8.69021	-0.0807422	0.189308	24.7738
8.69021	-0.0807422	0.189308	24.7738
4.93922	-0.0523078	0.124683	14.9671
2.31283	-0.0410833	0.0493031	37.3562
2.31283	-0.0410833	0.0493031	37.3562
12.9795	-0.144229	0.300678	2.83955
12.8881	-0.154426	0.300107	3.21596
12.8881	-0.154426	0.300107	3.21596
9.55764	-0.119424	0.212181	32.3509
9.19888	-0.102753	0.202644	31.2633
9.19888	-0.102753	0.202644	31.2633
8.81269	-0.0830075	0.192053	23.7449
8.79573	-0.0858888	0.192042	26.9746
8.79573	-0.0858888	0.192042	26.9746
4.22469	-0.0566992	0.107538	17.7306
2.37796	-0.0437684	0.0515399	35.0206
1.77618	-0.0319241	0.0374024	59.1018
13.0346	-0.117701	0.300969	2.81727
12.9126	-0.153948	0.30076	3.2091
12.9126	-0.153948	0.30076	3.2091
9.61225	-0.122314	0.213513	34.388
9.09895	-0.0955402	0.199554	31.3703
9.09895	-0.0955402	0.199554	31.3703
8.86505	-0.0900887	0.194114	29.5285
8.86505	-0.0900887	0.194114	29.5285
8.85365	-0.0834427	0.192972	23.4563
3.87692	-0.0571248	0.0996828	24.307
2.52482	-0.0490513	0.0549836	29.7587
1.55344	-0.0274085	0.0324065	71.3752
13.0728	-0.124145	0.30266	2.75712
13.0728	-0.124145	0.30266	2.75712
12.9649	-0.151656	0.302118	3.1366
9.34212	-0.106468	0.205967	33.433
9.34212	-0.106468	0.205967	33.433
9.0318	-0.0941378	0.198024	31.0734
8.92588	-0.0875561	0.194951	30.8646
8.92588	-0.0875561	0.194951	30.8646
8.84403	-0.0850832	0.192944	28.1785
3.41688	-0.0528941	0.087492	30.0748
1.92923	-0.036137	0.0415955	51.4987
1.60813	-0.0288771	0.0348503	79.7757
13.1348	-0.108295	0.303398	2.77842
13.1042	-0.119071	0.303376	2.77713
12.9907	-0.152627	0.302836	3.06725
9.39008	-0.107792	0.207083	36.5807
9.22634	-0.0989954	0.202446	32.4709
9.00693	-0.0932861	0.197369	31.9438
8.96932	-0.0880382	0.195923	30.6834
8.9475	-0.0882156	0.195529	29.625
8.88786	-0.087109	0.19415	29.5119
2.98145	-0.0454005	0.0772832	54.3666
1.99657	-0.039557	0.0434182	51.6788
1.47944	-0.0265119	0.03221	93.7753
13.1684	-0.100137	0.30408	2.69862
13.1684	-0.100137	0.30408	2.69862
13.0168	-0.149757	0.303487	3.07805
9.26896	-0.0994236	0.203399	33.1038
9.26896	-0.0994236	0.203399	33.1038
9.05434	-0.0938337	0.198447	32.4898
9.05434	-0.0938337	0.198447	32.4898
8.89574	-0.0857714	0.194155	29.248
8.89574	-0.0857714	0.194155	29.248
2.39999	-0.0326536	0.0646989	147.568
1.78302	-0.0353929	0.0387356	65.6605
1.78302	-0.0353929	0.0387356	65.6605
13.1667	-0.108626	0.304793	2.76824
13.1667	-0.108626	0.304793	2.76824
13.1667	-0.108626	0.304793	2.76824
9.16861	-0.0977784	0.201153	32.2262
9.16861	-0.0977784	0.201153	32.2262
9.16861	-0.0977784	0.201153	32.2262
8.97173	-0.087549	0.195799	32.5859
8.97173	-0.087549	0.195799	32.5859
8.97173	-0.087549	0.195799	32.5859
2.50802	-0.040705	0.0641222	59.478
1.1797	-0.0223902	0.0251509	113.351
1.1797	-0.0223902	0.0251509	113.351
13.2344	-0.0856867	0.30551	2.82374
13.1983	-0.104731	0.305546	2.78396
13.1983	-0.104731	0.305546	2.78396
9.21433	-0.0983591	0.202185	34.7696
9.0764	-0.0922904	0.198453	32.9379
9.0764	-0.0922904	0.198453	32.9379
9.02046	-0.0908046	0.197159	33.0215
9.02046	-0.0908046	0.197159	33.0215
9.01444	-0.0876996	0.196742	32.9953
1.96577	-0.0308297	0.0508538	118.583
1.26772	-0.0252904	0.0275463	134.618
0.77728	-0.0142825	0.0161822	184.943
13.2678	-0.0815731	0.306317	2.92073
13.2678	-0.0815731	0.306317	2.92073
13.2299	-0.0957687	0.306155	2.76797
9.11951	-0.0925885	0.199407	34.5696
9.11951	-0.0925885	0.199407	34.5696
9.06479	-0.0908424	0.198139	34.0027
9.06479	-0.0908424	0.198139	34.0027
9.02517	-0.0899217	0.197084	33.6344
9.02517	-0.0899217	0.197084	33.6344
1.20204	-0.0165056	0.0325996	394.555
0.896127	-0.0176844	0.0194539	257.529
0.896127	-0.0176844	0.0194539	257.529
13.3012	-0.0778467	0.307114	3.06545
13.3012	-0.0778467	0.307114	3.06545
13.3012	-0.0778467	0.307114	3.06545
9.06845	-0.0900808	0.198039	34.2842
9.06845	-0.0900808	0.198039	34.2842
9.06845	-0.0900808	0.198039	34.2842
9.06845	-0.0900808	0.198039	34.2842
9.06845	-0.0900808	0.198039	34.2842
9.06845	-0.0900808	0.198039	34.2842
0	0	0	0
0	0	0	0
0	0	0	0
