1980 Out of 49152 QH, Third, Fourth Freq in rad/ps and Lifetimes in ps for a 16x16x16 Ar Lattice at 10K. (atoms/UC=4)
13.3026	-0.116755	0.310015	5.76378
13.3026	-0.116755	0.310015	5.76378
13.3026	-0.116755	0.310015	5.76378
13.3026	-0.116755	0.310015	5.76378
6.01832	-0.0667123	0.125007	15.2481
6.01832	-0.0667123	0.125007	15.2481
6.01832	-0.0667123	0.125007	15.2481
6.01832	-0.0667123	0.125007	15.2481
6.01832	-0.0667123	0.125007	15.2481
6.01832	-0.0667123	0.125007	15.2481
6.01832	-0.0667123	0.125007	15.2481
6.01832	-0.0667123	0.125007	15.2481
13.2572	-0.116162	0.308902	5.77317
13.2572	-0.116162	0.308902	5.77317
13.2572	-0.116162	0.308902	5.77317
13.2572	-0.116162	0.308902	5.77317
6.12245	-0.069106	0.127577	15.6673
6.12245	-0.069106	0.127577	15.6673
6.12245	-0.069106	0.127577	15.6673
6.12245	-0.069106	0.127577	15.6673
6.01807	-0.0667325	0.125012	15.357
6.01807	-0.0667325	0.125012	15.357
6.01807	-0.0667325	0.125012	15.357
6.01807	-0.0667325	0.125012	15.357
13.1222	-0.114541	0.305605	5.81988
13.1222	-0.114541	0.305605	5.81988
13.1222	-0.114541	0.305605	5.81988
13.1222	-0.114541	0.305605	5.81988
6.41937	-0.0743363	0.13488	16.35
6.41937	-0.0743363	0.13488	16.35
6.41937	-0.0743363	0.13488	16.35
6.41937	-0.0743363	0.13488	16.35
6.01738	-0.0666006	0.125026	15.4664
6.01738	-0.0666006	0.125026	15.4664
6.01738	-0.0666006	0.125026	15.4664
6.01738	-0.0666006	0.125026	15.4664
12.902	-0.112556	0.300239	5.88554
12.902	-0.112556	0.300239	5.88554
12.902	-0.112556	0.300239	5.88554
12.902	-0.112556	0.300239	5.88554
6.869	-0.0803382	0.145881	16.415
6.869	-0.0803382	0.145881	16.415
6.869	-0.0803382	0.145881	16.415
6.869	-0.0803382	0.145881	16.415
6.01634	-0.0665041	0.125047	15.5347
6.01634	-0.0665041	0.125047	15.5347
6.01634	-0.0665041	0.125047	15.5347
6.01634	-0.0665041	0.125047	15.5347
12.6048	-0.111513	0.293042	5.90845
12.6048	-0.111513	0.293042	5.90845
12.6048	-0.111513	0.293042	5.90845
12.6048	-0.111513	0.293042	5.90845
7.41959	-0.0854692	0.159258	16.3956
7.41959	-0.0854692	0.159258	16.3956
7.41959	-0.0854692	0.159258	16.3956
7.41959	-0.0854692	0.159258	16.3956
6.01511	-0.0660715	0.125072	15.5962
6.01511	-0.0660715	0.125072	15.5962
6.01511	-0.0660715	0.125072	15.5962
6.01511	-0.0660715	0.125072	15.5962
12.2457	-0.112831	0.284453	5.89835
12.2457	-0.112831	0.284453	5.89835
12.2457	-0.112831	0.284453	5.89835
12.2457	-0.112831	0.284453	5.89835
8.01619	-0.091432	0.173607	16.5634
8.01619	-0.091432	0.173607	16.5634
8.01619	-0.091432	0.173607	16.5634
8.01619	-0.091432	0.173607	16.5634
6.01388	-0.0654128	0.125097	15.6149
6.01388	-0.0654128	0.125097	15.6149
6.01388	-0.0654128	0.125097	15.6149
6.01388	-0.0654128	0.125097	15.6149
11.8551	-0.117902	0.275342	5.95729
11.8551	-0.117902	0.275342	5.95729
11.8551	-0.117902	0.275342	5.95729
11.8551	-0.117902	0.275342	5.95729
8.59752	-0.0969848	0.187317	16.1968
8.59752	-0.0969848	0.187317	16.1968
8.59752	-0.0969848	0.187317	16.1968
8.59752	-0.0969848	0.187317	16.1968
6.01284	-0.0648784	0.125118	15.5564
6.01284	-0.0648784	0.125118	15.5564
6.01284	-0.0648784	0.125118	15.5564
6.01284	-0.0648784	0.125118	15.5564
11.5031	-0.123544	0.267559	6.34467
11.5031	-0.123544	0.267559	6.34467
11.5031	-0.123544	0.267559	6.34467
11.5031	-0.123544	0.267559	6.34467
9.07208	-0.100334	0.198048	15.9823
9.07208	-0.100334	0.198048	15.9823
9.07208	-0.100334	0.198048	15.9823
9.07208	-0.100334	0.198048	15.9823
6.01214	-0.0645805	0.125133	15.5542
6.01214	-0.0645805	0.125133	15.5542
6.01214	-0.0645805	0.125133	15.5542
6.01214	-0.0645805	0.125133	15.5542
11.3439	-0.124504	0.264297	6.6159
11.3439	-0.124504	0.264297	6.6159
11.3439	-0.124504	0.264297	6.6159
11.3439	-0.124504	0.264297	6.6159
9.2734	-0.101126	0.202324	16.2117
9.2734	-0.101126	0.202324	16.2117
9.2734	-0.101126	0.202324	16.2117
9.2734	-0.101126	0.202324	16.2117
6.0119	-0.0643986	0.125138	15.5364
6.0119	-0.0643986	0.125138	15.5364
6.0119	-0.0643986	0.125138	15.5364
6.0119	-0.0643986	0.125138	15.5364
13.2574	-0.117159	0.30855	5.70952
13.2574	-0.117159	0.30855	5.70952
13.1669	-0.114079	0.307049	5.89079
13.1669	-0.114079	0.307049	5.89079
6.30711	-0.0722038	0.1321	16.317
6.30711	-0.0722038	0.1321	16.317
6.11016	-0.0678856	0.127057	15.6093
6.11016	-0.0678856	0.127057	15.6093
6.03486	-0.067869	0.125439	15.2824
6.03486	-0.067869	0.125439	15.2824
6.03008	-0.0677944	0.12555	15.6191
6.03008	-0.0677944	0.12555	15.6191
13.1673	-0.116973	0.306003	5.6829
13.1673	-0.116973	0.306003	5.6829
12.9893	-0.11136	0.303054	6.01444
12.9893	-0.11136	0.303054	6.01444
6.67794	-0.0779325	0.141123	16.8871
6.67794	-0.0779325	0.141123	16.8871
6.2307	-0.0715793	0.130449	15.9372
6.2307	-0.0715793	0.130449	15.9372
6.18772	-0.0684887	0.128808	15.7855
6.18772	-0.0684887	0.128808	15.7855
5.96076	-0.0667942	0.123928	15.4376
5.96076	-0.0667942	0.123928	15.4376
12.9895	-0.116262	0.301351	5.67384
12.9895	-0.116262	0.301351	5.67384
12.7305	-0.108823	0.297063	6.11869
12.7305	-0.108823	0.297063	6.11869
7.18975	-0.0846134	0.153512	16.8783
7.18975	-0.0846134	0.153512	16.8783
6.59517	-0.0763697	0.139453	16.0484
6.59517	-0.0763697	0.139453	16.0484
6.24894	-0.0686991	0.130207	15.8854
6.24894	-0.0686991	0.130207	15.8854
5.89703	-0.0658815	0.122565	15.3972
5.89703	-0.0658815	0.122565	15.3972
12.7303	-0.115964	0.294783	5.67151
12.7303	-0.115964	0.294783	5.67151
12.4008	-0.107505	0.28935	6.17954
12.4008	-0.107505	0.28935	6.17954
7.78485	-0.0907484	0.167853	16.702
7.78485	-0.0907484	0.167853	16.702
7.07926	-0.0802545	0.151291	16.0413
7.07926	-0.0802545	0.151291	16.0413
6.29949	-0.0685102	0.131372	15.9032
6.29949	-0.0685102	0.131372	15.9032
5.84129	-0.0650047	0.121397	15.3964
5.84129	-0.0650047	0.121397	15.3964
12.4019	-0.11738	0.286676	5.65974
12.4019	-0.11738	0.286676	5.65974
12.0177	-0.109006	0.28042	6.20097
12.0177	-0.109006	0.28042	6.20097
8.4116	-0.0978646	0.182851	16.4387
8.4116	-0.0978646	0.182851	16.4387
7.62589	-0.0848339	0.164482	16.4502
7.62589	-0.0848339	0.164482	16.4502
6.33974	-0.0681203	0.132306	15.8798
6.33974	-0.0681203	0.132306	15.8798
5.79525	-0.0640144	0.120447	15.4044
5.79525	-0.0640144	0.120447	15.4044
12.0302	-0.121749	0.277797	5.70989
12.0302	-0.121749	0.277797	5.70989
11.6152	-0.114382	0.271224	6.34891
11.6152	-0.114382	0.271224	6.34891
9.01538	-0.104548	0.197081	15.5441
9.01538	-0.104548	0.197081	15.5441
8.16829	-0.0891706	0.177274	16.6223
8.16829	-0.0891706	0.177274	16.6223
6.36913	-0.067728	0.132992	15.7955
6.36913	-0.067728	0.132992	15.7955
5.76078	-0.0631257	0.119744	15.338
5.76078	-0.0631257	0.119744	15.338
11.68	-0.127059	0.269903	5.96585
11.68	-0.127059	0.269903	5.96585
11.2666	-0.119358	0.263631	6.83592
11.2666	-0.119358	0.263631	6.83592
9.51221	-0.10869	0.208346	14.6413
9.51221	-0.10869	0.208346	14.6413
8.60988	-0.0917176	0.187237	16.8991
8.60988	-0.0917176	0.187237	16.8991
6.38704	-0.0674846	0.133412	15.7657
6.38704	-0.0674846	0.133412	15.7657
5.73942	-0.0626071	0.119312	15.3153
5.73942	-0.0626071	0.119312	15.3153
11.5138	-0.128487	0.266471	6.16584
11.5138	-0.128487	0.266471	6.16584
11.1151	-0.120336	0.260539	7.1802
11.1151	-0.120336	0.260539	7.1802
9.72836	-0.109552	0.21293	14.5634
9.72836	-0.109552	0.21293	14.5634
8.79388	-0.0923915	0.191153	17.3316
8.79388	-0.0923915	0.191153	17.3316
6.39306	-0.0672977	0.133553	15.7429
6.39306	-0.0672977	0.133553	15.7429
5.73218	-0.0623936	0.119167	15.3113
5.73218	-0.0623936	0.119167	15.3113
13.123	-0.118394	0.304235	5.57634
13.123	-0.118394	0.304235	5.57634
12.773	-0.107971	0.298434	6.21287
12.773	-0.107971	0.298434	6.21287
7.0656	-0.0830111	0.1505	17.3171
7.0656	-0.0830111	0.1505	17.3171
6.3739	-0.0702275	0.132979	16.0067
6.3739	-0.0702275	0.132979	16.0067
6.08162	-0.0690126	0.126664	15.2727
6.08162	-0.0690126	0.126664	15.2727
6.06387	-0.069344	0.127078	16.3638
6.06387	-0.069344	0.127078	16.3638
12.9902	-0.119109	0.30036	5.51621
12.9902	-0.119109	0.30036	5.51621
12.4809	-0.10547	0.29192	6.36578
12.4809	-0.10547	0.29192	6.36578
7.58462	-0.0894552	0.162944	17.2028
7.58462	-0.0894552	0.162944	17.2028
6.52443	-0.0712195	0.136395	16.0868
6.52443	-0.0712195	0.136395	16.0868
6.35183	-0.072565	0.133817	15.8301
6.35183	-0.072565	0.133817	15.8301
5.93382	-0.0668394	0.123823	15.6702
5.93382	-0.0668394	0.123823	15.6702
12.7733	-0.119824	0.294528	5.48397
12.7733	-0.119824	0.294528	5.48397
12.1248	-0.104688	0.283827	6.48296
12.1248	-0.104688	0.283827	6.48296
8.18391	-0.096097	0.177251	16.8253
8.18391	-0.096097	0.177251	16.8253
6.76101	-0.0753521	0.14389	15.7964
6.76101	-0.0753521	0.14389	15.7964
6.64077	-0.0715999	0.139059	16.1361
6.64077	-0.0715999	0.139059	16.1361
5.81393	-0.0648545	0.121196	15.4564
5.81393	-0.0648545	0.121196	15.4564
12.4817	-0.121699	0.287041	5.47574
12.4817	-0.121699	0.287041	5.47574
11.7248	-0.106779	0.274702	6.62102
11.7248	-0.106779	0.274702	6.62102
8.81072	-0.103973	0.192159	16.157
8.81072	-0.103973	0.192159	16.157
7.24635	-0.0783857	0.155627	16.1883
7.24635	-0.0783857	0.155627	16.1883
6.72916	-0.071555	0.141091	16.164
6.72916	-0.071555	0.141091	16.164
5.7152	-0.0631589	0.119065	15.269
5.7152	-0.0631589	0.119065	15.269
12.1364	-0.125837	0.278545	5.5383
12.1364	-0.125837	0.278545	5.5383
11.3173	-0.110808	0.265556	6.95165
11.3173	-0.110808	0.265556	6.95165
9.41417	-0.111737	0.206365	14.7264
9.41417	-0.111737	0.206365	14.7264
7.7389	-0.0813044	0.167227	16.5994
7.7389	-0.0813044	0.167227	16.5994
6.79195	-0.0713944	0.142538	16.1472
6.79195	-0.0713944	0.142538	16.1472
5.64129	-0.0618235	0.117485	15.1008
5.64129	-0.0618235	0.117485	15.1008
11.794	-0.130533	0.270646	5.71363
11.794	-0.130533	0.270646	5.71363
10.9765	-0.114752	0.258225	7.49083
10.9765	-0.114752	0.258225	7.49083
9.91845	-0.116826	0.217846	13.1975
9.91845	-0.116826	0.217846	13.1975
8.14042	-0.0830816	0.176261	17.1341
8.14042	-0.0830816	0.176261	17.1341
6.82965	-0.0712891	0.143407	16.1307
6.82965	-0.0712891	0.143407	16.1307
5.59544	-0.0609821	0.116512	14.9419
5.59544	-0.0609821	0.116512	14.9419
11.6218	-0.133052	0.26704	5.80494
11.6218	-0.133052	0.26704	5.80494
10.8332	-0.115416	0.255309	7.89505
10.8332	-0.115416	0.255309	7.89505
10.1458	-0.117782	0.22267	12.7928
10.1458	-0.117782	0.22267	12.7928
8.30565	-0.0834991	0.179782	17.5765
8.30565	-0.0834991	0.179782	17.5765
6.84224	-0.0711636	0.143698	16.1386
6.84224	-0.0711636	0.143698	16.1386
5.5799	-0.0607333	0.116183	14.8759
5.5799	-0.0607333	0.116183	14.8759
12.9036	-0.121077	0.297304	5.40331
12.9036	-0.121077	0.297304	5.40331
12.1618	-0.103343	0.285014	6.59835
12.1618	-0.103343	0.285014	6.59835
8.06972	-0.0951778	0.174469	17.1328
8.06972	-0.0951778	0.174469	17.1328
6.77817	-0.0732296	0.142159	16.2867
6.77817	-0.0732296	0.142159	16.2867
6.15065	-0.0685462	0.128481	14.8003
6.15065	-0.0685462	0.128481	14.8003
6.11579	-0.0689952	0.129308	16.8195
6.11579	-0.0689952	0.129308	16.8195
12.7323	-0.12293	0.29229	5.33322
12.7323	-0.12293	0.29229	5.33322
11.7867	-0.103423	0.276686	6.84081
11.7867	-0.103423	0.276686	6.84081
8.62692	-0.101725	0.187651	16.6793
8.62692	-0.101725	0.187651	16.6793
6.9821	-0.0746018	0.14685	16.5635
6.9821	-0.0746018	0.14685	16.5635
6.46808	-0.0706006	0.1371	15.6151
6.46808	-0.0706006	0.1371	15.6151
5.94156	-0.0652045	0.124685	15.5781
5.94156	-0.0652045	0.124685	15.5781
12.4829	-0.125567	0.285561	5.30589
12.4829	-0.125567	0.285561	5.30589
11.3771	-0.105058	0.267524	7.24304
11.3771	-0.105058	0.267524	7.24304
9.21578	-0.11004	0.201562	15.69
9.21578	-0.11004	0.201562	15.69
7.13486	-0.0754628	0.150395	16.7416
7.13486	-0.0754628	0.150395	16.7416
6.88719	-0.0724436	0.147268	15.8311
6.88719	-0.0724436	0.147268	15.8311
5.78382	-0.0624108	0.12116	15.1517
5.78382	-0.0624108	0.12116	15.1517
12.1717	-0.130232	0.277622	5.39037
12.1717	-0.130232	0.277622	5.39037
10.9713	-0.107396	0.258556	7.70871
10.9713	-0.107396	0.258556	7.70871
9.78983	-0.118786	0.215057	13.8124
9.78983	-0.118786	0.215057	13.8124
7.324	-0.0740414	0.157529	16.0911
7.324	-0.0740414	0.157529	16.0911
7.241	-0.0759565	0.152869	16.8074
7.241	-0.0759565	0.152869	16.8074
5.66495	-0.0604293	0.118539	14.7368
5.66495	-0.0604293	0.118539	14.7368
11.8451	-0.134711	0.269849	5.54063
11.8451	-0.134711	0.269849	5.54063
10.6421	-0.109825	0.251554	8.42911
10.6421	-0.109825	0.251554	8.42911
10.2819	-0.124928	0.226326	11.8098
10.2819	-0.124928	0.226326	11.8098
7.68173	-0.0747811	0.165542	16.5032
7.68173	-0.0747811	0.165542	16.5032
7.3037	-0.0761788	0.154333	16.8223
7.3037	-0.0761788	0.154333	16.8223
5.59089	-0.0592145	0.116917	14.4124
5.59089	-0.0592145	0.116917	14.4124
11.6681	-0.138486	0.266072	5.58927
11.6681	-0.138486	0.266072	5.58927
10.5152	-0.126039	0.231296	11.09
10.5152	-0.126039	0.231296	11.09
10.5073	-0.109805	0.248824	8.77944
10.5073	-0.109805	0.248824	8.77944
7.82775	-0.0748188	0.168647	16.7931
7.82775	-0.0748188	0.168647	16.7931
7.32447	-0.0762146	0.154818	16.8345
7.32447	-0.0762146	0.154818	16.8345
5.56572	-0.0587836	0.116367	14.2636
5.56572	-0.0587836	0.116367	14.2636
12.6083	-0.125687	0.288156	5.21671
12.6083	-0.125687	0.288156	5.21671
11.4007	-0.103324	0.268293	7.37724
11.4007	-0.103324	0.268293	7.37724
9.1145	-0.108369	0.199065	16.1794
9.1145	-0.108369	0.199065	16.1794
7.27994	-0.0774743	0.153749	17.0968
7.27994	-0.0774743	0.153749	17.0968
6.23063	-0.0664819	0.130603	14.0381
6.23063	-0.0664819	0.130603	14.0381
6.18115	-0.0652843	0.131805	17.3801
6.18115	-0.0652843	0.131805	17.3801
12.406	-0.129692	0.282303	5.1462
12.406	-0.129692	0.282303	5.1462
10.9895	-0.103284	0.259249	7.95461
10.9895	-0.103284	0.259249	7.95461
9.63006	-0.116925	0.211142	14.9396
9.63006	-0.116925	0.211142	14.9396
7.51304	-0.0798244	0.159219	17.4851
7.51304	-0.0798244	0.159219	17.4851
6.5616	-0.0669832	0.139679	15.3794
6.5616	-0.0669832	0.139679	15.3794
5.98529	-0.0617453	0.126331	15.1787
5.98529	-0.0617453	0.126331	15.1787
12.137	-0.135265	0.275119	5.26369
12.137	-0.135265	0.275119	5.26369
10.5916	-0.104639	0.250591	8.73067
10.5916	-0.104639	0.250591	8.73067
10.1419	-0.126256	0.223142	12.7674
10.1419	-0.126256	0.223142	12.7674
7.67694	-0.0813735	0.163101	17.6886
7.67694	-0.0813735	0.163101	17.6886
6.94145	-0.067809	0.148593	15.379
6.94145	-0.067809	0.148593	15.379
5.81908	-0.0588823	0.12254	14.4189
5.81908	-0.0588823	0.12254	14.4189
11.8362	-0.140239	0.267677	5.45048
11.8362	-0.140239	0.267677	5.45048
10.5965	-0.133267	0.233633	10.5048
10.5965	-0.133267	0.233633	10.5048
10.2771	-0.104392	0.243981	9.65096
10.2771	-0.104392	0.243981	9.65096
7.77366	-0.0821976	0.165404	17.7862
7.77366	-0.0821976	0.165404	17.7862
7.25513	-0.0678094	0.155572	15.277
7.25513	-0.0678094	0.155572	15.277
5.71467	-0.0571663	0.120186	13.8209
5.71467	-0.0571663	0.120186	13.8209
11.6573	-0.144649	0.26374	5.55631
11.6573	-0.144649	0.26374	5.55631
10.8281	-0.134482	0.238612	9.59054
10.8281	-0.134482	0.238612	9.59054
10.151	-0.104087	0.241449	9.9524
10.151	-0.104087	0.241449	9.9524
7.80559	-0.0824512	0.166166	17.827
7.80559	-0.0824512	0.166166	17.827
7.38259	-0.0674958	0.158266	15.3049
7.38259	-0.0674958	0.158266	15.3049
5.67904	-0.0565637	0.119386	13.5889
5.67904	-0.0565637	0.119386	13.5889
12.2543	-0.135689	0.27742	5.07853
12.2543	-0.135689	0.27742	5.07853
10.5845	-0.102837	0.250495	8.853
10.5845	-0.102837	0.250495	8.853
10.0527	-0.125378	0.220922	13.5434
10.0527	-0.125378	0.220922	13.5434
7.82935	-0.0839117	0.166731	18.1242
7.82935	-0.0839117	0.166731	18.1242
6.30912	-0.0630967	0.132702	13.2032
6.30912	-0.0630967	0.132702	13.2032
6.25567	-0.0606334	0.134048	17.4233
6.25567	-0.0606334	0.134048	17.4233
12.0361	-0.141525	0.271202	5.22991
12.0361	-0.141525	0.271202	5.22991
10.4729	-0.134687	0.230702	11.4725
10.4729	-0.134687	0.230702	11.4725
10.2003	-0.101611	0.242261	10.1141
10.2003	-0.101611	0.242261	10.1141
8.06276	-0.087091	0.172358	18.5335
8.06276	-0.087091	0.172358	18.5335
6.61178	-0.0626508	0.140874	14.5751
6.61178	-0.0626508	0.140874	14.5751
6.06751	-0.0577078	0.128561	14.3566
6.06751	-0.0577078	0.128561	14.3566
11.775	-0.146702	0.264404	5.48469
11.775	-0.146702	0.264404	5.48469
10.86	-0.142107	0.239695	9.31977
10.86	-0.142107	0.239695	9.31977
9.90271	-0.0995636	0.2361	11.1089
9.90271	-0.0995636	0.2361	11.1089
8.20419	-0.0889713	0.175802	18.7221
8.20419	-0.0889713	0.175802	18.7221
6.88467	-0.0627144	0.146908	14.1188
6.88467	-0.0627144	0.146908	14.1188
5.93302	-0.0551613	0.125427	13.4903
5.93302	-0.0551613	0.125427	13.4903
11.6	-0.150833	0.260386	5.66085
11.6	-0.150833	0.260386	5.66085
11.0779	-0.14335	0.244461	8.32489
11.0779	-0.14335	0.244461	8.32489
9.78538	-0.0989546	0.233773	11.4891
9.78538	-0.0989546	0.233773	11.4891
8.25138	-0.0895788	0.176957	18.7766
8.25138	-0.0895788	0.176957	18.7766
6.99546	-0.0624974	0.149224	13.8549
6.99546	-0.0624974	0.149224	13.8549
5.88688	-0.0542128	0.124361	13.1601
5.88688	-0.0542128	0.124361	13.1601
11.8764	-0.147721	0.266146	5.35356
11.8764	-0.147721	0.266146	5.35356
10.7854	-0.143704	0.237868	9.90991
10.7854	-0.143704	0.237868	9.90991
9.83396	-0.0981372	0.234536	11.6377
9.83396	-0.0981372	0.234536	11.6377
8.3653	-0.0921001	0.179775	19.0789
8.3653	-0.0921001	0.179775	19.0789
6.37452	-0.0596377	0.134465	12.7129
6.37452	-0.0596377	0.134465	12.7129
6.33415	-0.0567878	0.135535	15.6726
6.33415	-0.0567878	0.135535	15.6726
11.6737	-0.152993	0.260461	5.63479
11.6737	-0.152993	0.260461	5.63479
11.0747	-0.151205	0.244579	8.25459
11.0747	-0.151205	0.244579	8.25459
9.55409	-0.0960203	0.228845	12.8258
9.55409	-0.0960203	0.228845	12.8258
8.55802	-0.0954665	0.184587	19.3824
8.55802	-0.0954665	0.184587	19.3824
6.59555	-0.0590664	0.140134	13.3818
6.59555	-0.0590664	0.140134	13.3818
6.19069	-0.0548331	0.13125	13.4968
6.19069	-0.0548331	0.13125	13.4968
11.5165	-0.157376	0.25662	5.88728
11.5165	-0.157376	0.25662	5.88728
11.2598	-0.152491	0.24872	7.30569
11.2598	-0.152491	0.24872	7.30569
9.445	-0.0953371	0.226721	13.3261
9.445	-0.0953371	0.226721	13.3261
8.62414	-0.0966563	0.186255	19.472
8.62414	-0.0966563	0.186255	19.472
6.6929	-0.0593027	0.142144	13.0416
6.6929	-0.0593027	0.142144	13.0416
6.13492	-0.0535206	0.129926	13.2003
6.13492	-0.0535206	0.129926	13.2003
11.5486	-0.158573	0.256409	5.88291
11.5486	-0.158573	0.256409	5.88291
11.2489	-0.158774	0.248539	7.28334
11.2489	-0.158774	0.248539	7.28334
9.28951	-0.094091	0.223554	14.6355
9.28951	-0.094091	0.223554	14.6355
8.79515	-0.100362	0.190635	19.7106
8.79515	-0.100362	0.190635	19.7106
6.41766	-0.0569943	0.135634	12.7242
6.41766	-0.0569943	0.135634	12.7242
6.40297	-0.0557516	0.136048	13.5625
6.40297	-0.0557516	0.136048	13.5625
11.4394	-0.16249	0.253456	6.20457
11.4394	-0.16249	0.253456	6.20457
11.3703	-0.160679	0.251308	6.59969
11.3703	-0.160679	0.251308	6.59969
9.18694	-0.0935444	0.221596	15.6096
9.18694	-0.0935444	0.221596	15.6096
8.87939	-0.102223	0.192823	19.7874
8.87939	-0.102223	0.192823	19.7874
6.49939	-0.0572674	0.137608	12.8463
6.49939	-0.0572674	0.137608	12.8463
6.34664	-0.0550885	0.134352	13.09
6.34664	-0.0550885	0.134352	13.09
11.4073	-0.164242	0.252178	6.33912
11.4073	-0.164242	0.252178	6.33912
11.4073	-0.164242	0.252178	6.33912
11.4073	-0.164242	0.252178	6.33912
9.08701	-0.0928746	0.219706	16.9841
9.08701	-0.0928746	0.219706	16.9841
8.97164	-0.104413	0.19525	19.8499
8.97164	-0.104413	0.19525	19.8499
6.43271	-0.0561783	0.136043	12.9301
6.43271	-0.0561783	0.136043	12.9301
6.43271	-0.0561783	0.136043	12.9301
6.43271	-0.0561783	0.136043	12.9301
13.2133	-0.116525	0.307474	5.72693
13.2133	-0.116525	0.307474	5.72693
13.2133	-0.116525	0.307474	5.72693
13.03	-0.11064	0.304405	6.07417
6.35261	-0.0730512	0.133322	16.6278
6.35261	-0.0730512	0.133322	16.6278
6.35261	-0.0730512	0.133322	16.6278
6.16263	-0.0688137	0.128242	15.5493
6.16263	-0.0688137	0.128242	15.5493
6.16263	-0.0688137	0.128242	15.5493
5.90379	-0.0667497	0.122583	15.0921
5.90379	-0.0667497	0.122583	15.0921
13.1676	-0.117983	0.305661	5.6176
13.0825	-0.11494	0.30428	5.77204
13.0825	-0.11494	0.30428	5.77204
12.807	-0.107289	0.299626	6.28837
6.83331	-0.0802616	0.144916	17.2876
6.5817	-0.0763528	0.138945	16.882
6.5817	-0.0763528	0.138945	16.882
6.2826	-0.0694207	0.130891	15.7317
6.21345	-0.0691516	0.129484	15.768
6.21345	-0.0691516	0.129484	15.768
5.98682	-0.0688973	0.12478	15.4255
5.77437	-0.0654549	0.119784	15.0436
13.0305	-0.118591	0.301667	5.55918
12.8693	-0.113194	0.299093	5.81197
12.8693	-0.113194	0.299093	5.81197
12.5056	-0.104612	0.292882	6.47308
7.42352	-0.0880856	0.159116	17.25
6.99449	-0.0812069	0.148933	16.7321
6.99449	-0.0812069	0.148933	16.7321
6.39086	-0.0697338	0.133291	15.8414
6.26007	-0.0725936	0.131648	15.5773
6.22591	-0.068711	0.12988	15.89
6.22591	-0.068711	0.12988	15.89
5.65191	-0.0644144	0.117156	14.9733
12.806	-0.119197	0.295635	5.52962
12.5822	-0.112511	0.292154	5.83079
12.5822	-0.112511	0.292154	5.83079
12.1374	-0.103437	0.284489	6.5777
8.075	-0.0955469	0.174748	16.9048
7.51385	-0.085794	0.161451	16.5954
7.51385	-0.085794	0.161451	16.5954
6.67818	-0.0753693	0.141993	15.4787
6.48403	-0.0698461	0.135365	15.8629
6.2289	-0.0680253	0.13004	15.9403
6.2289	-0.0680253	0.13004	15.9403
5.54186	-0.0636186	0.114814	15.0243
12.503	-0.12082	0.287853	5.52632
12.2369	-0.114094	0.283906	5.83729
12.2369	-0.114094	0.283906	5.83729
11.7224	-0.10544	0.274989	6.64578
8.74341	-0.103998	0.190726	16.2381
8.08031	-0.0913546	0.174985	16.5778
8.08031	-0.0913546	0.174985	16.5778
7.18074	-0.0783719	0.154218	16.0702
6.55938	-0.0696721	0.137046	15.8072
6.22928	-0.067168	0.13013	15.9584
6.22928	-0.067168	0.13013	15.9584
5.44951	-0.0626634	0.112862	15.0979
12.1413	-0.12473	0.278946	5.55767
11.8639	-0.118728	0.275229	5.96213
11.8639	-0.118728	0.275229	5.96213
11.297	-0.11094	0.265406	6.95845
9.38304	-0.112149	0.205854	14.7764
8.632	-0.0965671	0.187924	16.1273
8.632	-0.0965671	0.187924	16.1273
7.69492	-0.0815578	0.166396	16.7377
6.61474	-0.0695131	0.138284	15.7027
6.22888	-0.0663208	0.130185	15.9184
6.22888	-0.0663208	0.130185	15.9184
5.37964	-0.0617416	0.111394	15.0911
11.7764	-0.130798	0.27053	5.74926
11.5324	-0.123038	0.267904	6.25624
11.5324	-0.123038	0.267904	6.25624
10.9374	-0.11448	0.257655	7.65946
9.92115	-0.117394	0.218145	13.2724
9.07874	-0.0998095	0.197991	15.6838
9.07874	-0.0998095	0.197991	15.6838
8.11817	-0.0833802	0.175955	17.5867
6.64858	-0.0693908	0.139041	15.6587
6.22843	-0.0657953	0.130217	15.8898
6.22843	-0.0657953	0.130217	15.8898
5.33605	-0.0611399	0.110483	15.0906
11.5875	-0.132599	0.266615	5.91806
11.3851	-0.124953	0.264867	6.45916
11.3851	-0.124953	0.264867	6.45916
10.7843	-0.114745	0.254549	8.07937
10.1689	-0.118354	0.223373	13.0051
9.26574	-0.100509	0.201973	15.6871
9.26574	-0.100509	0.201973	15.6871
8.29422	-0.0838509	0.179704	18.3632
6.65996	-0.0692356	0.139296	15.622
6.22824	-0.0655677	0.130228	15.8966
6.22824	-0.0655677	0.130228	15.8966
5.32124	-0.0609208	0.110174	15.1081
13.0832	-0.117866	0.30327	5.58672
13.0832	-0.117866	0.30327	5.58672
12.916	-0.112551	0.300556	5.86967
12.5414	-0.103544	0.294101	6.58091
7.09347	-0.0833748	0.151266	17.6055
7.09347	-0.0833748	0.151266	17.6055
6.57646	-0.0761258	0.13925	17.5502
6.42828	-0.0705885	0.134189	15.831
6.42828	-0.0705885	0.134189	15.831
6.32815	-0.0702637	0.132052	15.4227
5.82399	-0.0673823	0.121049	15.1732
5.71345	-0.065888	0.118789	15.2788
12.9908	-0.119963	0.300043	5.47015
12.9172	-0.117262	0.298924	5.57111
12.6739	-0.110384	0.294983	5.96193
12.2012	-0.101023	0.286682	6.82356
7.71503	-0.0915568	0.166116	17.5669
7.492	-0.0874346	0.16081	17.3302
6.83417	-0.0780021	0.145399	17.0639
6.60264	-0.071459	0.138046	15.889
6.5509	-0.0712812	0.137073	16.0496
6.33617	-0.0696278	0.132545	15.7471
5.96723	-0.0694037	0.124902	15.2858
5.5561	-0.0645247	0.115363	15.2086
12.8071	-0.121721	0.294693	5.41134
12.6764	-0.117388	0.292828	5.54835
12.367	-0.109735	0.287841	6.01896
11.7999	-0.10067	0.277705	7.01789
8.38869	-0.0998631	0.182183	17.0186
7.99556	-0.0920157	0.172768	16.9946
7.26309	-0.0808941	0.155622	16.764
6.74574	-0.0718714	0.141224	15.9101
6.63699	-0.0713728	0.139167	16.2695
6.30478	-0.0712922	0.133392	15.0616
6.28897	-0.0679766	0.131698	15.9169
5.38609	-0.0631846	0.111666	15.1331
12.5375	-0.123882	0.287428	5.40274
12.374	-0.11952	0.285381	5.55436
12.0132	-0.111831	0.279645	6.11582
11.359	-0.103534	0.267756	7.25878
9.07137	-0.109422	0.198461	15.9731
8.54542	-0.0980044	0.18575	16.4909
7.75711	-0.0848845	0.167344	16.7159
6.85884	-0.0720515	0.143739	15.8423
6.74884	-0.0725675	0.144283	15.428
6.69668	-0.0710327	0.140648	16.4463
6.24268	-0.066253	0.130793	15.9209
5.24096	-0.0619779	0.108542	15.191
12.1955	-0.127907	0.278701	5.43628
12.0374	-0.123429	0.277366	5.69762
11.6469	-0.115069	0.271326	6.34729
10.9171	-0.107448	0.257906	7.89807
9.72444	-0.119134	0.21396	13.9702
9.0801	-0.103859	0.198202	15.4365
8.24582	-0.0885633	0.178714	16.4289
7.22198	-0.0739737	0.155529	16.283
6.94092	-0.0721226	0.145565	15.7902
6.73673	-0.0705979	0.141653	16.567
6.20666	-0.0647468	0.130082	15.93
5.13021	-0.0610226	0.106173	15.1959
11.8224	-0.134475	0.269826	5.61536
11.7304	-0.126665	0.270443	5.8499
11.3375	-0.119015	0.264602	6.60404
10.5517	-0.108487	0.250088	8.78039
10.2903	-0.125827	0.227023	11.8496
9.51408	-0.107666	0.207968	14.2954
8.63733	-0.0909105	0.187471	16.1642
7.61771	-0.0749985	0.164473	17.4826
6.99076	-0.0721273	0.146674	15.7462
6.76003	-0.0703032	0.142241	16.6107
6.18406	-0.0637052	0.129636	15.9174
5.06072	-0.0603701	0.104693	15.16
11.6035	-0.13767	0.265276	5.75971
11.591	-0.129046	0.267516	5.90391
11.2067	-0.121357	0.261915	6.84557
10.5743	-0.126881	0.232994	11.3133
10.399	-0.108043	0.246998	9.15712
9.69707	-0.108491	0.211872	13.9006
8.79685	-0.0914493	0.19087	16.1343
7.78248	-0.0751469	0.167985	18.3437
7.00747	-0.0720421	0.147047	15.7328
6.7677	-0.0701833	0.142435	16.6503
6.17637	-0.0633689	0.129485	15.9154
5.03703	-0.0601623	0.10419	15.1493
12.8722	-0.120694	0.296546	5.39813
12.8722	-0.120694	0.296546	5.39813
12.4111	-0.108637	0.289193	6.10434
11.8276	-0.0990855	0.278674	7.1361
8.08517	-0.0951071	0.174899	17.4741
8.08517	-0.0951071	0.174899	17.4741
6.82264	-0.0731019	0.143112	16.1461
6.82264	-0.0731019	0.143112	16.1461
6.77547	-0.0758474	0.144688	18.2815
6.50175	-0.0700085	0.136129	14.9384
5.77736	-0.0669927	0.120366	14.925
5.56772	-0.0652675	0.116497	15.6396
12.7342	-0.12357	0.292019	5.29607
12.68	-0.121814	0.291357	5.34027
12.093	-0.10858	0.282046	6.26789
11.3991	-0.0999146	0.269227	7.51342
8.73355	-0.10379	0.190272	16.9698
8.53268	-0.0993259	0.185394	17.1177
7.04262	-0.0762195	0.150718	17.5
7.03704	-0.0743782	0.147908	16.2139
7.00796	-0.0744378	0.147502	16.5944
6.46841	-0.0682176	0.13594	15.5174
5.96764	-0.0676314	0.125575	14.8019
5.39644	-0.0633455	0.112626	15.3629
12.5059	-0.126713	0.285471	5.2611
12.4254	-0.124735	0.284822	5.33954
11.74	-0.109804	0.274086	6.5703
10.9386	-0.102003	0.258955	8.16778
9.39412	-0.114297	0.205975	15.6664
9.02527	-0.105244	0.196871	16.1752
7.45285	-0.0786556	0.160221	16.9386
7.20027	-0.0752073	0.151572	16.2169
7.14624	-0.0752797	0.150854	17.0807
6.37536	-0.065355	0.134117	15.7436
6.3406	-0.0679123	0.134889	14.7661
5.19885	-0.0615285	0.108219	15.2097
12.1948	-0.131818	0.277179	5.30786
12.1326	-0.128159	0.277633	5.49153
11.3877	-0.111415	0.266274	6.82265
10.4861	-0.103228	0.248956	9.22432
10.0313	-0.12554	0.221155	13.2098
9.51038	-0.111411	0.208062	14.5536
7.87225	-0.0810561	0.169833	16.3895
7.31589	-0.0757231	0.15417	16.213
7.24035	-0.0757279	0.153169	17.4011
6.76404	-0.0675283	0.145009	15.2856
6.29887	-0.0629354	0.132528	15.7618
5.04342	-0.0603435	0.104806	15.0821
11.8589	-0.130991	0.271295	5.55035
11.8244	-0.138688	0.268001	5.58172
11.1028	-0.115437	0.260191	7.08796
10.6038	-0.134032	0.234596	10.5437
10.1193	-0.101501	0.241147	10.176
9.90831	-0.115669	0.216989	12.8874
8.20666	-0.0823704	0.177222	15.9435
7.38511	-0.0759537	0.155726	16.1766
7.29496	-0.0758888	0.154522	17.5684
7.12641	-0.0670757	0.153203	16.3002
6.25036	-0.0613228	0.13151	15.7998
4.94485	-0.0597108	0.102656	14.9973
11.7323	-0.133661	0.268566	5.51653
11.5627	-0.14334	0.262503	5.76295
10.9871	-0.11749	0.257827	7.38765
10.9339	-0.135253	0.241536	9.69711
10.0777	-0.116583	0.220614	12.1961
9.96835	-0.100726	0.238099	10.4445
8.34038	-0.0826486	0.180056	15.7649
7.40817	-0.0759877	0.156245	16.1729
7.31287	-0.0759525	0.154967	17.6245
7.27799	-0.0667611	0.156432	17.0274
6.23379	-0.060739	0.131162	15.8176
4.91108	-0.0595132	0.101921	14.9562
12.5917	-0.125815	0.287769	5.19301
12.5917	-0.125815	0.287769	5.19301
11.7738	-0.10818	0.275102	6.66471
10.9502	-0.100328	0.259437	8.30886
9.11396	-0.108245	0.199077	16.6133
9.11396	-0.108245	0.199077	16.6133
7.31194	-0.0770858	0.15438	16.8658
7.31194	-0.0770858	0.15438	16.8658
6.93113	-0.0726106	0.14888	19.7067
6.66897	-0.0681534	0.140117	14.2742
5.75791	-0.065194	0.120362	14.2314
5.48316	-0.0628192	0.115839	15.6708
12.4125	-0.13037	0.28214	5.1203
12.3894	-0.129704	0.282253	5.1782
11.4306	-0.107425	0.267579	7.0581
10.4767	-0.100274	0.248969	9.47719
9.71213	-0.119299	0.213244	15.0732
9.52077	-0.113946	0.208401	15.4229
7.54311	-0.0791188	0.159644	16.9785
7.53816	-0.0796513	0.159843	17.6345
7.18405	-0.0728945	0.154103	17.5272
6.60038	-0.0651607	0.139331	15.2896
5.97662	-0.0642815	0.126397	14.1625
5.31622	-0.0608063	0.111799	15.0978
12.1487	-0.132962	0.276088	5.2902
12.1455	-0.136973	0.274617	5.22091
11.0994	-0.109009	0.260405	7.36461
10.2974	-0.131588	0.22724	12.3705
10.0192	-0.097841	0.238929	10.9444
9.92308	-0.119957	0.217537	13.4457
7.70466	-0.0804763	0.163336	16.9974
7.7011	-0.0814874	0.163858	18.2127
7.5291	-0.0742148	0.161715	16.1647
6.48453	-0.0616131	0.13697	15.5476
6.34059	-0.0629518	0.135262	14.2758
5.12282	-0.0593399	0.107343	14.6457
11.9195	-0.136681	0.270592	5.31122
11.799	-0.14324	0.265538	5.62631
10.8423	-0.141977	0.240347	9.41625
10.8411	-0.112538	0.254997	7.81821
10.2566	-0.124123	0.224952	11.5253
9.65419	-0.0946737	0.231201	11.7331
7.80766	-0.0748177	0.167734	15.2669
7.80022	-0.0811843	0.165524	16.9866
7.79798	-0.0824782	0.166276	18.5494
6.6664	-0.0615294	0.142646	14.6145
6.40762	-0.0593052	0.13532	15.5548
4.99559	-0.0588822	0.104474	14.3296
11.8128	-0.139931	0.2682	5.29817
11.4696	-0.148683	0.258457	5.92479
11.239	-0.143492	0.248795	8.2451
10.7393	-0.113513	0.252946	8.14069
10.3994	-0.125099	0.22801	10.7182
9.50585	-0.0934929	0.228214	11.8848
7.91781	-0.0748447	0.170034	14.8909
7.83187	-0.0814206	0.166248	16.9866
7.83001	-0.0827857	0.16708	18.6687
6.80416	-0.0606862	0.145575	14.8654
6.3811	-0.0585349	0.134746	15.5665
4.95158	-0.058845	0.103488	14.2544
12.2666	-0.135216	0.277747	5.08596
12.2666	-0.135216	0.277747	5.08596
11.1065	-0.106731	0.260679	7.50749
10.024	-0.124774	0.220228	13.8328
10.024	-0.124774	0.220228	13.8328
9.99687	-0.0964011	0.238436	11.1937
7.84909	-0.0833931	0.167045	17.8947
7.84909	-0.0833931	0.167045	17.8947
7.02719	-0.0684542	0.151106	19.5619
6.81571	-0.0651755	0.143662	13.6813
5.75677	-0.0622839	0.120779	13.2895
5.47621	-0.0590027	0.116746	15.2644
12.0879	-0.139521	0.272857	5.13645
12.0597	-0.142354	0.271412	5.19557
10.8021	-0.108439	0.254258	8.09212
10.5181	-0.137136	0.232058	11.3615
10.3179	-0.130028	0.226695	12.0122
9.53907	-0.0918502	0.228458	12.7553
8.08708	-0.0870207	0.172952	18.7033
8.07054	-0.0860935	0.172214	17.9845
7.23728	-0.0683634	0.1549	16.0231
6.72551	-0.0617882	0.142423	15.0037
5.97824	-0.0598715	0.126815	13.4675
5.33517	-0.0577883	0.112945	14.1038
11.9187	-0.144352	0.268577	5.1848
11.7755	-0.148587	0.263393	5.67352
10.9816	-0.148742	0.243501	8.57837
10.5717	-0.109914	0.24954	8.87574
10.5559	-0.133563	0.231817	10.2573
9.17786	-0.0886371	0.220869	13.4752
8.23655	-0.0893454	0.176736	19.2504
8.20221	-0.0876417	0.1753	17.99
7.46308	-0.0687715	0.159543	14.4465
6.6214	-0.0587458	0.140221	15.2403
6.26387	-0.0583142	0.133397	13.5188
5.1875	-0.0573524	0.109406	13.3656
11.8417	-0.14727	0.26675	5.22485
11.4829	-0.151346	0.254608	7.01306
11.3353	-0.154013	0.253448	6.28236
10.6559	-0.134462	0.233911	9.50243
10.483	-0.11006	0.247784	9.21711
9.03225	-0.0878153	0.217962	13.4705
8.28732	-0.0901334	0.178034	19.4316
8.24582	-0.0881464	0.176325	17.9742
7.55274	-0.0687218	0.161361	13.9059
6.58445	-0.0576541	0.139408	15.2452
6.38836	-0.0575683	0.136037	13.451
5.13467	-0.05757	0.108173	13.1092
11.9576	-0.147679	0.268171	5.19789
11.9576	-0.147679	0.268171	5.19789
10.6889	-0.141509	0.235505	10.2101
10.6889	-0.141509	0.235505	10.2101
10.528	-0.108281	0.248627	9.13886
9.08436	-0.0867031	0.218627	14.2699
8.37516	-0.0915408	0.179833	18.8855
8.37516	-0.0915408	0.179833	18.8855
7.05744	-0.0642179	0.151079	16.8221
6.92983	-0.0623324	0.146445	13.3787
5.76444	-0.0584579	0.121338	12.5621
5.55582	-0.0546857	0.118835	13.9568
11.8703	-0.152569	0.265696	5.20456
11.7803	-0.154534	0.262572	5.56726
11.0126	-0.152743	0.243551	8.22298
10.8018	-0.143961	0.237539	9.12525
10.3247	-0.10766	0.244566	10.1623
8.72732	-0.0842148	0.211218	15.177
8.5798	-0.0955315	0.1851	19.5257
8.55179	-0.0944068	0.184095	18.8989
7.19608	-0.0644578	0.153204	14.024
6.84391	-0.0596569	0.145089	14.5049
5.94821	-0.0560637	0.126107	12.8988
5.4611	-0.0545398	0.115851	12.6669
11.8348	-0.154725	0.264762	5.20301
11.6606	-0.157887	0.258847	6.03713
11.1815	-0.158138	0.248092	6.9819
10.8425	-0.14484	0.238202	8.64638
10.2478	-0.107366	0.24307	10.5768
8.65237	-0.0969974	0.187001	19.7649
8.61114	-0.0953813	0.185535	18.8883
8.5837	-0.0840235	0.208404	15.5662
7.26922	-0.064793	0.154612	13.3607
6.79736	-0.0583735	0.144071	14.6271
6.06047	-0.0555825	0.128503	12.8211
5.40315	-0.0545792	0.114398	12.1883
11.8032	-0.159273	0.262787	5.31465
11.8032	-0.159273	0.262787	5.31465
10.9791	-0.153941	0.241812	8.22319
10.9791	-0.153941	0.241812	8.22319
10.1433	-0.106079	0.241002	11.406
8.79973	-0.0999054	0.190561	19.5371
8.79973	-0.0999054	0.190561	19.5371
8.3728	-0.0823606	0.203998	17.2286
7.0416	-0.0615857	0.14967	14.3432
7.0021	-0.0607536	0.148221	13.472
5.7727	-0.0547751	0.121787	12.2878
5.69451	-0.052628	0.121068	12.7905
11.8149	-0.160957	0.263002	5.18158
11.7686	-0.161881	0.261425	5.38059
11.0487	-0.158694	0.243562	7.82718
10.9557	-0.154464	0.240809	8.24639
10.0752	-0.105552	0.239699	11.9872
8.8915	-0.102114	0.193019	19.7675
8.87563	-0.101508	0.192467	19.5013
8.22963	-0.081947	0.201283	18.6357
7.08882	-0.0619178	0.15031	13.5301
6.96322	-0.0597627	0.147543	13.9621
5.8492	-0.0540028	0.123641	12.4388
5.662	-0.0527891	0.119813	12.268
11.8048	-0.163075	0.26229	5.14604
11.8048	-0.163075	0.26229	5.14604
10.9937	-0.158642	0.241682	8.16901
10.9937	-0.158642	0.241682	8.16901
10.0105	-0.104831	0.238467	12.7009
8.97534	-0.104056	0.195162	19.7121
8.97534	-0.104056	0.195162	19.7121
8.08611	-0.0813135	0.198623	20.8108
7.02684	-0.0604699	0.148831	13.6646
7.02684	-0.0604699	0.148831	13.6646
5.77609	-0.0531917	0.121956	12.2994
5.77609	-0.0531917	0.121956	12.2994
12.9656	-0.116569	0.30041	5.6101
12.9656	-0.116569	0.30041	5.6101
12.9656	-0.116569	0.30041	5.6101
12.2281	-0.100122	0.287685	6.9346
7.2018	-0.0842968	0.154081	18.1965
7.2018	-0.0842968	0.154081	18.1965
7.2018	-0.0842968	0.154081	18.1965
6.556	-0.0712778	0.137044	15.5542
6.556	-0.0712778	0.137044	15.5542
6.556	-0.0712778	0.137044	15.5542
5.56423	-0.0654129	0.11541	15.2362
5.56423	-0.0654129	0.11541	15.2362
12.9194	-0.11995	0.297991	5.42713
12.7748	-0.115347	0.29579	5.62533
12.7748	-0.115347	0.29579	5.62533
11.8431	-0.0979131	0.279403	7.27209
7.89275	-0.0934167	0.170458	18.1371
7.44717	-0.085664	0.159998	18.169
7.44717	-0.085664	0.159998	18.169
6.75886	-0.0720569	0.141496	15.6236
6.67166	-0.0714578	0.139781	15.6311
6.67166	-0.0714578	0.139781	15.6311
5.62809	-0.0668445	0.117282	15.314
5.31279	-0.0634415	0.109974	15.3036
12.7773	-0.122902	0.293342	5.32928
12.52	-0.11553	0.289666	5.63342
12.52	-0.11553	0.289666	5.63342
11.401	-0.0983736	0.269619	7.57402
8.60952	-0.102941	0.187479	17.4187
7.83042	-0.0880366	0.168962	17.7578
7.83042	-0.0880366	0.168962	17.7578
6.93161	-0.072646	0.145289	15.682
6.7343	-0.0710324	0.141467	16.0815
6.7343	-0.0710324	0.141467	16.0815
5.88058	-0.068388	0.123759	14.8755
5.08143	-0.0619559	0.104993	15.4297
12.5413	-0.125803	0.286583	5.30075
12.2179	-0.117923	0.282503	5.72047
12.2179	-0.117923	0.282503	5.72047
10.9247	-0.101858	0.25895	8.21283
9.31982	-0.113981	0.204409	15.9668
8.28561	-0.0919874	0.179528	17.0634
8.28561	-0.0919874	0.179528	17.0634
7.07013	-0.0730619	0.148333	15.6574
6.76309	-0.0701454	0.142366	16.5166
6.76309	-0.0701454	0.142366	16.5166
6.26581	-0.0684166	0.133325	14.5711
4.88278	-0.0607891	0.100733	15.771
12.2178	-0.130412	0.277962	5.34449
11.8999	-0.120156	0.275161	5.92181
11.8999	-0.120156	0.275161	5.92181
10.4544	-0.102819	0.248514	9.41548
9.996	-0.125654	0.220572	13.3481
8.73805	-0.0959572	0.189885	15.971
8.73805	-0.0959572	0.189885	15.971
7.17129	-0.0732811	0.150555	15.6414
6.77627	-0.0693043	0.142845	16.8795
6.77627	-0.0693043	0.142845	16.8795
6.70406	-0.067335	0.143825	15.2868
4.72939	-0.0598368	0.0974548	16.0812
11.8268	-0.138499	0.268248	5.59784
11.6296	-0.122954	0.269196	6.02734
11.6296	-0.122954	0.269196	6.02734
10.604	-0.13445	0.234915	10.5153
10.0701	-0.100658	0.240304	10.3686
9.09827	-0.0986105	0.197872	14.9297
9.09827	-0.0986105	0.197872	14.9297
7.23286	-0.0734054	0.151908	15.582
7.08279	-0.0668268	0.152416	16.8231
6.78203	-0.0686935	0.143085	17.0944
6.78203	-0.0686935	0.143085	17.0944
4.63223	-0.0592201	0.0953836	16.2009
11.5344	-0.142905	0.262195	5.82981
11.5154	-0.125514	0.266806	6.05
11.5154	-0.125514	0.266806	6.05
10.9696	-0.13561	0.242528	9.73039
9.91065	-0.0996542	0.237077	10.5962
9.24386	-0.0992519	0.200971	14.4747
9.24386	-0.0992519	0.200971	14.4747
7.25354	-0.0733748	0.152362	15.5739
7.24271	-0.0666517	0.155825	17.8685
6.78365	-0.0684999	0.143158	17.1529
6.78365	-0.0684999	0.143158	17.1529
4.59893	-0.0590562	0.0946746	16.2182
12.7797	-0.119923	0.294319	5.3796
12.7797	-0.119923	0.294319	5.3796
12.5691	-0.114142	0.291123	5.68497
11.4174	-0.0969056	0.270321	7.73384
8.13707	-0.0948659	0.176277	18.5056
8.13707	-0.0948659	0.176277	18.5056
7.49742	-0.0844149	0.161492	19.4592
6.94326	-0.0729344	0.145716	15.7034
6.94326	-0.0729344	0.145716	15.7034
6.82178	-0.0714495	0.14311	15.1422
5.39305	-0.0649103	0.112033	15.3989
5.18506	-0.0631683	0.107599	15.6605
12.6869	-0.123969	0.290587	5.23073
12.5796	-0.121113	0.289267	5.34841
12.3114	-0.114787	0.285215	5.79845
10.9396	-0.0987063	0.259815	8.41025
8.84987	-0.105343	0.193121	17.8698
8.45797	-0.0969265	0.183692	18.3315
7.70922	-0.0844848	0.166369	19.4021
7.16408	-0.0740756	0.150567	15.7766
7.10735	-0.0738179	0.149667	16.2342
6.90371	-0.0707931	0.145218	15.4246
5.49864	-0.0654972	0.115096	15.1318
4.94252	-0.0614514	0.102398	15.8944
12.4967	-0.128111	0.284645	5.17383
12.3344	-0.123831	0.283259	5.44247
12.0205	-0.115741	0.278574	6.02833
10.4335	-0.099457	0.248527	9.82912
9.5505	-0.117678	0.209796	16.0071
8.83425	-0.100324	0.192229	17.1289
8.04541	-0.0862908	0.173872	18.0019
7.33718	-0.0749435	0.154375	15.7821
7.22876	-0.0745311	0.152752	17.0463
6.91345	-0.0692971	0.145832	16.2486
5.80785	-0.0658338	0.122951	14.4086
4.69164	-0.0599115	0.0969518	16.3121
12.2111	-0.133764	0.276596	5.24386
12.0729	-0.125414	0.277071	5.58764
11.7293	-0.116628	0.272062	6.18521
10.2146	-0.131056	0.225774	12.8443
9.94059	-0.0962422	0.237601	11.4621
9.21327	-0.104051	0.200704	15.2807
8.40525	-0.0885655	0.181843	16.3678
7.46207	-0.07554	0.157123	15.7975
7.30819	-0.0749088	0.154856	17.7754
6.8989	-0.0678506	0.145783	16.9444
6.19961	-0.0634228	0.132431	14.0171
4.49179	-0.058794	0.0926328	16.7696
11.8509	-0.127641	0.272058	5.57808
11.8343	-0.14213	0.266633	5.65274
11.496	-0.119694	0.267032	6.25754
10.8236	-0.142326	0.240597	9.41519
9.54188	-0.0926559	0.229078	12.1333
9.51565	-0.106616	0.207297	13.5871
8.69156	-0.0900681	0.188031	15.0106
7.5376	-0.0758452	0.158785	15.7572
7.35257	-0.0750125	0.156062	18.2459
6.88437	-0.0669191	0.145615	17.3953
6.55352	-0.0602084	0.140491	14.876
4.3634	-0.0581319	0.0898662	17.1186
11.758	-0.129421	0.270057	5.51827
11.4155	-0.147801	0.257849	6.04543
11.4025	-0.122556	0.265093	6.29555
11.3207	-0.143917	0.251015	8.21551
9.63695	-0.107287	0.20986	12.8793
9.37743	-0.0913529	0.225745	12.0766
8.80446	-0.090451	0.190398	14.4544
7.56289	-0.0759157	0.159341	15.771
7.36683	-0.07503	0.156454	18.3812
6.87876	-0.0665777	0.145541	17.5458
6.7057	-0.0590212	0.143737	15.7295
4.3191	-0.0579482	0.0889127	17.2292
12.5435	-0.126415	0.286652	5.16503
12.5435	-0.126415	0.286652	5.16503
12.0628	-0.114169	0.279786	6.08836
10.4317	-0.0982368	0.24868	9.95067
9.11302	-0.107762	0.199099	17.7604
9.11302	-0.107762	0.199099	17.7604
7.69143	-0.0820172	0.166179	21.168
7.40302	-0.0761666	0.156205	16.3306
7.40302	-0.0761666	0.156205	16.3306
7.06416	-0.0703615	0.148708	14.6919
5.26209	-0.0634267	0.109644	15.1047
4.89071	-0.0611094	0.102212	16.3416
12.4118	-0.131374	0.281867	5.09078
12.3612	-0.12909	0.281942	5.23715
11.7937	-0.113268	0.273892	6.35488
9.90146	-0.0941929	0.236872	12.0454
9.75927	-0.120624	0.214448	15.6585
9.39387	-0.110557	0.205273	16.4366
7.84935	-0.0812786	0.169398	19.4255
7.62779	-0.0779524	0.161196	16.357
7.61257	-0.0786739	0.161362	17.2949
7.11061	-0.0689944	0.150129	15.3495
5.40308	-0.0630945	0.11368	14.625
4.67929	-0.059394	0.0976287	16.5332
12.1873	-0.137606	0.27501	5.13747
12.1658	-0.130798	0.27714	5.28689
11.5361	-0.114167	0.268328	6.50025
10.3674	-0.134795	0.229154	12.3385
9.66791	-0.113446	0.211137	14.237
9.39066	-0.0887351	0.225548	13.6604
8.10111	-0.0818697	0.174553	16.6775
7.78647	-0.0791392	0.164725	16.368
7.76965	-0.0807785	0.165379	18.3044
7.08025	-0.0670543	0.149872	16.5007
5.73011	-0.0616947	0.121804	13.6612
4.44763	-0.0581482	0.0924732	16.8286
12.0029	-0.133526	0.273333	5.2184
11.8816	-0.146203	0.266264	5.61414
11.3394	-0.117624	0.264206	6.60358
10.9092	-0.147787	0.242723	8.80899
9.88332	-0.115428	0.215628	12.2873
8.98061	-0.0848135	0.216771	13.885
8.31527	-0.082486	0.178943	14.8015
7.8812	-0.0797897	0.166833	16.3485
7.86483	-0.0820428	0.167881	19.0437
7.04509	-0.0656711	0.149299	17.2022
6.05291	-0.0580815	0.129213	13.3807
4.29102	-0.0576862	0.0890187	17.213
11.9364	-0.135315	0.271842	5.15193
11.619	-0.151239	0.25824	6.84798
11.2636	-0.120408	0.262661	6.69393
11.2515	-0.152522	0.252372	6.48401
9.96839	-0.11601	0.217361	11.5143
8.81209	-0.0843124	0.213351	13.5569
8.39956	-0.0826713	0.180644	14.111
7.91272	-0.080034	0.167535	16.3546
7.8965	-0.082436	0.168725	19.3119
7.03139	-0.0652057	0.149057	17.4336
6.19577	-0.0560881	0.132259	13.5273
4.23619	-0.057547	0.0878129	17.4113
12.3002	-0.134217	0.278654	5.06221
12.3002	-0.134217	0.278654	5.06221
11.5563	-0.112198	0.268932	6.6397
9.94201	-0.122824	0.218225	14.536
9.94201	-0.122824	0.218225	14.536
9.35234	-0.0877049	0.224641	14.249
7.90671	-0.0819429	0.167997	17.3113
7.90671	-0.0819429	0.167997	17.3113
7.76001	-0.0778786	0.167339	20.1681
7.2688	-0.0683692	0.153481	14.3431
5.16862	-0.0611531	0.108116	14.3602
4.73021	-0.0583393	0.100036	16.7133
12.1835	-0.137202	0.27557	5.00761
12.1602	-0.14184	0.273647	5.00189
11.3368	-0.113579	0.264384	6.88748
10.4474	-0.13645	0.230454	11.7239
10.0917	-0.124369	0.221021	12.7513
8.82729	-0.0814667	0.212992	15.5115
8.13868	-0.0859574	0.173875	18.4096
8.11304	-0.0842104	0.172668	17.2986
7.85052	-0.0764107	0.16862	16.9991
7.28125	-0.0668946	0.154189	15.3133
5.33007	-0.0597265	0.112624	13.7181
4.5782	-0.0573767	0.0965131	16.2178
12.0918	-0.140992	0.273295	4.92422
11.9725	-0.151067	0.267666	5.32355
11.1752	-0.116954	0.261114	7.14005
10.8613	-0.1494	0.240895	8.88285
10.1946	-0.125475	0.222748	11.1396
8.40701	-0.0782203	0.203994	15.2179
8.29251	-0.0888571	0.177908	19.3398
8.23519	-0.085511	0.175438	17.2635
7.99158	-0.0762724	0.171134	14.5433
7.23329	-0.0653637	0.153435	16.3675
5.60988	-0.0569566	0.119218	13.126
4.41246	-0.0574924	0.092652	16.1415
12.0563	-0.143232	0.272453	4.88652
11.8577	-0.156234	0.264033	5.74046
11.1146	-0.118919	0.259913	7.32027
11.0526	-0.155416	0.246038	7.38985
10.2322	-0.125898	0.223332	10.5215
8.3464	-0.0898976	0.17935	19.7092
8.27564	-0.0859442	0.176356	17.24
8.23409	-0.0782717	0.200496	15.1072
8.05144	-0.0763107	0.172244	13.743
7.21144	-0.0647627	0.153026	16.6872
5.74267	-0.0553226	0.122054	12.9912
4.35092	-0.0576496	0.0912441	16.2541
12.1403	-0.146192	0.272783	4.8493
12.1403	-0.146192	0.272783	4.8493
11.1559	-0.115094	0.260809	7.35651
10.4616	-0.136404	0.229888	10.9828
10.4616	-0.136404	0.229888	10.9828
8.40429	-0.0899046	0.180038	18.3509
8.40429	-0.0899046	0.180038	18.3509
8.28984	-0.0755868	0.201071	16.3405
7.70879	-0.072987	0.165179	16.9428
7.4238	-0.0663613	0.157126	14.2574
5.10761	-0.0581936	0.10725	13.2792
4.7461	-0.0560548	0.10136	15.3156
12.1303	-0.149774	0.272399	4.71933
12.0694	-0.1547	0.26973	4.90988
11.0257	-0.117204	0.25827	7.8724
10.734	-0.147776	0.23667	9.44939
10.4391	-0.136313	0.228443	10.3464
8.6139	-0.0946143	0.18556	19.2631
8.56339	-0.0923023	0.183746	18.2484
7.85764	-0.0741938	0.191866	16.3893
7.74314	-0.0716226	0.165151	14.7201
7.41053	-0.0655139	0.157187	15.1761
5.2599	-0.0552084	0.11127	12.9956
4.67231	-0.0567631	0.0991593	14.2943
12.1277	-0.151264	0.272302	4.67689
12.0317	-0.158072	0.268262	4.97671
10.9776	-0.117862	0.257348	8.12609
10.8398	-0.153175	0.239398	8.80753
10.4237	-0.136424	0.227672	10.1601
8.69196	-0.0965036	0.187678	19.6669
8.61627	-0.0931014	0.184981	18.2174
7.78231	-0.0715902	0.165738	13.9268
7.67814	-0.0744719	0.188293	16.7763
7.38283	-0.0649197	0.156678	15.5946
5.38077	-0.053721	0.113895	12.9065
4.61317	-0.0575434	0.0976558	14.225
12.1383	-0.15614	0.27132	4.59723
12.1383	-0.15614	0.27132	4.59723
10.9183	-0.117137	0.256248	8.59112
10.5998	-0.145341	0.232281	10.0763
10.5998	-0.145341	0.232281	10.0763
8.81298	-0.0984685	0.190358	19.0832
8.81298	-0.0984685	0.190358	19.0832
7.60501	-0.0682609	0.161792	14.9978
7.52038	-0.0654978	0.15941	14.381
7.40969	-0.0728213	0.182496	18.3202
5.07368	-0.0543918	0.106835	12.3977
4.92344	-0.0535777	0.104873	12.9448
12.1628	-0.156295	0.271899	4.49093
12.1375	-0.157508	0.270836	4.54788
10.8788	-0.11693	0.255513	8.89282
10.6567	-0.148825	0.233665	10.0763
10.5399	-0.144337	0.230304	10.4581
8.91077	-0.10119	0.193049	19.4486
8.88035	-0.0998446	0.191992	19.0056
7.61168	-0.0672525	0.161606	14.3815
7.50736	-0.0652503	0.159256	14.7836
7.21981	-0.0725299	0.178885	20.0165
5.145	-0.0524684	0.108571	12.4349
4.91432	-0.0545667	0.104055	12.416
12.173	-0.156811	0.2717	4.41319
12.173	-0.156811	0.2717	4.41319
10.8424	-0.116445	0.254846	9.22878
10.5789	-0.147023	0.231184	10.7355
10.5789	-0.147023	0.231184	10.7355
8.98588	-0.102919	0.194912	19.3346
8.98588	-0.102919	0.194912	19.3346
7.55317	-0.065439	0.160188	14.4924
7.55317	-0.065439	0.160188	14.4924
7.02239	-0.0716531	0.175307	23.0188
5.06286	-0.0527879	0.106715	12.1202
5.06286	-0.0527879	0.106715	12.1202
12.6313	-0.1199	0.290769	5.37336
12.6313	-0.1199	0.290769	5.37336
12.6313	-0.1199	0.290769	5.37336
10.9429	-0.0971871	0.260197	8.5014
8.24147	-0.0946327	0.178844	19.8463
8.24147	-0.0946327	0.178844	19.8463
8.24147	-0.0946327	0.178844	19.8463
7.1036	-0.0729697	0.149263	15.3611
7.1036	-0.0729697	0.149263	15.3611
7.1036	-0.0729697	0.149263	15.3611
5.0117	-0.0622241	0.103785	15.9402
5.0117	-0.0622241	0.103785	15.9402
12.5953	-0.125199	0.288136	5.17662
12.4372	-0.121257	0.286168	5.44594
12.4372	-0.121257	0.286168	5.44594
10.4202	-0.0977553	0.248697	10.1445
8.97617	-0.106344	0.196091	18.9005
8.4165	-0.0947541	0.18281	20.1138
8.4165	-0.0947541	0.18281	20.1138
7.34152	-0.0742855	0.15446	15.5161
7.25521	-0.0732124	0.15283	15.5744
7.25521	-0.0732124	0.15283	15.5744
5.05997	-0.0627068	0.105414	15.9162
4.6507	-0.059783	0.095998	16.5924
12.4609	-0.13007	0.28327	5.09857
12.2147	-0.122011	0.280979	5.60873
12.2147	-0.122011	0.280979	5.60873
9.87377	-0.0935369	0.236477	12.3727
9.67672	-0.119802	0.212731	16.3902
8.6572	-0.0956638	0.187989	18.4607
8.6572	-0.0956638	0.187989	18.4607
7.53107	-0.0753626	0.158599	15.6065
7.36487	-0.0735505	0.155682	16.5004
7.36487	-0.0735505	0.155682	16.5004
5.29653	-0.0634609	0.111563	15.1708
4.33111	-0.0579651	0.0891187	17.467
12.2315	-0.135738	0.27626	5.14827
11.9929	-0.12265	0.275943	5.68408
11.9929	-0.12265	0.275943	5.68408
10.3222	-0.134417	0.228355	12.6905
9.34582	-0.0879315	0.224717	14.0345
8.91872	-0.097178	0.193482	15.9637
8.91872	-0.097178	0.193482	15.9637
7.66886	-0.0760691	0.161607	15.6753
7.43007	-0.0738323	0.157569	17.6498
7.43007	-0.0738323	0.157569	17.6498
5.64415	-0.0624157	0.120083	13.8108
4.07685	-0.0565154	0.0836536	18.5946
11.9207	-0.145379	0.267325	5.55627
11.8186	-0.12476	0.272128	5.64623
11.8186	-0.12476	0.272128	5.64623
10.8871	-0.147699	0.242539	8.88638
9.12875	-0.0983453	0.197805	13.9202
9.12875	-0.0983453	0.197805	13.9202
8.91978	-0.0837593	0.215548	14.0522
7.75248	-0.0764995	0.163432	15.6728
7.46275	-0.0739462	0.158597	18.4912
7.46275	-0.0739462	0.158597	18.4912
5.98038	-0.0580553	0.127792	13.2643
3.91178	-0.055463	0.0801086	19.6388
11.7504	-0.126078	0.270677	5.59095
11.7504	-0.126078	0.270677	5.59095
11.6647	-0.151349	0.259469	6.79616
11.2285	-0.152107	0.252158	6.53801
9.21095	-0.0986786	0.199465	13.1428
9.21095	-0.0986786	0.199465	13.1428
8.74363	-0.0833273	0.211956	13.6487
7.78052	-0.0766507	0.164044	15.7095
7.47255	-0.0739575	0.15892	18.7942
7.47255	-0.0739575	0.15892	18.7942
6.12978	-0.0553414	0.13098	13.4698
3.8544	-0.0550736	0.0788769	20.0541
12.4685	-0.126954	0.284931	5.21658
12.4685	-0.126954	0.284931	5.21658
12.2634	-0.120758	0.282337	5.63513
9.85732	-0.0929893	0.236269	12.6955
9.11368	-0.10675	0.199086	19.0443
9.11368	-0.10675	0.199086	19.0443
8.42956	-0.0929384	0.183051	21.2015
7.53909	-0.0752776	0.159024	15.747
7.53909	-0.0752776	0.159024	15.747
7.4093	-0.0727597	0.156216	15.1313
4.75808	-0.0605422	0.0987735	16.4244
4.46655	-0.0587612	0.0924959	17.3335
12.4073	-0.131734	0.281605	5.05611
12.3219	-0.127797	0.281376	5.28034
12.075	-0.120088	0.278208	5.77268
9.76663	-0.120343	0.214539	16.2627
9.27541	-0.0860648	0.223197	15.2087
9.26001	-0.106895	0.201979	17.5289
8.51357	-0.0915963	0.184542	19.6483
7.76031	-0.0769235	0.163862	15.8695
7.72435	-0.077204	0.163575	16.587
7.52406	-0.0726524	0.159026	15.598
4.83754	-0.0604158	0.101303	16.0595
4.15649	-0.0567228	0.0858978	18.3907
12.2633	-0.137827	0.276453	4.97358
12.1787	-0.129054	0.27804	5.2596
11.8978	-0.120613	0.274389	5.81685
10.3455	-0.13486	0.228562	12.6014
9.4019	-0.107231	0.204547	14.997
8.7168	-0.0793544	0.210673	16.4231
8.64764	-0.0910647	0.186882	16.5498
7.91923	-0.0780448	0.16734	15.9772
7.87048	-0.0794544	0.167404	17.8273
7.58349	-0.0728487	0.160816	16.8346
5.12034	-0.0605467	0.108432	14.6476
3.85981	-0.0549996	0.0794721	19.9578
12.0715	-0.148337	0.270311	5.16859
12.0705	-0.130765	0.275612	5.15047
11.7666	-0.122757	0.271633	5.79889
10.8029	-0.148308	0.240105	9.21692
9.51092	-0.107675	0.206403	12.8894
8.7703	-0.0911212	0.189038	14.1521
8.26621	-0.0760855	0.200896	15.4272
8.01509	-0.0787579	0.169437	16.0068
7.96178	-0.0811304	0.169926	18.9275
7.60544	-0.0729764	0.161681	17.9827
5.4305	-0.0579412	0.115618	13.3178
3.65975	-0.0536697	0.0751417	21.6406
12.0295	-0.131349	0.274717	5.08926
11.9573	-0.15567	0.266675	5.58056
11.7173	-0.124124	0.270622	5.76061
11.0063	-0.154367	0.245556	7.56533
9.5527	-0.10786	0.207094	12.1056
8.81973	-0.0911758	0.18991	13.3016
8.07904	-0.0759537	0.197054	15.122
8.04713	-0.0790195	0.170138	16.0216
7.99255	-0.0817202	0.170802	19.3796
7.61033	-0.0730016	0.161924	18.4263
5.57497	-0.0557812	0.118703	12.9344
3.5892	-0.0530724	0.0736149	22.4041
12.347	-0.133331	0.279953	4.98438
12.347	-0.133331	0.279953	4.98438
11.9296	-0.119197	0.27528	5.90418
9.81769	-0.119559	0.215109	15.1817
9.81769	-0.119559	0.215109	15.1817
8.66228	-0.0780282	0.20934	17.5161
8.42964	-0.0883801	0.182287	19.3395
7.99773	-0.0799929	0.169606	16.6318
7.99773	-0.0799929	0.169606	16.6318
7.66216	-0.0719337	0.162015	15.0475
4.55796	-0.0585091	0.0950017	16.2881
4.0756	-0.0553811	0.0852178	19.0452
12.3047	-0.140253	0.277155	4.74125
12.2923	-0.135604	0.278594	4.86553
11.7979	-0.120009	0.27265	6.00008
10.2913	-0.13278	0.226534	12.3719
9.83396	-0.118605	0.214611	13.5047
8.42338	-0.0861081	0.181409	16.9278
8.21112	-0.0840324	0.175055	17.7534
8.19039	-0.0819311	0.173865	16.6994
8.07576	-0.0711465	0.196091	17.6063
7.73767	-0.0718049	0.163985	15.6751
4.66945	-0.0579703	0.0982994	15.4567
3.85601	-0.0541867	0.080564	19.9897
12.2544	-0.13779	0.277719	4.72055
12.231	-0.149908	0.273994	4.6824
11.704	-0.122333	0.270803	6.03882
10.6295	-0.144722	0.234968	10.1038
9.82929	-0.118162	0.213647	12.1754
8.46244	-0.0851275	0.181517	14.622
8.36361	-0.0875963	0.179156	18.9057
8.30521	-0.083087	0.176406	16.7211
7.75619	-0.0721198	0.164809	16.8801
7.60066	-0.069674	0.185705	16.4146
4.93564	-0.0563125	0.104655	13.9504
3.64888	-0.0532023	0.0759659	21.6482
12.2408	-0.138665	0.277422	4.64522
12.1916	-0.15528	0.272459	4.72062
11.6696	-0.123814	0.270136	6.02671
10.7581	-0.150337	0.238273	9.20822
9.82411	-0.118051	0.213154	11.6887
8.48455	-0.0849996	0.181711	13.8034
8.41978	-0.0890476	0.180721	19.4326
8.34338	-0.0834332	0.177251	16.7266
7.75651	-0.0722589	0.16498	17.4168
7.40129	-0.0702719	0.181598	16.1512
5.07345	-0.0546801	0.10761	13.4237
3.57157	-0.0527409	0.0742564	22.4574
12.3462	-0.142689	0.278055	4.50629
12.3462	-0.142689	0.278055	4.50629
11.7076	-0.12113	0.271047	6.20081
10.1849	-0.130104	0.222978	12.0291
10.1849	-0.130104	0.222978	12.0291
8.45155	-0.0873456	0.180476	17.6698
8.45155	-0.0873456	0.180476	17.6698
8.27588	-0.0822797	0.17759	16.628
7.85099	-0.07094	0.166375	15.1484
7.4616	-0.0662484	0.182125	16.7397
4.41435	-0.0568071	0.0924285	15.3819
3.93994	-0.0536383	0.0837363	19.0543
12.3764	-0.144635	0.278777	4.32334
12.3614	-0.149577	0.277135	4.28217
11.6436	-0.12343	0.269913	6.32532
10.4188	-0.139197	0.228702	11.1262
10.0723	-0.127974	0.219264	12.0809
8.65631	-0.0927254	0.185946	18.6834
8.59429	-0.0893264	0.183701	17.6122
8.22693	-0.0794309	0.175755	15.425
7.88768	-0.0712082	0.16746	15.8119
6.95769	-0.066563	0.171068	16.8569
4.53883	-0.054814	0.0958058	14.1737
3.84916	-0.0540174	0.0815588	19.2162
12.3874	-0.145656	0.279049	4.24645
12.3625	-0.151986	0.276686	4.21504
11.6204	-0.124713	0.269501	6.34838
10.5018	-0.142697	0.230771	10.8525
10.0209	-0.126633	0.21755	12.2153
8.73821	-0.0952027	0.188233	19.1797
8.6416	-0.0899636	0.184771	17.6189
8.22627	-0.0783558	0.175381	14.8575
7.8859	-0.0715362	0.167603	16.3251
6.74159	-0.0671171	0.166656	17.6472
4.66528	-0.052794	0.098577	13.5487
3.78206	-0.054025	0.079934	19.8252
12.4446	-0.148483	0.279176	4.04587
12.4446	-0.148483	0.279176	4.04587
11.5995	-0.125058	0.26924	6.55654
10.2261	-0.134092	0.222884	12.3401
10.2261	-0.134092	0.222884	12.3401
8.83352	-0.0959783	0.190083	18.4855
8.83352	-0.0959783	0.190083	18.4855
8.08896	-0.0748778	0.17228	15.7155
7.96759	-0.0706158	0.16908	15.3622
6.41632	-0.0658171	0.159325	19.3095
4.32821	-0.0556051	0.090952	13.9241
4.10035	-0.0543759	0.0876018	16.0818
12.4731	-0.148103	0.279877	3.97255
12.4664	-0.148722	0.27926	3.97187
11.5833	-0.125803	0.26899	6.63493
10.279	-0.135991	0.224141	12.4684
10.1402	-0.130958	0.220213	13.0884
8.93502	-0.0993508	0.192936	18.9117
8.89277	-0.0971111	0.191471	18.4271
8.06294	-0.0727084	0.171372	15.354
7.97513	-0.0709111	0.169373	15.6441
6.17405	-0.0653928	0.154616	21.6089
4.39477	-0.0532755	0.0925846	13.2503
4.10962	-0.0556258	0.0871877	15.5807
12.5012	-0.147474	0.280126	3.90484
12.5012	-0.147474	0.280126	3.90484
11.5695	-0.126199	0.268795	6.74377
10.1802	-0.132078	0.221105	13.46
10.1802	-0.132078	0.221105	13.46
9.00163	-0.100846	0.19454	18.8037
9.00163	-0.100846	0.19454	18.8037
8.00701	-0.0706686	0.169998	15.4352
8.00701	-0.0706686	0.169998	15.4352
5.90997	-0.0641431	0.149882	25.8102
4.29953	-0.0543915	0.0904732	13.3734
4.29953	-0.0543915	0.0904732	13.3734
12.3748	-0.126868	0.282827	5.2849
12.3748	-0.126868	0.282827	5.2849
12.3748	-0.126868	0.282827	5.2849
9.24345	-0.0852143	0.222597	15.8485
9.11867	-0.105141	0.198968	19.3889
9.11867	-0.105141	0.198968	19.3889
9.11867	-0.105141	0.198968	19.3889
7.69886	-0.0749338	0.162518	15.4937
7.69886	-0.0749338	0.162518	15.4937
7.69886	-0.0749338	0.162518	15.4937
4.26613	-0.0573052	0.0881811	17.9841
4.26613	-0.0573052	0.0881811	17.9841
12.4019	-0.132185	0.281443	4.98321
12.2746	-0.127046	0.280632	5.29188
12.2746	-0.127046	0.280632	5.29188
9.7335	-0.11834	0.213411	16.2529
9.13023	-0.103244	0.198687	18.0129
9.13023	-0.103244	0.198687	18.0129
8.61438	-0.0772079	0.208326	18.2993
7.92849	-0.0767926	0.167515	15.7491
7.85689	-0.0757683	0.166253	15.9105
7.85689	-0.0757683	0.166253	15.9105
4.30518	-0.0570103	0.0897018	17.8364
3.81399	-0.054479	0.078454	20.1452
12.3599	-0.138171	0.278629	4.73593
12.1834	-0.127916	0.2787	5.22778
12.1834	-0.127916	0.2787	5.22778
10.2441	-0.131783	0.225703	12.89
9.14759	-0.10169	0.198262	15.6353
9.14759	-0.10169	0.198262	15.6353
8.09487	-0.0781039	0.171135	15.9542
8.01222	-0.0699679	0.19466	18.1408
7.98818	-0.0777867	0.169672	16.9531
7.98818	-0.0777867	0.169672	16.9531
4.53268	-0.0575896	0.0955749	16.3622
3.43884	-0.0517733	0.0703798	23.3749
12.2853	-0.147371	0.275429	4.61348
12.1188	-0.128582	0.277368	5.13729
12.1188	-0.128582	0.277368	5.13729
10.6036	-0.143776	0.234652	10.3026
9.16461	-0.100938	0.197852	13.6705
9.16461	-0.100938	0.197852	13.6705
8.19564	-0.0789318	0.173326	16.0526
8.07359	-0.079833	0.172116	18.1666
8.07359	-0.079833	0.172116	18.1666
7.52362	-0.0684702	0.183905	16.6656
4.82195	-0.0566507	0.102353	14.3547
3.1855	-0.0492398	0.0649197	26.8006
12.2452	-0.154297	0.273875	4.62266
12.0953	-0.128717	0.276894	5.10963
12.0953	-0.128717	0.276894	5.10963
10.7392	-0.149414	0.238135	9.30717
9.17188	-0.100792	0.197681	12.9478
9.17188	-0.100792	0.197681	12.9478
8.22939	-0.0791889	0.17406	16.0732
8.10297	-0.0806728	0.173008	18.7396
8.10297	-0.0806728	0.173008	18.7396
7.31809	-0.0689194	0.179632	16.2956
4.96584	-0.0552415	0.105431	13.5683
3.09519	-0.0480787	0.0629712	28.2954
12.3976	-0.133313	0.281409	4.86429
12.3976	-0.133313	0.281409	4.86429
12.2249	-0.126965	0.279833	5.26321
9.66484	-0.115539	0.211145	15.3711
9.66484	-0.115539	0.211145	15.3711
9.01523	-0.0997427	0.195532	17.4599
8.11528	-0.0782705	0.171882	16.1545
8.11528	-0.0782705	0.171882	16.1545
7.99075	-0.0751606	0.169148	15.6806
7.94175	-0.0681563	0.192903	19.8258
3.94378	-0.0547911	0.0818356	19.2072
3.59022	-0.0525049	0.0742241	21.8653
12.4569	-0.138629	0.280986	4.47016
12.3949	-0.134742	0.281469	4.69826
12.1805	-0.127253	0.279121	5.21878
10.0864	-0.12725	0.221189	12.9214
9.57407	-0.112972	0.208111	14.3672
8.92467	-0.0966005	0.192677	16.1581
8.30039	-0.0801256	0.175918	16.3704
8.2974	-0.0816086	0.17647	17.0348
8.1058	-0.0760619	0.171955	16.1547
7.29828	-0.0623488	0.178113	17.7063
4.01188	-0.0545561	0.0841212	18.1661
3.2455	-0.049688	0.0669449	25.6754
12.4743	-0.144137	0.280105	4.16515
12.3936	-0.134845	0.281551	4.54336
12.1495	-0.127799	0.278631	5.18349
10.3617	-0.136696	0.227908	11.4271
9.48842	-0.110571	0.205169	13.7667
8.86652	-0.0940515	0.190491	14.9979
8.4406	-0.0855749	0.18036	18.1078
8.41183	-0.0812647	0.178349	16.5013
8.18382	-0.0781033	0.174175	17.1644
6.77098	-0.0625524	0.166337	16.6631
4.26074	-0.0543989	0.090126	15.6889
2.96326	-0.0465923	0.0608445	30.5549
12.4759	-0.147597	0.279658	4.03101
12.3932	-0.134407	0.281588	4.49107
12.1383	-0.128066	0.278458	5.17643
10.4584	-0.140452	0.230309	10.9607
9.45091	-0.109322	0.203841	13.5645
8.84642	-0.0929136	0.189626	14.5533
8.49774	-0.087508	0.182005	18.6886
8.44905	-0.0815914	0.179161	16.5509
8.2115	-0.0792794	0.175061	17.7626
6.54495	-0.063305	0.161587	16.8782
4.40207	-0.0533905	0.0931637	14.4987
2.85875	-0.0453342	0.0585808	32.7554
12.5373	-0.138884	0.283013	4.21465
12.5373	-0.138884	0.283013	4.21465
12.1734	-0.127641	0.279354	5.23789
9.90122	-0.123129	0.215802	13.2718
9.90122	-0.123129	0.215802	13.2718
8.74978	-0.0917107	0.188088	16.3332
8.51555	-0.084374	0.181279	17.1204
8.51555	-0.084374	0.181279	17.1204
8.20682	-0.0752027	0.174085	15.9478
6.61271	-0.0600531	0.162158	16.4829
3.69904	-0.053269	0.0771781	19.5541
3.19387	-0.0487617	0.067138	26.3201
12.6181	-0.140053	0.283706	3.85431
12.5898	-0.138458	0.284355	4.01286
12.1665	-0.128743	0.279464	5.23243
10.1075	-0.129777	0.220734	12.6467
9.7307	-0.117706	0.210711	14.2017
8.70278	-0.0898878	0.18628	18.0155
8.64553	-0.0860645	0.184147	17.1831
8.63636	-0.0867831	0.184772	16.1296
8.27674	-0.0762878	0.175882	16.4454
6.04022	-0.060748	0.149212	17.5011
3.79824	-0.0534136	0.0799976	17.2717
3.03061	-0.047067	0.0637473	29.1007
12.6441	-0.140092	0.28389	3.72097
12.6079	-0.137839	0.284825	3.9286
12.1638	-0.129236	0.279494	5.22168
10.1781	-0.131986	0.222438	12.4512
9.65296	-0.114342	0.208302	14.6108
8.78592	-0.0929876	0.188648	18.5161
8.68872	-0.0866128	0.1851	17.2325
8.59622	-0.0840843	0.183424	15.853
8.30255	-0.0776258	0.176717	16.9231
5.78642	-0.0610371	0.143868	18.7125
3.93019	-0.0528156	0.0829004	15.3496
2.93884	-0.0459735	0.0616954	30.9584
12.7073	-0.13707	0.285952	3.67069
12.7073	-0.13707	0.285952	3.67069
12.1744	-0.130238	0.279932	5.22879
9.88104	-0.12178	0.214188	14.4652
9.88104	-0.12178	0.214188	14.4652
8.85963	-0.0925324	0.189832	17.9412
8.85963	-0.0925324	0.189832	17.9412
8.48993	-0.0809516	0.181016	16.4719
8.33951	-0.0754747	0.177131	16.2677
5.40813	-0.0592326	0.134913	21.0133
3.54558	-0.0533211	0.0743421	19.1199
3.24248	-0.0492915	0.0694466	24.266
12.7465	-0.135587	0.286467	3.57637
12.7375	-0.136093	0.286713	3.60379
12.1765	-0.130895	0.280084	5.21111
9.93204	-0.123106	0.215375	14.5225
9.77527	-0.116709	0.211002	15.3
8.9613	-0.0965293	0.192727	18.3535
8.9118	-0.0934344	0.191015	17.9302
8.43828	-0.0778468	0.179503	16.2897
8.36305	-0.0762266	0.177789	16.4851
5.10846	-0.0579913	0.128833	24.6318
3.60857	-0.0532352	0.0759026	17.1668
3.25605	-0.0499463	0.0692885	23.827
12.7808	-0.13434	0.287333	3.53248
12.7808	-0.13434	0.287333	3.53248
12.1803	-0.131723	0.280274	5.18874
9.81623	-0.117422	0.211907	15.5118
9.81623	-0.117422	0.211907	15.5118
9.02018	-0.0977738	0.194103	18.2965
9.02018	-0.0977738	0.194103	18.2965
8.38425	-0.0756917	0.17816	16.3708
8.38425	-0.0756917	0.17816	16.3708
4.76176	-0.0562367	0.122532	33.0958
3.49322	-0.0532855	0.0733911	18.2893
3.49322	-0.0532855	0.0733911	18.2893
12.4442	-0.133921	0.28279	4.69877
12.4442	-0.133921	0.28279	4.69877
12.4442	-0.133921	0.28279	4.69877
9.49788	-0.111369	0.206635	15.2424
9.49788	-0.111369	0.206635	15.2424
9.49788	-0.111369	0.206635	15.2424
8.25051	-0.0778036	0.174787	16.138
8.25051	-0.0778036	0.174787	16.138
8.25051	-0.0778036	0.174787	16.138
7.21294	-0.0592735	0.17595	18.6356
3.35504	-0.050544	0.06922	23.9091
3.35504	-0.050544	0.06922	23.9091
12.5923	-0.137123	0.284466	4.19724
12.4809	-0.13371	0.283915	4.51751
12.4809	-0.13371	0.283915	4.51751
9.85984	-0.121822	0.215119	13.4748
9.33259	-0.106884	0.201962	15.3102
9.33259	-0.106884	0.201962	15.3102
8.43831	-0.0798454	0.178864	16.4465
8.3912	-0.0794785	0.178156	16.5809
8.3912	-0.0794785	0.178156	16.5809
6.51493	-0.0571938	0.159633	16.428
3.39639	-0.0506195	0.0708605	22.7261
2.83828	-0.0451221	0.0581264	32.0314
12.6765	-0.136635	0.285239	3.81818
12.5042	-0.132413	0.284645	4.42367
12.5042	-0.132413	0.284645	4.42367
10.0851	-0.128732	0.220489	12.5518
9.19368	-0.101539	0.197818	15.553
9.19368	-0.101539	0.197818	15.553
8.55189	-0.0811404	0.181329	16.6336
8.5147	-0.0829548	0.181455	17.3599
8.5147	-0.0829548	0.181455	17.3599
5.93465	-0.0582662	0.146404	16.7024
3.61695	-0.0522809	0.0762945	18.7639
2.46611	-0.0402084	0.0501034	41.1878
12.7037	-0.135774	0.285448	3.64504
12.5122	-0.131934	0.284897	4.4048
12.5122	-0.131934	0.284897	4.4048
10.1617	-0.131063	0.222334	12.2841
9.13253	-0.0984172	0.195887	15.5783
9.13253	-0.0984172	0.195887	15.5783
8.5899	-0.0815315	0.182154	16.7148
8.57061	-0.0853046	0.183093	17.8945
8.57061	-0.0853046	0.183093	17.8945
5.67891	-0.0589338	0.140929	17.3649
3.76089	-0.0524769	0.0794022	16.443
2.32691	-0.0382141	0.0470902	45.9795
12.6967	-0.134794	0.287182	3.94333
12.6967	-0.134794	0.287182	3.94333
12.5449	-0.13225	0.285763	4.38884
9.63301	-0.115253	0.20889	14.7139
9.63301	-0.115253	0.20889	14.7139
9.12409	-0.100111	0.196475	16.1992
8.59533	-0.0820014	0.182598	16.8956
8.59533	-0.0820014	0.182598	16.8956
8.48755	-0.0788064	0.18017	16.576
5.76127	-0.0565577	0.141728	16.4753
2.9844	-0.0468528	0.0619625	28.1158
2.60484	-0.041977	0.0538857	37.2992
12.8265	-0.12947	0.28907	3.58632
12.762	-0.131333	0.288896	3.78186
12.5841	-0.131549	0.28691	4.33056
9.81678	-0.120445	0.213173	14.2904
9.43452	-0.106989	0.203256	15.9166
8.96238	-0.0929524	0.191991	16.6619
8.7497	-0.0865296	0.186638	17.5457
8.71809	-0.0835796	0.18527	17.0723
8.57927	-0.0805399	0.182451	16.9836
5.12068	-0.0563192	0.126833	18.4454
3.06139	-0.0484726	0.0643244	25.0883
2.28982	-0.0375774	0.0473244	47.3952
12.8699	-0.125415	0.289685	3.45696
12.7842	-0.129637	0.28948	3.73722
12.5972	-0.131507	0.287301	4.31213
9.87861	-0.122173	0.214623	14.1211
9.33939	-0.101997	0.200414	16.3051
8.88815	-0.0886671	0.189774	16.629
8.82979	-0.0900147	0.188934	17.9726
8.75907	-0.0841097	0.186162	17.1527
8.6297	-0.0828311	0.183914	17.3839
4.82551	-0.0562358	0.120425	20.2743
3.20108	-0.0503736	0.0674061	21.1697
2.14385	-0.0353674	0.0441832	53.9429
12.9185	-0.123861	0.291427	3.44124
12.9185	-0.123861	0.291427	3.44124
12.6322	-0.131525	0.288293	4.25269
9.5819	-0.110378	0.206605	16.0346
9.5819	-0.110378	0.206605	16.0346
8.89012	-0.0887153	0.189739	17.6511
8.89012	-0.0887153	0.189739	17.6511
8.805	-0.0862071	0.187906	17.0794
8.6326	-0.079696	0.183478	16.9882
4.40101	-0.0532468	0.109876	23.372
2.73852	-0.0449818	0.0572675	31.2429
2.38319	-0.0390172	0.0508932	44.4733
12.9709	-0.119494	0.292269	3.3534
12.9495	-0.121383	0.292222	3.39086
12.6483	-0.131584	0.288757	4.21972
9.6315	-0.11155	0.207736	16.0465
9.46449	-0.10414	0.203153	16.6997
8.98633	-0.0929937	0.19248	17.9951
8.93683	-0.089452	0.19077	17.6904
8.73409	-0.0823317	0.185914	17.0328
8.66811	-0.0808724	0.184422	17.1752
4.03862	-0.0512135	0.102094	29.5142
2.8006	-0.0466317	0.0588269	28.092
2.36743	-0.0388512	0.050445	44.5958
13.0049	-0.117621	0.293135	3.31269
13.0049	-0.117621	0.293135	3.31269
12.6653	-0.131681	0.289246	4.18087
9.50637	-0.104883	0.204069	16.8263
9.50637	-0.104883	0.204069	16.8263
9.03868	-0.0940109	0.193669	18.003
9.03868	-0.0940109	0.193669	18.003
8.68142	-0.0801321	0.184594	17.1284
8.68142	-0.0801321	0.184594	17.1284
3.58881	-0.0457661	0.0935068	51.2387
2.65162	-0.0447985	0.0556346	32.0929
2.65162	-0.0447985	0.0556346	32.0929
12.8152	-0.129314	0.290311	3.73772
12.8152	-0.129314	0.290311	3.73772
12.8152	-0.129314	0.290311	3.73772
9.39436	-0.106471	0.202587	16.0694
9.39436	-0.106471	0.202587	16.0694
9.39436	-0.106471	0.202587	16.0694
8.69021	-0.0814933	0.184563	17.0279
8.69021	-0.0814933	0.184563	17.0279
8.69021	-0.0814933	0.184563	17.0279
4.93922	-0.0545356	0.121827	17.9088
2.31283	-0.0381073	0.0476425	43.6496
2.31283	-0.0381073	0.0476425	43.6496
12.9795	-0.119323	0.293025	3.41307
12.8881	-0.124927	0.292242	3.64765
12.8881	-0.124927	0.292242	3.64765
9.55764	-0.110456	0.206304	15.9174
9.19888	-0.0976693	0.197251	16.9538
9.19888	-0.0976693	0.197251	16.9538
8.81269	-0.0831583	0.187218	17.2762
8.79573	-0.0837565	0.187157	17.4093
8.79573	-0.0837565	0.187157	17.4093
4.22469	-0.0529271	0.104791	21.9767
2.37796	-0.0399299	0.0497912	39.9986
1.77618	-0.0300407	0.0361268	68.3737
13.0346	-0.112737	0.293928	3.33644
12.9126	-0.123494	0.292896	3.6245
12.9126	-0.123494	0.292896	3.6245
9.61225	-0.11183	0.207551	15.8451
9.09895	-0.0921567	0.194359	17.1662
9.09895	-0.0921567	0.194359	17.1662
8.86505	-0.0869168	0.189111	17.7144
8.86505	-0.0869168	0.189111	17.7144
8.85365	-0.0837271	0.188106	17.362
3.87692	-0.0515558	0.0970361	27.8644
2.52482	-0.043264	0.0530722	33.3084
1.55344	-0.0263513	0.0313031	86.9931
13.0728	-0.111236	0.295447	3.33282
13.0728	-0.111236	0.295447	3.33282
12.9649	-0.121119	0.294291	3.57866
9.34212	-0.10067	0.200447	17.0805
9.34212	-0.10067	0.200447	17.0805
9.0318	-0.0903135	0.192878	17.4653
8.92588	-0.0857414	0.189988	17.6748
8.92588	-0.0857414	0.189988	17.6748
8.84403	-0.0829954	0.188057	17.5168
3.41688	-0.0473822	0.0851001	32.6992
1.92923	-0.033357	0.0401684	57.8215
1.60813	-0.0273708	0.0336828	86.9719
13.1348	-0.104255	0.296515	3.27309
13.1042	-0.108238	0.296261	3.31719
12.9907	-0.119901	0.294981	3.55539
9.39008	-0.101706	0.201518	17.1281
9.22634	-0.0943926	0.19713	17.4735
9.00693	-0.0894953	0.192252	17.9122
8.96932	-0.0864023	0.190932	17.7587
8.9475	-0.085868	0.19054	17.5515
8.88786	-0.0845711	0.189205	17.6625
2.98145	-0.0418405	0.0752164	49.3069
1.99657	-0.0354532	0.0418912	53.7593
1.47944	-0.0251916	0.0311351	102.241
13.1684	-0.100959	0.297385	3.25108
13.1684	-0.100959	0.297385	3.25108
13.0168	-0.118688	0.295684	3.53289
9.26896	-0.0951391	0.198057	17.5859
9.26896	-0.0951391	0.198057	17.5859
9.05434	-0.0903507	0.193302	17.9734
9.05434	-0.0903507	0.193302	17.9734
8.89574	-0.0836949	0.189234	17.6664
8.89574	-0.0836949	0.189234	17.6664
2.39999	-0.0320483	0.0631335	107.589
1.78302	-0.0318156	0.0373714	67.7606
1.78302	-0.0318156	0.0373714	67.7606
13.1667	-0.102806	0.2979	3.30516
13.1667	-0.102806	0.2979	3.30516
13.1667	-0.102806	0.2979	3.30516
9.16861	-0.0929492	0.195881	17.6898
9.16861	-0.0929492	0.195881	17.6898
9.16861	-0.0929492	0.195881	17.6898
8.97173	-0.0850735	0.190822	17.8686
8.97173	-0.0850735	0.190822	17.8686
8.97173	-0.0850735	0.190822	17.8686
2.50802	-0.0372708	0.0623245	57.0506
1.1797	-0.0210162	0.0242754	132.56
1.1797	-0.0210162	0.0242754	132.56
13.2344	-0.0936575	0.299107	3.2751
13.1983	-0.0999841	0.298726	3.30259
13.1983	-0.0999841	0.298726	3.30259
9.21433	-0.0938224	0.196885	17.7738
9.0764	-0.0881598	0.193334	17.8944
9.0764	-0.0881598	0.193334	17.8944
9.02046	-0.0869356	0.192093	17.9804
9.02046	-0.0869356	0.192093	17.9804
9.01444	-0.0857576	0.191747	17.9757
1.96577	-0.0290494	0.0494706	98.2694
1.26772	-0.0233408	0.0265732	131.819
0.77728	-0.0137524	0.0156192	255.272
13.2678	-0.0899571	0.299978	3.29063
13.2678	-0.0899571	0.299978	3.29063
13.2299	-0.0971077	0.299555	3.30156
9.11951	-0.0889092	0.194268	18.0068
9.11951	-0.0889092	0.194268	18.0068
9.06479	-0.0877057	0.193059	18.0775
9.06479	-0.0877057	0.193059	18.0775
9.02517	-0.0859983	0.192036	18.0284
9.02517	-0.0859983	0.192036	18.0284
1.20204	-0.0166164	0.0318119	280.012
0.896127	-0.016575	0.0187702	252.076
0.896127	-0.016575	0.0187702	252.076
13.3012	-0.0864484	0.300849	3.32183
13.3012	-0.0864484	0.300849	3.32183
13.3012	-0.0864484	0.300849	3.32183
9.06845	-0.0867448	0.192973	18.139
9.06845	-0.0867448	0.192973	18.139
9.06845	-0.0867448	0.192973	18.139
9.06845	-0.0867448	0.192973	18.139
9.06845	-0.0867448	0.192973	18.139
9.06845	-0.0867448	0.192973	18.139
0	0	0	0
0	0	0	0
0	0	0	0
