1980 Out of 49152 Normal Mode Frequencies in 1/ps for a 16x16x16 Ar Lattice.
   13.302643   13.302643   13.302643   13.302643    6.018316    6.018316    6.018316    6.018316    6.018316    6.018316    6.018316    6.018316
   13.257191   13.257191   13.257191   13.257191    6.122454    6.122454    6.122454    6.122454    6.018072    6.018072    6.018072    6.018072
   13.122188   13.122188   13.122188   13.122188    6.419372    6.419372    6.419372    6.419372    6.017377    6.017377    6.017377    6.017377
   12.901952   12.901952   12.901952   12.901952    6.869000    6.869000    6.869000    6.869000    6.016336    6.016336    6.016336    6.016336
   12.604772   12.604772   12.604772   12.604772    7.419592    7.419592    7.419592    7.419592    6.015108    6.015108    6.015108    6.015108
   12.245750   12.245750   12.245750   12.245750    8.016190    8.016190    8.016190    8.016190    6.013880    6.013880    6.013880    6.013880
   11.855110   11.855110   11.855110   11.855110    8.597525    8.597525    8.597525    8.597525    6.012839    6.012839    6.012839    6.012839
   11.503087   11.503087   11.503087   11.503087    9.072082    9.072082    9.072082    9.072082    6.012143    6.012143    6.012143    6.012143
   11.343934   11.343934   11.343934   11.343934    9.273400    9.273400    9.273400    9.273400    6.011899    6.011899    6.011899    6.011899
   13.257404   13.257404   13.166861   13.166861    6.307112    6.307112    6.110156    6.110156    6.034862    6.034862    6.030083    6.030083
   13.167298   13.167298   12.989317   12.989317    6.677940    6.677940    6.230705    6.230705    6.187716    6.187716    5.960760    5.960760
   12.989500   12.989500   12.730537   12.730537    7.189746    7.189746    6.595167    6.595167    6.248942    6.248942    5.897032    5.897032
   12.730272   12.730272   12.400765   12.400765    7.784848    7.784848    7.079258    7.079258    6.299488    6.299488    5.841290    5.841290
   12.401910   12.401910   12.017698   12.017698    8.411599    8.411599    7.625890    7.625890    6.339742    6.339742    5.795253    5.795253
   12.030239   12.030239   11.615217   11.615217    9.015378    9.015378    8.168293    8.168293    6.369132    6.369132    5.760780    5.760780
   11.679964   11.679964   11.266610   11.266610    9.512206    9.512206    8.609882    8.609882    6.387045    6.387045    5.739418    5.739418
   11.513840   11.513840   11.115077   11.115077    9.728363    9.728363    8.793884    8.793884    6.393064    6.393064    5.732181    5.732181
   13.122964   13.122964   12.773043   12.773043    7.065599    7.065599    6.373903    6.373903    6.081624    6.081624    6.063871    6.063871
   12.990198   12.990198   12.480873   12.480873    7.584621    7.584621    6.524429    6.524429    6.351835    6.351835    5.933824    5.933824
   12.773285   12.773285   12.124813   12.124813    8.183911    8.183911    6.761009    6.761009    6.640771    6.640771    5.813931    5.813931
   12.481688   12.481688   11.724771   11.724771    8.810715    8.810715    7.246347    7.246347    6.729158    6.729158    5.715204    5.715204
   12.136375   12.136375   11.317338   11.317338    9.414166    9.414166    7.738900    7.738900    6.791949    6.791949    5.641287    5.641287
   11.794039   11.794039   10.976545   10.976545    9.918452    9.918452    8.140419    8.140419    6.829655    6.829655    5.595444    5.595444
   11.621820   11.621820   10.833151   10.833151   10.145792   10.145792    8.305650    8.305650    6.842242    6.842242    5.579900    5.579900
   12.903616   12.903616   12.161766   12.161766    8.069715    8.069715    6.778172    6.778172    6.150647    6.150647    6.115794    6.115794
   12.732258   12.732258   11.786655   11.786655    8.626925    8.626925    6.982097    6.982097    6.468082    6.468082    5.941564    5.941564
   12.482946   12.482946   11.377114   11.377114    9.215780    9.215780    7.134862    7.134862    6.887194    6.887194    5.783825    5.783825
   12.171719   12.171719   10.971350   10.971350    9.789828    9.789828    7.323996    7.323996    7.241001    7.241001    5.664947    5.664947
   11.845056   11.845056   10.642120   10.642120   10.281875   10.281875    7.681733    7.681733    7.303705    7.303705    5.590888    5.590888
   11.668129   11.668129   10.515163   10.515163   10.507261   10.507261    7.827749    7.827749    7.324467    7.324467    5.565718    5.565718
   12.608286   12.608286   11.400691   11.400691    9.114499    9.114499    7.279942    7.279942    6.230631    6.230631    6.181146    6.181146
   12.406023   12.406023   10.989468   10.989468    9.630062    9.630062    7.513035    7.513035    6.561601    6.561601    5.985287    5.985287
   12.137044   12.137044   10.591646   10.591646   10.141920   10.141920    7.676938    7.676938    6.941449    6.941449    5.819079    5.819079
   11.836217   11.836217   10.596510   10.596510   10.277078   10.277078    7.773657    7.773657    7.255131    7.255131    5.714668    5.714668
   11.657269   11.657269   10.828064   10.828064   10.150992   10.150992    7.805595    7.805595    7.382588    7.382588    5.679044    5.679044
   12.254284   12.254284   10.584539   10.584539   10.052716   10.052716    7.829354    7.829354    6.309118    6.309118    6.255666    6.255666
   12.036071   12.036071   10.472887   10.472887   10.200334   10.200334    8.062760    8.062760    6.611776    6.611776    6.067512    6.067512
   11.774978   11.774978   10.859974   10.859974    9.902707    9.902707    8.204186    8.204186    6.884667    6.884667    5.933024    5.933024
   11.599985   11.599985   11.077924   11.077924    9.785382    9.785382    8.251384    8.251384    6.995458    6.995458    5.886878    5.886878
   11.876387   11.876387   10.785417   10.785417    9.833956    9.833956    8.365298    8.365298    6.374524    6.374524    6.334150    6.334150
   11.673655   11.673655   11.074709   11.074709    9.554094    9.554094    8.558024    8.558024    6.595546    6.595546    6.190694    6.190694
   11.516521   11.516521   11.259812   11.259812    9.445001    9.445001    8.624144    8.624144    6.692897    6.692897    6.134920    6.134920
   11.548620   11.548620   11.248945   11.248945    9.289514    9.289514    8.795146    8.795146    6.417665    6.417665    6.402975    6.402975
   11.439446   11.439446   11.370294   11.370294    9.186938    9.186938    8.879394    8.879394    6.499394    6.499394    6.346640    6.346640
   11.407344   11.407344   11.407344   11.407344    9.087008    9.087008    8.971640    8.971640    6.432710    6.432710    6.432710    6.432710
   13.213322   13.213322   13.213322   13.029972    6.352609    6.352609    6.352609    6.162627    6.162627    6.162627    5.903789    5.903789
   13.167580   13.082461   13.082461   12.807045    6.833310    6.581698    6.581698    6.282603    6.213453    6.213453    5.986818    5.774369
   13.030472   12.869253   12.869253   12.505561    7.423516    6.994493    6.994493    6.390857    6.260072    6.225915    6.225915    5.651909
   12.805972   12.582215   12.582215   12.137420    8.074998    7.513849    7.513849    6.678183    6.484035    6.228904    6.228904    5.541858
   12.502957   12.236853   12.236853   11.722359    8.743410    8.080314    8.080314    7.180737    6.559382    6.229282    6.229282    5.449512
   12.141273   11.863883   11.863883   11.296984    9.383039    8.631997    8.631997    7.694917    6.614745    6.228883    6.228883    5.379638
   11.776426   11.532402   11.532402   10.937395    9.921152    9.078740    9.078740    8.118174    6.648582    6.228429    6.228429    5.336053
   11.587457   11.385133   11.385133   10.784274   10.168930    9.265738    9.265738    8.294221    6.659964    6.228244    6.228244    5.321238
   13.083244   13.083244   12.915971   12.541405    7.093470    7.093470    6.576459    6.428279    6.428279    6.328151    5.823991    5.713453
   12.990834   12.917230   12.673943   12.201247    7.715027    7.491996    6.834175    6.602641    6.550901    6.336174    5.967229    5.556105
   12.807057   12.676376   12.366954   11.799945    8.388686    7.995560    7.263090    6.745742    6.636987    6.304777    6.288971    5.386094
   12.537476   12.374002   12.013241   11.358975    9.071371    8.545419    7.757111    6.858838    6.748845    6.696681    6.242683    5.240961
   12.195475   12.037449   11.646947   10.917054    9.724440    9.080097    8.245825    7.221977    6.940923    6.736729    6.206663    5.130209
   11.822374   11.730381   11.337453   10.551683   10.290263    9.514078    8.637333    7.617708    6.990759    6.760033    6.184062    5.060725
   11.603525   11.590983   11.206674   10.574335   10.398956    9.697072    8.796850    7.782480    7.007473    6.767705    6.176373    5.037034
   12.872213   12.872213   12.411122   11.827579    8.085173    8.085173    6.822642    6.822642    6.775473    6.501753    5.777363    5.567722
   12.734209   12.679960   12.093044   11.399108    8.733554    8.532680    7.042618    7.037036    7.007959    6.468415    5.967644    5.396440
   12.505945   12.425421   11.739953   10.938609    9.394121    9.025270    7.452849    7.200267    7.146242    6.375363    6.340603    5.198847
   12.194812   12.132642   11.387749   10.486147   10.031293    9.510379    7.872253    7.315888    7.240354    6.764044    6.298874    5.043417
   11.858867   11.824417   11.102829   10.603755   10.119289    9.908311    8.206657    7.385107    7.294957    7.126414    6.250356    4.944849
   11.732316   11.562687   10.987070   10.933871   10.077671    9.968350    8.340378    7.408174    7.312866    7.277994    6.233794    4.911085
   12.591716   12.591716   11.773832   10.950210    9.113956    9.113956    7.311943    7.311943    6.931133    6.668967    5.757910    5.483163
   12.412477   12.389450   11.430624   10.476744    9.712133    9.520774    7.543107    7.538165    7.184047    6.600377    5.976617    5.316224
   12.148668   12.145532   11.099356   10.297377   10.019248    9.923077    7.704661    7.701101    7.529104    6.484528    6.340586    5.122823
   11.919520   11.798986   10.842275   10.841069   10.256596    9.654195    7.807663    7.800224    7.797980    6.666405    6.407621    4.995588
   11.812848   11.469620   11.238951   10.739325   10.399404    9.505854    7.917805    7.831868    7.830008    6.804164    6.381104    4.951576
   12.266575   12.266575   11.106537   10.023979   10.023979    9.996871    7.849089    7.849089    7.027194    6.815711    5.756775    5.476213
   12.087851   12.059703   10.802107   10.518076   10.317923    9.539068    8.087084    8.070545    7.237281    6.725515    5.978237    5.335173
   11.918678   11.775491   10.981632   10.571693   10.555898    9.177856    8.236554    8.202208    7.463077    6.621399    6.263869    5.187503
   11.841692   11.482859   11.335271   10.655924   10.483044    9.032246    8.287317    8.245819    7.552736    6.584452    6.388359    5.134667
   11.957647   11.957647   10.688894   10.688894   10.527982    9.084358    8.375159    8.375159    7.057441    6.929828    5.764439    5.555820
   11.870333   11.780284   11.012592   10.801777   10.324740    8.727319    8.579802    8.551791    7.196077    6.843907    5.948210    5.461096
   11.834838   11.660560   11.181548   10.842463   10.247795    8.652369    8.611143    8.583703    7.269219    6.797360    6.060469    5.403149
   11.803150   11.803150   10.979082   10.979082   10.143340    8.799731    8.799731    8.372797    7.041597    7.002104    5.772698    5.694510
   11.814871   11.768553   11.048708   10.955697   10.075214    8.891501    8.875635    8.229634    7.088824    6.963222    5.849204    5.662005
   11.804778   11.804778   10.993658   10.993658   10.010519    8.975344    8.975344    8.086107    7.026837    7.026837    5.776087    5.776087
   12.965581   12.965581   12.965581   12.228071    7.201804    7.201804    7.201804    6.555996    6.555996    6.555996    5.564234    5.564234
   12.919437   12.774759   12.774759   11.843085    7.892751    7.447166    7.447166    6.758863    6.671664    6.671664    5.628095    5.312792
   12.777268   12.519989   12.519989   11.401019    8.609522    7.830423    7.830423    6.931608    6.734305    6.734305    5.880577    5.081431
   12.541304   12.217875   12.217875   10.924674    9.319817    8.285607    8.285607    7.070128    6.763095    6.763095    6.265814    4.882782
   12.217821   11.899930   11.899930   10.454441    9.996002    8.738047    8.738047    7.171286    6.776275    6.776275    6.704063    4.729390
   11.826788   11.629583   11.629583   10.603985   10.070148    9.098273    9.098273    7.232864    7.082790    6.782029    6.782029    4.632233
   11.534395   11.515412   11.515412   10.969561    9.910655    9.243860    9.243860    7.253536    7.242707    6.783650    6.783650    4.598932
   12.779671   12.779671   12.569122   11.417374    8.137072    8.137072    7.497424    6.943257    6.943257    6.821778    5.393052    5.185057
   12.686948   12.579609   12.311415   10.939605    8.849870    8.457967    7.709224    7.164080    7.107353    6.903706    5.498640    4.942518
   12.496739   12.334426   12.020474   10.433526    9.550497    8.834249    8.045415    7.337179    7.228760    6.913452    5.807852    4.691640
   12.211087   12.072909   11.729336   10.214560    9.940594    9.213266    8.405249    7.462069    7.308192    6.898900    6.199609    4.491785
   11.850887   11.834325   11.496014   10.823598    9.541882    9.515646    8.691561    7.537603    7.352573    6.884368    6.553517    4.363399
   11.757999   11.415522   11.402536   11.320672    9.636947    9.377428    8.804459    7.562888    7.366828    6.878761    6.705704    4.319098
   12.543543   12.543543   12.062784   10.431700    9.113025    9.113025    7.691431    7.403020    7.403020    7.064163    5.262086    4.890714
   12.411753   12.361216   11.793707    9.901463    9.759267    9.393869    7.849349    7.627792    7.612575    7.110608    5.403076    4.679294
   12.187266   12.165798   11.536066   10.367372    9.667908    9.390655    8.101107    7.786469    7.769651    7.080251    5.730107    4.447634
   12.002856   11.881589   11.339375   10.909236    9.883316    8.980606    8.315269    7.881197    7.864835    7.045090    6.052908    4.291023
   11.936365   11.618982   11.263568   11.251533    9.968391    8.812089    8.399558    7.912719    7.896502    7.031387    6.195769    4.236187
   12.300160   12.300160   11.556277    9.942010    9.942010    9.352344    7.906713    7.906713    7.760010    7.268800    5.168616    4.730211
   12.183533   12.160204   11.336755   10.447362   10.091685    8.827288    8.138685    8.113037    7.850520    7.281255    5.330067    4.578198
   12.091776   11.972477   11.175208   10.861297   10.194607    8.407012    8.292514    8.235191    7.991578    7.233293    5.609879    4.412463
   12.056320   11.857693   11.114615   11.052628   10.232166    8.346402    8.275639    8.234089    8.051437    7.211445    5.742673    4.350924
   12.140309   12.140309   11.155937   10.461580   10.461580    8.404294    8.404294    8.289838    7.708788    7.423802    5.107606    4.746099
   12.130349   12.069359   11.025663   10.733997   10.439096    8.613897    8.563387    7.857644    7.743140    7.410530    5.259901    4.672311
   12.127664   12.031714   10.977554   10.839803   10.423738    8.691959    8.616266    7.782306    7.678141    7.382834    5.380769    4.613175
   12.138309   12.138309   10.918257   10.599834   10.599834    8.812979    8.812979    7.605011    7.520380    7.409687    5.073682    4.923437
   12.162827   12.137510   10.878764   10.656700   10.539933    8.910773    8.880346    7.611683    7.507361    7.219806    5.144997    4.914322
   12.173004   12.173004   10.842415   10.578873   10.578873    8.985883    8.985883    7.553173    7.553173    7.022388    5.062860    5.062860
   12.631309   12.631309   12.631309   10.942868    8.241474    8.241474    8.241474    7.103596    7.103596    7.103596    5.011698    5.011698
   12.595283   12.437203   12.437203   10.420211    8.976171    8.416501    8.416501    7.341519    7.255214    7.255214    5.059966    4.650699
   12.460937   12.214656   12.214656    9.873770    9.676717    8.657202    8.657202    7.531073    7.364875    7.364875    5.296527    4.331114
   12.231540   11.992871   11.992871   10.322156    9.345817    8.918721    8.918721    7.668860    7.430075    7.430075    5.644152    4.076851
   11.920694   11.818642   11.818642   10.887110    9.128748    9.128748    8.919784    7.752484    7.462748    7.462748    5.980375    3.911785
   11.750375   11.750375   11.664735   11.228502    9.210954    9.210954    8.743634    7.780517    7.472554    7.472554    6.129784    3.854402
   12.468504   12.468504   12.263359    9.857321    9.113680    9.113680    8.429560    7.539092    7.539092    7.409299    4.758081    4.466554
   12.407266   12.321898   12.075030    9.766631    9.275408    9.260012    8.513572    7.760306    7.724352    7.524060    4.837538    4.156489
   12.263335   12.178714   11.897824   10.345469    9.401904    8.716803    8.647639    7.919231    7.870480    7.583490    5.120341    3.859812
   12.071466   12.070458   11.766593   10.802911    9.510915    8.770305    8.266208    8.015086    7.961785    7.605445    5.430505    3.659754
   12.029454   11.957325   11.717344   11.006323    9.552704    8.819735    8.079043    8.047131    7.992552    7.610334    5.574973    3.589203
   12.346953   12.346953   11.929551    9.817686    9.817686    8.662283    8.429641    7.997728    7.997728    7.662162    4.557958    4.075596
   12.304715   12.292285   11.797908   10.291329    9.833958    8.423384    8.211124    8.190392    8.075760    7.737675    4.669453    3.856008
   12.254367   12.231043   11.704002   10.629532    9.829292    8.462443    8.363607    8.305213    7.756186    7.600656    4.935641    3.648878
   12.240831   12.191611   11.669635   10.758051    9.824108    8.484553    8.419783    8.343384    7.756506    7.401294    5.073453    3.571570
   12.346160   12.346160   11.707588   10.184869   10.184869    8.451546    8.451546    8.275880    7.850986    7.461604    4.414347    3.939944
   12.376412   12.361385   11.643622   10.418792   10.072263    8.656309    8.594289    8.226926    7.887684    6.957695    4.538829    3.849161
   12.387433   12.362479   11.620366   10.501805   10.020934    8.738215    8.641597    8.226268    7.885904    6.741593    4.665283    3.782061
   12.444646   12.444646   11.599536   10.226128   10.226128    8.833522    8.833522    8.088961    7.967589    6.416321    4.328208    4.100347
   12.473126   12.466384   11.583319   10.279015   10.140207    8.935019    8.892772    8.062940    7.975132    6.174047    4.394775    4.109619
   12.501248   12.501248   11.569536   10.180161   10.180161    9.001634    9.001634    8.007010    8.007010    5.909975    4.299532    4.299532
   12.374833   12.374833   12.374833    9.243455    9.118672    9.118672    9.118672    7.698859    7.698859    7.698859    4.266127    4.266127
   12.401949   12.274591   12.274591    9.733499    9.130234    9.130234    8.614384    7.928491    7.856894    7.856894    4.305185    3.813991
   12.359860   12.183440   12.183440   10.244055    9.147594    9.147594    8.094871    8.012218    7.988183    7.988183    4.532678    3.438845
   12.285254   12.118796   12.118796   10.603608    9.164613    9.164613    8.195640    8.073589    8.073589    7.523620    4.821949    3.185496
   12.245237   12.095292   12.095292   10.739242    9.171883    9.171883    8.229386    8.102971    8.102971    7.318095    4.965844    3.095192
   12.397622   12.397622   12.224931    9.664843    9.664843    9.015233    8.115284    8.115284    7.990749    7.941751    3.943777    3.590216
   12.456895   12.394892   12.180518   10.086425    9.574075    8.924668    8.300388    8.297403    8.105800    7.298285    4.011878    3.245497
   12.474324   12.393555   12.149500   10.361710    9.488423    8.866522    8.440603    8.411827    8.183818    6.770976    4.260737    2.963263
   12.475877   12.393177   12.138333   10.458407    9.450914    8.846425    8.497744    8.449049    8.211498    6.544946    4.402073    2.858749
   12.537350   12.537350   12.173369    9.901225    9.901225    8.749781    8.515554    8.515554    8.206817    6.612712    3.699043    3.193871
   12.618150   12.589781   12.166523   10.107529    9.730700    8.702777    8.645530    8.636356    8.276737    6.040222    3.798242    3.030609
   12.644132   12.607917   12.163752   10.178111    9.652957    8.785916    8.688723    8.596215    8.302546    5.786418    3.930186    2.938843
   12.707333   12.707333   12.174361    9.881036    9.881036    8.859630    8.859630    8.489932    8.339508    5.408130    3.545581    3.242480
   12.746465   12.737495   12.176531    9.932035    9.775274    8.961301    8.911796    8.438278    8.363050    5.108459    3.608575    3.256052
   12.780804   12.780804   12.180339    9.816227    9.816227    9.020177    9.020177    8.384249    8.384249    4.761765    3.493216    3.493216
   12.444180   12.444180   12.444180    9.497877    9.497877    9.497877    8.250510    8.250510    8.250510    7.212945    3.355037    3.355037
   12.592304   12.480904   12.480904    9.859837    9.332594    9.332594    8.438307    8.391199    8.391199    6.514929    3.396391    2.838278
   12.676531   12.504199   12.504199   10.085091    9.193681    9.193681    8.551890    8.514700    8.514700    5.934647    3.616947    2.466109
   12.703659   12.512160   12.512160   10.161690    9.132532    9.132532    8.589903    8.570615    8.570615    5.678910    3.760887    2.326914
   12.696678   12.696678   12.544868    9.633012    9.633012    9.124094    8.595331    8.595331    8.487545    5.761268    2.984403    2.604841
   12.826524   12.762010   12.584055    9.816779    9.434523    8.962377    8.749704    8.718089    8.579267    5.120682    3.061391    2.289822
   12.869856   12.784207   12.597234    9.878614    9.339385    8.888152    8.829794    8.759068    8.629701    4.825507    3.201083    2.143850
   12.918489   12.918489   12.632186    9.581897    9.581897    8.890124    8.890124    8.804997    8.632597    4.401008    2.738521    2.383188
   12.970948   12.949453   12.648255    9.631496    9.464495    8.986334    8.936834    8.734089    8.668110    4.038619    2.800598    2.367429
   13.004872   13.004872   12.665252    9.506365    9.506365    9.038683    9.038683    8.681421    8.681421    3.588810    2.651625    2.651625
   12.815240   12.815240   12.815240    9.394361    9.394361    9.394361    8.690215    8.690215    8.690215    4.939219    2.312835    2.312835
   12.979483   12.888085   12.888085    9.557638    9.198880    9.198880    8.812686    8.795735    8.795735    4.224690    2.377962    1.776177
   13.034568   12.912635   12.912635    9.612246    9.098950    9.098950    8.865051    8.865051    8.853655    3.876917    2.524816    1.553443
   13.072806   13.072806   12.964885    9.342119    9.342119    9.031804    8.925882    8.925882    8.844026    3.416883    1.929228    1.608132
   13.134761   13.104163   12.990673    9.390078    9.226343    9.006934    8.969320    8.947496    8.887857    2.981451    1.996574    1.479439
   13.168384   13.168384   13.016847    9.268961    9.268961    9.054341    9.054341    8.895743    8.895743    2.399987    1.783021    1.783021
   13.166750   13.166750   13.166750    9.168607    9.168607    9.168607    8.971728    8.971728    8.971728    2.508016    1.179701    1.179701
   13.234410   13.198287   13.198287    9.214329    9.076396    9.076396    9.020460    9.020460    9.014437    1.965769    1.267720    0.777280
   13.267850   13.267850   13.229876    9.119507    9.119507    9.064789    9.064789    9.025171    9.025171    1.202039    0.896127    0.896127
   13.301228   13.301228   13.301228    9.068455    9.068455    9.068455    9.068455    9.068455    9.068455    0.000000    0.000000    0.000000
