1980 Out of 49152 QH, Third, Fourth Freq in rad/ps and Lifetimes in ps for a 16x16x16 Ar Lattice at 10K. (atoms/UC=4)
13.3026	-0.436347	1.03032	2.70125
13.3026	-0.436347	1.03032	2.70125
13.3026	-0.436347	1.03032	2.70125
13.3026	-0.436347	1.03032	2.70125
6.01832	-0.182644	0.4166	95.5139
6.01832	-0.182644	0.4166	95.5139
6.01832	-0.182644	0.4166	95.5139
6.01832	-0.182644	0.4166	95.5139
6.01832	-0.182644	0.4166	95.5139
6.01832	-0.182644	0.4166	95.5139
6.01832	-0.182644	0.4166	95.5139
6.01832	-0.182644	0.4166	95.5139
13.2572	-0.430426	1.02664	2.61614
13.2572	-0.430426	1.02664	2.61614
13.2572	-0.430426	1.02664	2.61614
13.2572	-0.430426	1.02664	2.61614
6.12245	-0.190184	0.425475	99.3707
6.12245	-0.190184	0.425475	99.3707
6.12245	-0.190184	0.425475	99.3707
6.12245	-0.190184	0.425475	99.3707
6.01807	-0.183407	0.416664	97.2803
6.01807	-0.183407	0.416664	97.2803
6.01807	-0.183407	0.416664	97.2803
6.01807	-0.183407	0.416664	97.2803
13.1222	-0.421744	1.01575	2.6643
13.1222	-0.421744	1.01575	2.6643
13.1222	-0.421744	1.01575	2.6643
13.1222	-0.421744	1.01575	2.6643
6.41937	-0.210903	0.450644	94.9869
6.41937	-0.210903	0.450644	94.9869
6.41937	-0.210903	0.450644	94.9869
6.41937	-0.210903	0.450644	94.9869
6.01738	-0.185414	0.416837	97.5439
6.01738	-0.185414	0.416837	97.5439
6.01738	-0.185414	0.416837	97.5439
6.01738	-0.185414	0.416837	97.5439
12.902	-0.414385	0.998143	2.7796
12.902	-0.414385	0.998143	2.7796
12.902	-0.414385	0.998143	2.7796
12.902	-0.414385	0.998143	2.7796
6.869	-0.2403	0.488435	62.6433
6.869	-0.2403	0.488435	62.6433
6.869	-0.2403	0.488435	62.6433
6.869	-0.2403	0.488435	62.6433
6.01634	-0.188509	0.417092	96.5975
6.01634	-0.188509	0.417092	96.5975
6.01634	-0.188509	0.417092	96.5975
6.01634	-0.188509	0.417092	96.5975
12.6048	-0.409209	0.974771	2.77422
12.6048	-0.409209	0.974771	2.77422
12.6048	-0.409209	0.974771	2.77422
12.6048	-0.409209	0.974771	2.77422
7.41959	-0.271013	0.534119	47.8018
7.41959	-0.271013	0.534119	47.8018
7.41959	-0.271013	0.534119	47.8018
7.41959	-0.271013	0.534119	47.8018
6.01511	-0.19113	0.417376	96.4791
6.01511	-0.19113	0.417376	96.4791
6.01511	-0.19113	0.417376	96.4791
6.01511	-0.19113	0.417376	96.4791
12.2457	-0.409053	0.947231	2.78985
12.2457	-0.409052	0.947231	2.78985
12.2457	-0.409053	0.947231	2.78985
12.2457	-0.409053	0.947231	2.78985
8.01619	-0.303319	0.583038	35.1673
8.01619	-0.303319	0.583038	35.1673
8.01619	-0.303319	0.583038	35.1673
8.01619	-0.303319	0.583038	35.1673
6.01388	-0.19395	0.417646	103.327
6.01388	-0.19395	0.417646	103.327
6.01388	-0.19395	0.417646	103.327
6.01388	-0.19395	0.417646	103.327
11.8551	-0.41722	0.918487	2.79028
11.8551	-0.41722	0.918487	2.79028
11.8551	-0.41722	0.918487	2.79028
11.8551	-0.41722	0.918487	2.79028
8.59752	-0.333193	0.629661	21.441
8.59752	-0.333193	0.629661	21.441
8.59752	-0.333193	0.629661	21.441
8.59752	-0.333193	0.629661	21.441
6.01284	-0.196002	0.417869	97.0295
6.01284	-0.196002	0.417869	97.0295
6.01284	-0.196002	0.417869	97.0295
6.01284	-0.196002	0.417869	97.0295
11.5031	-0.434935	0.893951	3.2186
11.5031	-0.434935	0.893951	3.2186
11.5031	-0.434935	0.893951	3.2186
11.5031	-0.434935	0.893951	3.2186
9.07208	-0.35449	0.666034	17.8477
9.07208	-0.35449	0.666034	17.8477
9.07208	-0.35449	0.666034	17.8477
9.07208	-0.35449	0.666034	17.8477
6.01214	-0.197685	0.418018	104.303
6.01214	-0.197685	0.418018	104.303
6.01214	-0.197685	0.418018	104.303
6.01214	-0.197685	0.418018	104.303
11.3439	-0.431762	0.883325	3.36171
11.3439	-0.431762	0.883325	3.36171
11.3439	-0.431762	0.883325	3.36171
11.3439	-0.431762	0.883325	3.36171
9.2734	-0.363082	0.68052	18.4805
9.2734	-0.363082	0.68052	18.4805
9.2734	-0.363082	0.68052	18.4805
9.2734	-0.363082	0.68052	18.4805
6.0119	-0.197974	0.418066	97.2725
6.0119	-0.197974	0.418066	97.2725
6.0119	-0.197974	0.418066	97.2725
6.0119	-0.197974	0.418066	97.2725
13.2574	-0.433199	1.02573	2.62587
13.2574	-0.433199	1.02573	2.62587
13.1669	-0.425012	1.02027	2.71723
13.1669	-0.425012	1.02027	2.71723
6.30711	-0.202913	0.44105	94.4304
6.30711	-0.202913	0.44105	94.4304
6.11016	-0.188034	0.423602	94.9164
6.11016	-0.188034	0.423602	94.9164
6.03486	-0.184642	0.418157	95.8532
6.03486	-0.184642	0.418157	95.8532
6.03008	-0.187295	0.418682	104.631
6.03008	-0.187295	0.418682	104.631
13.1673	-0.431851	1.01755	2.62796
13.1673	-0.431851	1.01755	2.62796
12.9893	-0.415881	1.00691	2.78955
12.9893	-0.415881	1.00691	2.78955
6.67794	-0.227404	0.472053	89.1432
6.67794	-0.227404	0.472053	89.1432
6.2307	-0.200073	0.435553	94.5078
6.2307	-0.200073	0.435553	94.5078
6.18772	-0.192849	0.429623	98.9006
6.18772	-0.192849	0.429623	98.9006
5.96076	-0.184933	0.413249	98.3541
5.96076	-0.184933	0.413249	98.3541
12.9895	-0.427493	1.00249	2.60445
12.9895	-0.427493	1.00249	2.60445
12.7305	-0.402726	0.98715	2.84518
12.7305	-0.402726	0.98715	2.84518
7.18975	-0.258158	0.514499	58.1858
7.18975	-0.258158	0.514499	58.1858
6.59517	-0.224843	0.466538	74.2406
6.59517	-0.224843	0.466538	74.2406
6.24894	-0.197567	0.434503	94.9799
6.24894	-0.197567	0.434503	94.9799
5.89703	-0.185254	0.408842	91.4059
5.89703	-0.185254	0.408842	91.4059
12.7303	-0.424999	0.981313	2.62413
12.7303	-0.424999	0.981313	2.62413
12.4008	-0.394431	0.962029	2.93216
12.4008	-0.394431	0.962029	2.93216
7.78485	-0.289524	0.563378	37.5929
7.78485	-0.289524	0.563378	37.5929
7.07926	-0.251022	0.50701	39.7471
7.07926	-0.251022	0.50701	39.7471
6.29949	-0.201893	0.438601	90.5605
6.29949	-0.201893	0.438601	90.5605
5.84129	-0.186336	0.405125	101.403
5.84129	-0.186336	0.405125	101.403
12.4019	-0.42281	0.955392	2.6275
12.4019	-0.42281	0.955392	2.6275
12.0177	-0.391548	0.933369	2.95497
12.0177	-0.391548	0.933369	2.95497
8.4116	-0.324225	0.614447	28.8526
8.4116	-0.324225	0.614447	28.8526
7.62589	-0.28147	0.552028	37.048
7.62589	-0.28147	0.552028	37.048
6.33974	-0.205672	0.441906	96.5598
6.33974	-0.205672	0.441906	96.5598
5.79525	-0.187947	0.402141	103.979
5.79525	-0.187947	0.402141	103.979
12.0302	-0.431649	0.927344	2.68108
12.0302	-0.431649	0.927344	2.68108
11.6152	-0.40516	0.904334	2.99677
11.6152	-0.40516	0.904334	2.99677
9.01538	-0.356162	0.662783	19.4854
9.01538	-0.356162	0.662783	19.4854
8.16829	-0.31202	0.595575	28.4456
8.16829	-0.31202	0.595575	28.4456
6.36913	-0.20883	0.444341	92.6382
6.36913	-0.20883	0.444341	92.6382
5.76078	-0.189083	0.39995	100.72
5.76078	-0.189083	0.39995	100.72
11.68	-0.44436	0.902451	2.86358
11.68	-0.44436	0.902451	2.86358
11.2666	-0.419506	0.880245	3.45934
11.2666	-0.419506	0.880245	3.45934
9.51221	-0.378385	0.700892	14.8828
9.51221	-0.378385	0.700892	14.8828
8.60988	-0.328469	0.629406	22.8097
8.60988	-0.328469	0.629406	22.8097
6.38704	-0.210698	0.445836	93.6658
6.38704	-0.210698	0.445836	93.6658
5.73942	-0.190329	0.398615	101.58
5.73942	-0.190329	0.398615	101.58
11.5138	-0.4421	0.891358	3.09885
11.5138	-0.4421	0.891358	3.09885
11.1151	-0.420252	0.870173	3.95736
11.1151	-0.420252	0.870173	3.95736
9.72836	-0.384127	0.716361	13.1658
9.72836	-0.384127	0.716361	13.1658
8.79388	-0.33766	0.642717	21.9546
8.79388	-0.33766	0.642717	21.9546
6.39306	-0.210892	0.446336	94.1017
6.39306	-0.210892	0.446336	94.1017
5.73218	-0.190066	0.398165	98.4979
5.73218	-0.190066	0.398165	98.498
13.123	-0.434255	1.01219	2.56288
13.123	-0.434255	1.01219	2.56288
12.773	-0.402709	0.99138	2.91311
12.773	-0.402709	0.99138	2.91311
7.0656	-0.250781	0.50419	69.5947
7.0656	-0.250781	0.50419	69.5947
6.3739	-0.201278	0.443791	93.6143
6.3739	-0.201278	0.443791	93.6143
6.08162	-0.188363	0.422523	97.8209
6.08162	-0.188363	0.422523	97.8209
6.06387	-0.199186	0.42449	103.224
6.06387	-0.199186	0.42449	103.224
12.9902	-0.437204	0.999925	2.55243
12.9902	-0.437204	0.999925	2.55243
12.4809	-0.391062	0.969903	2.97175
12.4809	-0.391062	0.969903	2.97175
7.58462	-0.281685	0.546692	51.1978
7.58462	-0.281685	0.546692	51.1978
6.52443	-0.209373	0.455469	93.2877
6.52443	-0.209373	0.455469	93.2877
6.35183	-0.212434	0.447419	83.4043
6.35183	-0.212434	0.447419	83.4043
5.93382	-0.190267	0.413378	100.483
5.93382	-0.190267	0.413378	100.483
12.7733	-0.435778	0.981321	2.55442
12.7733	-0.435778	0.981321	2.55442
12.1248	-0.385305	0.943599	3.06759
12.1248	-0.385305	0.943599	3.06759
8.18391	-0.312275	0.595351	35.3395
8.18391	-0.312275	0.595351	35.3395
6.76101	-0.235396	0.481887	53.7917
6.76101	-0.235396	0.481887	53.7917
6.64077	-0.216629	0.464618	87.5268
6.64077	-0.216629	0.464618	87.5268
5.81393	-0.188366	0.404706	93.8318
5.81393	-0.188366	0.404706	93.8318
12.4817	-0.437279	0.95752	2.57385
12.4817	-0.437279	0.95752	2.57385
11.7248	-0.387897	0.914357	3.14782
11.7248	-0.387897	0.914357	3.14782
8.81072	-0.346052	0.646045	26.1103
8.81072	-0.346052	0.646045	26.1103
7.24635	-0.262299	0.521946	44.5415
7.24635	-0.262299	0.521946	44.5415
6.72916	-0.221942	0.471611	87.9787
6.72916	-0.221942	0.471611	87.9787
5.7152	-0.187523	0.39773	98.1172
5.7152	-0.187523	0.39773	98.1172
12.1364	-0.443039	0.930728	2.60871
12.1364	-0.443039	0.930728	2.60871
11.3173	-0.394566	0.8852	3.45467
11.3173	-0.394566	0.8852	3.45467
9.41417	-0.376238	0.694273	17.69
9.41417	-0.376238	0.694273	17.69
7.7389	-0.285458	0.561451	33.8992
7.7389	-0.285458	0.561451	33.8992
6.79195	-0.225948	0.476595	83.5882
6.79195	-0.225948	0.476595	83.5882
5.64129	-0.187452	0.392591	101.229
5.64129	-0.187452	0.392591	101.229
11.794	-0.455054	0.905761	2.73696
11.794	-0.455054	0.905761	2.73696
10.9765	-0.406194	0.861748	3.99593
10.9765	-0.406194	0.861748	3.99593
9.91845	-0.401068	0.73307	11.5759
9.91845	-0.401068	0.73307	11.5759
8.14042	-0.304904	0.59217	26.2152
8.14042	-0.304904	0.59217	26.2152
6.82965	-0.228558	0.479593	85.1727
6.82965	-0.228558	0.479593	85.1727
5.59544	-0.187754	0.389439	96.0876
5.59544	-0.187754	0.389439	96.0876
11.6218	-0.459912	0.894294	2.79526
11.6218	-0.459912	0.894294	2.79526
10.8332	-0.404055	0.852199	4.80491
10.8332	-0.404055	0.852199	4.80491
10.1458	-0.405472	0.749282	10.5896
10.1458	-0.405472	0.749282	10.5896
8.30565	-0.309452	0.604151	25.2941
8.30565	-0.309452	0.604151	25.2941
6.84224	-0.22895	0.480592	86.3228
6.84224	-0.22895	0.480592	86.3228
5.5799	-0.188057	0.388377	96.8083
5.5799	-0.188057	0.388377	96.8083
12.9036	-0.438948	0.99054	2.49583
12.9036	-0.438948	0.99054	2.49583
12.1618	-0.383975	0.94718	3.11772
12.1618	-0.383975	0.94718	3.11772
8.06972	-0.308433	0.585927	45.9215
8.06972	-0.308433	0.585927	45.9215
6.77817	-0.221508	0.47507	83.645
6.77817	-0.221508	0.47507	83.645
6.15065	-0.193099	0.428932	94.4211
6.15065	-0.193099	0.428932	94.4211
6.11579	-0.214369	0.432788	92.8822
6.11579	-0.214369	0.432788	92.8822
12.7323	-0.442833	0.974793	2.45511
12.7323	-0.442833	0.974793	2.45511
11.7867	-0.378833	0.920209	3.26737
11.7867	-0.378833	0.920209	3.26737
8.62692	-0.336046	0.630674	29.9248
8.62692	-0.336046	0.630674	29.9248
6.9821	-0.232078	0.49107	85.9393
6.9821	-0.232078	0.49107	85.9393
6.46808	-0.22173	0.45888	56.9399
6.46808	-0.22173	0.45888	56.9399
5.94156	-0.197893	0.416809	95.5941
5.94156	-0.197893	0.416809	95.5941
12.4829	-0.445805	0.953587	2.48462
12.4829	-0.445805	0.953587	2.48462
11.3771	-0.382524	0.890713	3.6501
11.3771	-0.382524	0.890713	3.6501
9.21578	-0.366882	0.677944	20.959
9.21578	-0.366882	0.677944	20.959
7.13486	-0.240563	0.503179	81.1703
7.13486	-0.240563	0.503179	81.1703
6.88719	-0.243402	0.493575	48.9148
6.88719	-0.243402	0.493575	48.9148
5.78382	-0.193089	0.405056	99.4561
5.78382	-0.193089	0.405056	99.4561
12.1717	-0.457472	0.928714	2.52453
12.1717	-0.457472	0.928714	2.52453
10.9713	-0.385041	0.861808	3.98327
10.9713	-0.385041	0.861808	3.98327
9.78983	-0.400264	0.723785	14.6004
9.78983	-0.400264	0.723785	14.6004
7.324	-0.264825	0.528497	36.4974
7.324	-0.264825	0.528497	36.4974
7.241	-0.246392	0.511632	77.6031
7.241	-0.246392	0.511632	77.6031
5.66495	-0.190192	0.396365	94.948
5.66495	-0.190192	0.396365	94.948
11.8451	-0.464804	0.90416	2.66926
11.8451	-0.464804	0.90416	2.66926
10.6421	-0.391894	0.839171	4.98623
10.6421	-0.391894	0.839171	4.98623
10.2819	-0.424329	0.761877	9.80543
10.2819	-0.424329	0.761877	9.80543
7.68173	-0.277985	0.555726	32.2651
7.68173	-0.277985	0.555726	32.2651
7.3037	-0.250195	0.516635	74.9816
7.3037	-0.250195	0.516635	74.9816
5.59089	-0.18876	0.391007	97.3563
5.59089	-0.18876	0.391007	97.3563
11.6681	-0.477324	0.892357	2.64518
11.6681	-0.477324	0.892357	2.64518
10.5152	-0.430948	0.778521	8.06311
10.5152	-0.430948	0.778521	8.06311
10.5073	-0.381995	0.830123	5.2759
10.5073	-0.381995	0.830123	5.2759
7.82775	-0.282102	0.566281	30.0968
7.82775	-0.282102	0.566281	30.0968
7.32447	-0.251093	0.518291	74.6216
7.32447	-0.251093	0.518291	74.6216
5.56572	-0.188153	0.389194	88.6417
5.56572	-0.188153	0.389194	88.6417
12.6083	-0.446551	0.962048	2.45172
12.6083	-0.446551	0.962048	2.45172
11.4007	-0.380128	0.892939	3.69421
11.4007	-0.380128	0.892939	3.69421
9.1145	-0.360363	0.669407	20.7012
9.1145	-0.360363	0.669407	20.7012
7.27994	-0.246979	0.514552	76.6065
7.27994	-0.246979	0.514552	76.6065
6.23063	-0.197196	0.436333	85.0545
6.23063	-0.197196	0.436333	85.0545
6.18115	-0.222075	0.441755	75.5349
6.18115	-0.222075	0.441755	75.5349
12.406	-0.452007	0.943902	2.39268
12.406	-0.452007	0.943902	2.39268
10.9895	-0.37371	0.863492	4.17338
10.9895	-0.37371	0.863492	4.17338
9.63006	-0.390477	0.71049	17.1412
9.63006	-0.390477	0.71049	17.1412
7.51304	-0.259489	0.533201	74.3524
7.51304	-0.259489	0.533201	74.3524
6.5616	-0.224704	0.467818	60.6395
6.5616	-0.224704	0.467818	60.6395
5.98529	-0.202318	0.422714	85.3629
5.98529	-0.202318	0.422714	85.3629
12.137	-0.469381	0.921618	2.49049
12.137	-0.469381	0.921618	2.49049
10.5916	-0.380228	0.83541	5.01987
10.5916	-0.380228	0.83541	5.01987
10.1419	-0.419732	0.751341	12.0864
10.1419	-0.419732	0.751341	12.0864
7.67694	-0.268452	0.54644	71.5742
7.67694	-0.268452	0.54644	71.5742
6.94145	-0.241378	0.498113	45.1877
6.94145	-0.241378	0.498113	45.1877
5.81908	-0.195978	0.409974	88.1288
5.81908	-0.195978	0.409974	88.1288
11.8362	-0.48049	0.898247	2.60848
11.8362	-0.48049	0.898247	2.60848
10.5965	-0.448053	0.786864	7.58641
10.5965	-0.448053	0.786864	7.58641
10.2771	-0.373445	0.813636	6.20857
10.2771	-0.373445	0.813636	6.20857
7.77366	-0.27387	0.554289	70.029
7.77366	-0.27387	0.554289	70.029
7.25513	-0.254166	0.521776	35.5082
7.25513	-0.254166	0.521776	35.5082
5.71467	-0.192164	0.402091	85.8792
5.71467	-0.192164	0.402091	85.8792
11.6573	-0.496074	0.886044	2.70598
11.6573	-0.496074	0.886044	2.70598
10.8281	-0.450965	0.80348	6.56013
10.8281	-0.450965	0.80348	6.56013
10.151	-0.37188	0.805203	6.33455
10.151	-0.37188	0.805203	6.33455
7.80559	-0.275544	0.556887	70.8315
7.80559	-0.275544	0.556887	70.8315
7.38259	-0.259065	0.530901	38.5078
7.38259	-0.259065	0.530901	38.5078
5.67904	-0.191159	0.399416	85.2109
5.67904	-0.191159	0.399416	85.2109
12.2543	-0.472983	0.929199	2.27115
12.2543	-0.472983	0.929199	2.27115
10.5845	-0.375613	0.834884	4.77772
10.5845	-0.375613	0.834884	4.77772
10.0527	-0.417776	0.743855	13.941
10.0527	-0.417776	0.743855	13.941
7.82935	-0.276474	0.558808	70.1467
7.82935	-0.276474	0.558808	70.1467
6.30912	-0.199544	0.443561	68.3958
6.30912	-0.199544	0.443561	68.3959
6.25567	-0.226469	0.449518	91.6684
6.25567	-0.226469	0.449518	91.6684
12.0361	-0.490968	0.910053	2.49902
12.0361	-0.490968	0.910053	2.49902
10.4729	-0.444967	0.777291	10.0853
10.4729	-0.444967	0.777291	10.0853
10.2003	-0.370972	0.80777	6.3371
10.2003	-0.370972	0.80777	6.3371
8.06276	-0.289707	0.578007	68.2042
8.06276	-0.289707	0.578007	68.2042
6.61178	-0.223676	0.47183	47.1999
6.61178	-0.223676	0.47183	47.1999
6.06751	-0.203743	0.430298	77.0642
6.06751	-0.203743	0.430298	77.0642
11.775	-0.501116	0.888802	2.69539
11.775	-0.501116	0.888802	2.69539
10.86	-0.471988	0.807861	6.44998
10.86	-0.471988	0.807861	6.44998
9.90271	-0.355364	0.787197	7.83776
9.90271	-0.355364	0.787197	7.83776
8.20419	-0.297859	0.58976	65.3958
8.20419	-0.297859	0.58976	65.3958
6.88467	-0.233241	0.492216	32.6943
6.88467	-0.233241	0.492216	32.6943
5.93302	-0.196706	0.41967	77.8945
5.93302	-0.196706	0.41967	77.8945
11.6	-0.512433	0.876309	2.84217
11.6	-0.512433	0.876309	2.84217
11.0779	-0.479913	0.823712	5.36185
11.0779	-0.479913	0.823712	5.36185
9.78538	-0.353737	0.779406	8.57448
9.78538	-0.353737	0.779406	8.57448
8.25138	-0.300437	0.593701	63.9457
8.25138	-0.300437	0.593701	63.9457
6.99546	-0.236303	0.500026	32.6804
6.99546	-0.236303	0.500026	32.6804
5.88688	-0.194448	0.416062	78.6137
5.88688	-0.194448	0.416062	78.6137
11.8764	-0.504672	0.894682	2.68854
11.8764	-0.504672	0.894682	2.68854
10.7854	-0.473357	0.802033	7.61031
10.7854	-0.473357	0.802033	7.61031
9.83396	-0.353554	0.781975	8.54451
9.83396	-0.353554	0.781975	8.54451
8.3653	-0.307479	0.603353	62.7646
8.3653	-0.307479	0.603353	62.7646
6.37452	-0.200702	0.449568	54.7683
6.37452	-0.200702	0.449568	54.7683
6.33415	-0.222072	0.454203	60.3965
6.33415	-0.222072	0.454203	60.3965
11.6737	-0.51667	0.877034	2.8781
11.6737	-0.51667	0.877034	2.8781
11.0747	-0.501396	0.825082	5.52602
11.0747	-0.501396	0.825082	5.52602
9.55409	-0.344893	0.762946	10.1007
9.55409	-0.344893	0.762946	10.1007
8.55802	-0.319487	0.619811	61.6182
8.55802	-0.319487	0.619811	61.6182
6.59555	-0.214046	0.469071	39.4367
6.59555	-0.214046	0.469071	39.4367
6.19069	-0.200948	0.439119	61.5568
6.19069	-0.200948	0.439119	61.5568
11.5165	-0.531436	0.865173	3.12435
11.5165	-0.531436	0.865173	3.12435
11.2598	-0.510234	0.838837	4.3325
11.2598	-0.510234	0.838837	4.3325
9.445	-0.340837	0.755818	10.7394
9.445	-0.340837	0.755818	10.7394
8.62414	-0.323615	0.625518	60.8175
8.62414	-0.323615	0.625518	60.8175
6.6929	-0.216746	0.475816	29.3654
6.6929	-0.216746	0.475816	29.3654
6.13492	-0.196983	0.434585	67.8688
6.13492	-0.196983	0.434585	67.8688
11.5486	-0.534781	0.864721	3.14872
11.5486	-0.534781	0.864721	3.14872
11.2489	-0.529957	0.839114	4.79738
11.2489	-0.529957	0.839114	4.79738
9.28951	-0.337608	0.745275	11.6086
9.28951	-0.337608	0.745275	11.6086
8.79515	-0.335235	0.640546	59.7332
8.79515	-0.335235	0.640546	59.7332
6.41766	-0.202055	0.45353	50.0597
6.41766	-0.202055	0.45353	50.0597
6.40297	-0.211253	0.455287	49.1839
6.40297	-0.211253	0.455287	49.1839
11.4394	-0.548499	0.855694	3.56291
11.4394	-0.548499	0.855694	3.56291
11.3703	-0.54257	0.848441	3.85853
11.3703	-0.54257	0.848441	3.85853
9.18694	-0.332859	0.738732	13.1677
9.18694	-0.332859	0.738732	13.1677
8.87939	-0.34114	0.648058	58.7124
8.87939	-0.34114	0.648058	58.7124
6.49939	-0.209524	0.460302	42.3847
6.49939	-0.209524	0.460302	42.3847
6.34664	-0.200754	0.449297	78.3922
6.34664	-0.200754	0.449297	78.3922
11.4073	-0.556633	0.8518	3.77869
11.4073	-0.556633	0.8518	3.77869
11.4073	-0.556633	0.8518	3.77869
11.4073	-0.556633	0.8518	3.77869
9.08701	-0.33045	0.732409	17.4977
9.08701	-0.33045	0.732409	17.4977
8.97164	-0.347962	0.656403	56.9987
8.97164	-0.347962	0.656403	56.9987
6.43271	-0.201852	0.454922	74.6435
6.43271	-0.201852	0.454922	74.6435
6.43271	-0.201852	0.454922	74.6435
6.43271	-0.201852	0.454922	74.6435
13.2133	-0.431006	1.02215	2.64396
13.2133	-0.431006	1.02215	2.64396
13.2133	-0.431006	1.02215	2.64396
13.03	-0.409898	1.01108	2.83204
6.35261	-0.207976	0.44535	91.7459
6.35261	-0.207976	0.44535	91.7458
6.35261	-0.207976	0.44535	91.7458
6.16263	-0.1903	0.427632	93.7314
6.16263	-0.1903	0.427632	93.7314
6.16263	-0.1903	0.427632	93.7314
5.90379	-0.180323	0.408578	96.4423
5.90379	-0.180323	0.408578	96.4423
13.1676	-0.434713	1.01667	2.57456
13.0825	-0.425247	1.0116	2.66854
13.0825	-0.425247	1.0116	2.66854
12.807	-0.398503	0.995066	2.95197
6.83331	-0.237985	0.485106	87.0648
6.5817	-0.22325	0.4647	91.8697
6.5817	-0.22325	0.4647	91.8697
6.2826	-0.196133	0.436639	84.5991
6.21345	-0.19443	0.431977	96.3034
6.21345	-0.19443	0.431977	96.3034
5.98682	-0.187083	0.416277	101.311
5.77437	-0.177321	0.399275	99.1188
13.0305	-0.434123	1.00401	2.54871
12.8693	-0.415586	0.994587	2.69825
12.8693	-0.415586	0.994587	2.69825
12.5056	-0.390153	0.972843	3.04356
7.42352	-0.273643	0.533687	60.9109
6.99449	-0.249061	0.498891	58.7856
6.99449	-0.249061	0.498891	58.7856
6.39086	-0.201639	0.444839	94.0922
6.26007	-0.206661	0.440008	78.9872
6.22591	-0.198337	0.433534	91.7029
6.22591	-0.198337	0.433534	91.7029
5.65191	-0.175131	0.390628	90.0889
12.806	-0.433117	0.984766	2.55547
12.5822	-0.410979	0.972084	2.68772
12.5822	-0.410979	0.972084	2.68772
12.1374	-0.379838	0.945528	3.09414
8.075	-0.307983	0.586933	39.2884
7.51385	-0.274879	0.541536	41.7207
7.51385	-0.274879	0.541536	41.7207
6.67818	-0.229427	0.475463	61.2128
6.48403	-0.207436	0.45195	91.3756
6.2289	-0.201748	0.4343	94.8832
6.2289	-0.201748	0.4343	94.8832
5.54186	-0.175323	0.382984	98.5135
12.503	-0.433191	0.959994	2.5622
12.2369	-0.410509	0.945668	2.71623
12.2369	-0.410509	0.945668	2.71623
11.7224	-0.382977	0.915077	3.14467
8.74341	-0.345256	0.641302	26.6833
8.08031	-0.303607	0.587617	33.697
8.08031	-0.303607	0.587617	33.697
7.18074	-0.259605	0.517254	46.9954
6.55938	-0.211195	0.457721	87.7091
6.22928	-0.204866	0.434807	94.8336
6.22928	-0.204866	0.434807	94.8336
5.44951	-0.17573	0.376651	103.467
12.1413	-0.442747	0.931858	2.6076
11.8639	-0.42037	0.918242	2.78544
11.8639	-0.42037	0.918242	2.78544
11.297	-0.398415	0.884758	3.36548
9.38304	-0.379183	0.692671	18.0115
8.632	-0.332608	0.631578	22.4959
8.632	-0.332608	0.631578	22.4959
7.69492	-0.288143	0.558786	32.2686
6.61474	-0.215168	0.461975	86.7299
6.22888	-0.207112	0.435158	95.0909
6.22888	-0.207112	0.435158	95.0909
5.37964	-0.175568	0.371909	109.111
11.7764	-0.459103	0.905453	2.74845
11.5324	-0.429769	0.894973	3.12455
11.5324	-0.429769	0.894973	3.12455
10.9374	-0.402489	0.859862	4.22299
9.92115	-0.403705	0.73419	11.4007
9.07874	-0.353726	0.66569	18.7343
9.07874	-0.353726	0.66569	18.7343
8.11817	-0.305868	0.591322	26.4666
6.64858	-0.21685	0.464579	90.3815
6.22843	-0.208906	0.435373	90.0467
6.22843	-0.208906	0.435373	90.0467
5.33605	-0.176531	0.368975	104.848
11.5875	-0.455305	0.892837	2.87051
11.3851	-0.434913	0.885258	3.24583
11.3851	-0.434913	0.885258	3.24583
10.7843	-0.402971	0.849612	4.80651
10.1689	-0.407669	0.751768	11.0156
9.26574	-0.356535	0.679157	16.1514
9.26574	-0.356535	0.679157	16.1514
8.29422	-0.312613	0.604106	28.9556
6.65996	-0.217546	0.465453	82.8384
6.22824	-0.209163	0.435445	97.5926
6.22824	-0.209163	0.435445	97.5926
5.32124	-0.176308	0.367982	111.443
13.0832	-0.432682	1.00899	2.56228
13.0832	-0.432682	1.00899	2.56228
12.916	-0.416597	0.999138	2.66207
12.5414	-0.388345	0.976558	3.16024
7.09347	-0.254793	0.506903	81.7844
7.09347	-0.254793	0.506903	81.7844
6.57646	-0.229412	0.46608	98.7532
6.42828	-0.202707	0.447854	92.2687
6.42828	-0.202707	0.447854	92.2687
6.32815	-0.19739	0.440647	86.8192
5.82399	-0.179331	0.403682	101.905
5.71345	-0.178706	0.396208	101.758
12.9908	-0.438795	0.999094	2.52693
12.9172	-0.429005	0.994903	2.60033
12.6739	-0.407595	0.980755	2.7763
12.2012	-0.377709	0.95216	3.29189
7.71503	-0.291277	0.557604	55.0075
7.492	-0.277674	0.539438	50.0331
6.83417	-0.242952	0.487022	74.8186
6.60264	-0.210468	0.460927	87.4162
6.5509	-0.210588	0.457804	90.3683
6.33617	-0.202973	0.442628	96.0986
5.96723	-0.192223	0.417157	92.0158
5.5561	-0.174601	0.384822	108.289
12.8071	-0.440934	0.982288	2.49757
12.6764	-0.424733	0.975273	2.57228
12.367	-0.399056	0.957542	2.80747
11.7999	-0.375791	0.923064	3.48783
8.38869	-0.325489	0.612263	34.1571
7.99556	-0.299464	0.580023	34.1399
7.26309	-0.260511	0.521738	47.076
6.74574	-0.217297	0.471717	85.8128
6.63699	-0.217891	0.465132	90.4629
6.30478	-0.213688	0.446341	60.7547
6.28897	-0.205833	0.440066	89.8166
5.38609	-0.171937	0.372586	97.1307
12.5375	-0.442999	0.95933	2.52227
12.374	-0.4268	0.951557	2.59433
12.0132	-0.401937	0.931316	2.83809
11.359	-0.377014	0.891261	3.49967
9.07137	-0.364175	0.667621	23.9623
8.54542	-0.329366	0.624112	26.6247
7.75711	-0.285469	0.561589	41.0415
6.85884	-0.222523	0.480261	81.5981
6.74884	-0.237809	0.483615	58.3625
6.69668	-0.223991	0.470357	83.3156
6.24268	-0.207571	0.437252	92.7431
5.24096	-0.169614	0.362295	110.929
12.1955	-0.449039	0.931853	2.53971
12.0374	-0.436893	0.926203	2.72486
11.6469	-0.407329	0.904748	3.07729
10.9171	-0.388594	0.859764	4.09526
9.72444	-0.401534	0.720271	14.642
9.0801	-0.354597	0.666346	21.0662
8.24582	-0.308703	0.600187	28.1602
7.22198	-0.262816	0.522007	40.352
6.94092	-0.226513	0.486468	82.0195
6.73673	-0.228276	0.473917	86.8338
6.20666	-0.208979	0.435047	92.2016
5.13021	-0.168832	0.354522	112.562
11.8224	-0.46757	0.904105	2.67127
11.7304	-0.441346	0.904112	2.82144
11.3375	-0.412989	0.883325	3.31091
10.5517	-0.387449	0.834215	5.08356
10.2903	-0.430874	0.764385	9.50457
9.51408	-0.371527	0.699366	13.9508
8.63733	-0.326185	0.629869	21.0956
7.61771	-0.282028	0.552515	33.5649
6.99076	-0.228848	0.490235	79.606
6.76003	-0.230835	0.47601	82.297
6.18406	-0.209932	0.433671	92.5886
5.06072	-0.168506	0.349679	114.747
11.6035	-0.472839	0.88964	2.80173
11.591	-0.446596	0.894858	2.8286
11.2067	-0.42705	0.874834	3.65601
10.5743	-0.435799	0.784375	8.35742
10.399	-0.38297	0.823893	5.76557
9.69707	-0.377943	0.712518	12.7171
8.79685	-0.330618	0.641377	21.2006
7.78248	-0.286038	0.564509	36.0074
7.00747	-0.229639	0.491497	81.1129
6.7677	-0.231582	0.476702	85.9013
6.17637	-0.210384	0.433207	89.3854
5.03703	-0.168231	0.348035	115.999
12.8722	-0.437968	0.988006	2.49983
12.8722	-0.437968	0.988006	2.49983
12.4111	-0.401091	0.961684	2.87303
11.8276	-0.364528	0.925924	3.47762
8.08517	-0.310145	0.587439	42.1134
8.08517	-0.310145	0.587439	42.1134
6.82264	-0.221356	0.478204	87.036
6.82264	-0.221356	0.478204	87.036
6.77547	-0.249167	0.485055	63.1909
6.50175	-0.204909	0.454573	91.338
5.77736	-0.180319	0.401742	103.11
5.56772	-0.18499	0.389234	96.2527
12.7342	-0.443413	0.97407	2.44286
12.68	-0.437185	0.971479	2.47856
12.093	-0.393721	0.93849	2.95895
11.3991	-0.366551	0.895461	3.67746
8.73355	-0.344441	0.639697	29.1008
8.53268	-0.328628	0.622962	32.7319
7.04262	-0.254119	0.505262	57.2274
7.03704	-0.230801	0.494424	81.7396
7.00796	-0.233269	0.493294	83.0056
6.46841	-0.211534	0.4544	88.0292
5.96764	-0.196029	0.419873	76.4101
5.39644	-0.178192	0.376243	105.033
12.5059	-0.45106	0.953614	2.45677
12.4254	-0.441612	0.950856	2.47996
11.74	-0.398591	0.912824	3.21154
10.9386	-0.370348	0.86243	4.17809
9.39412	-0.381501	0.693128	20.5641
9.02527	-0.352301	0.661854	23.8814
7.45285	-0.269007	0.537393	47.4523
7.20027	-0.237732	0.506819	77.0058
7.14624	-0.243074	0.504884	80.0766
6.37536	-0.212475	0.448553	90.0763
6.3406	-0.218273	0.451819	69.7271
5.19885	-0.171779	0.361526	112.263
12.1948	-0.457923	0.927762	2.45898
12.1326	-0.452952	0.92812	2.64247
11.3877	-0.394658	0.887576	3.45645
10.4861	-0.379702	0.829974	5.36707
10.0313	-0.419863	0.744787	13.5408
9.51038	-0.37539	0.699762	16.53
7.87225	-0.287595	0.569928	31.969
7.31589	-0.242928	0.515608	75.6173
7.24035	-0.250242	0.512906	77.3768
6.76404	-0.240835	0.486383	50.7317
6.29887	-0.212389	0.443397	92.7304
5.04342	-0.168043	0.350184	114.341
11.8589	-0.454125	0.907903	2.70704
11.8244	-0.47917	0.899146	2.71977
11.1028	-0.403148	0.868237	3.63125
10.6038	-0.452205	0.790239	7.71619
10.1193	-0.363707	0.80401	6.76569
9.90831	-0.397509	0.729914	12.0645
8.20666	-0.297445	0.594902	23.7624
7.38511	-0.24587	0.520869	73.28
7.29496	-0.254558	0.517601	76.7189
7.12641	-0.255606	0.51434	38.2405
6.25036	-0.212286	0.440096	92.4645
4.94485	-0.166183	0.34306	110.278
11.7323	-0.457846	0.899369	2.5595
11.5627	-0.492435	0.881826	2.92395
10.9871	-0.412098	0.860762	4.16409
10.9339	-0.459633	0.81338	6.61373
10.0777	-0.40005	0.742074	9.55358
9.96835	-0.35744	0.793774	7.15814
8.34038	-0.303848	0.604475	22.1834
7.40817	-0.246715	0.522621	73.8441
7.31287	-0.255949	0.519147	77.8746
7.27799	-0.263946	0.525377	47.1591
6.23379	-0.212352	0.438968	94.3391
4.91108	-0.165383	0.34063	107.468
12.5917	-0.446388	0.960775	2.40207
12.5917	-0.446388	0.960775	2.40207
11.7738	-0.395084	0.915841	3.21614
10.9502	-0.375567	0.863764	4.15702
9.11396	-0.360398	0.6695	22.7956
9.11396	-0.360398	0.6695	22.7956
7.31194	-0.245844	0.516547	76.7877
7.31194	-0.245844	0.516547	76.7877
6.93113	-0.255407	0.499532	77.5471
6.66897	-0.211407	0.468145	72.6078
5.75791	-0.182181	0.402084	84.3257
5.48316	-0.192625	0.387739	77.4258
12.4125	-0.458043	0.943525	2.38238
12.3894	-0.457082	0.943608	2.36516
11.4306	-0.384917	0.891201	3.59942
10.4767	-0.374144	0.829696	5.31361
9.71213	-0.397358	0.717794	17.5959
9.52077	-0.381212	0.701089	19.2515
7.54311	-0.25588	0.534342	72.7697
7.53816	-0.260288	0.535313	75.0062
7.18405	-0.257246	0.516729	53.1824
6.60038	-0.217565	0.466032	77.1019
5.97662	-0.199921	0.423023	68.0811
5.31622	-0.181348	0.373997	83.7281
12.1487	-0.463122	0.924148	2.54604
12.1455	-0.478712	0.920413	2.42998
11.0994	-0.386729	0.867997	3.78745
10.2974	-0.437287	0.765583	11.6322
10.0192	-0.361969	0.796508	7.26147
9.92308	-0.400749	0.732037	13.7091
7.70466	-0.262986	0.54682	68.9956
7.7011	-0.271501	0.549144	71.3655
7.5291	-0.266035	0.542267	39.4562
6.48453	-0.216485	0.458306	83.0164
6.34059	-0.219038	0.453347	63.9343
5.12282	-0.173199	0.358987	98.9822
11.9195	-0.469062	0.906844	2.51222
11.799	-0.489716	0.892067	2.74587
10.8423	-0.475764	0.81008	6.66104
10.8411	-0.401567	0.850792	4.19489
10.2566	-0.415795	0.757051	9.24388
9.65419	-0.340867	0.770589	8.27686
7.80766	-0.2732	0.56249	26.1862
7.80022	-0.26717	0.554209	67.1082
7.79798	-0.278372	0.557482	69.7346
6.6664	-0.234369	0.478532	43.4984
6.40762	-0.215125	0.452859	86.7055
4.99559	-0.168671	0.349373	103.566
11.8128	-0.478269	0.899533	2.47381
11.4696	-0.502423	0.869721	3.09135
11.239	-0.480918	0.838134	5.11514
10.7393	-0.398955	0.844174	4.85472
10.3994	-0.419425	0.767281	8.14638
9.50585	-0.334982	0.760488	8.85867
7.91781	-0.275657	0.570204	24.0667
7.83187	-0.268419	0.556656	64.9878
7.83001	-0.280655	0.560255	70.6237
6.80416	-0.241961	0.488526	41.5493
6.3811	-0.214863	0.450962	92.052
4.95158	-0.167371	0.346074	108.9
12.2666	-0.473519	0.93012	2.35829
12.2666	-0.473519	0.93012	2.35829
11.1065	-0.379158	0.868561	3.95777
10.024	-0.415292	0.741525	15.1329
10.024	-0.415292	0.741525	15.1329
9.99687	-0.354752	0.794786	7.15403
7.84909	-0.274366	0.5597	69.1586
7.84909	-0.274366	0.5597	69.1586
7.02719	-0.25699	0.506992	73.1521
6.81571	-0.213363	0.480118	54.4597
5.75677	-0.183794	0.403777	77.4563
5.47621	-0.196008	0.391226	97.7005
12.0879	-0.482138	0.914951	2.42067
12.0597	-0.492846	0.910914	2.48519
10.8021	-0.386481	0.847833	4.38648
10.5181	-0.451635	0.78212	9.79589
10.3179	-0.430357	0.763469	10.4703
9.53907	-0.336821	0.761474	9.36512
8.08708	-0.290136	0.580003	67.4123
8.07054	-0.284717	0.577197	65.6051
7.23728	-0.250541	0.519079	41.0877
6.72551	-0.219864	0.476459	69.2213
5.97824	-0.198774	0.42464	65.2966
5.33517	-0.183029	0.378082	100.008
11.9187	-0.495477	0.901791	2.45503
11.7755	-0.506821	0.886014	2.85725
10.9816	-0.49629	0.821263	5.80615
10.5717	-0.391649	0.832581	5.39381
10.5559	-0.443813	0.780749	7.74748
9.17786	-0.326489	0.736001	11.8103
8.23655	-0.300808	0.593034	66.1585
8.20221	-0.290721	0.58764	63.5032
7.46308	-0.253196	0.534468	26.9377
6.6214	-0.217915	0.469142	78.4498
6.26387	-0.212309	0.447087	53.3868
5.1875	-0.174258	0.366053	92.7544
11.8417	-0.502048	0.896288	2.50958
11.4829	-0.509335	0.858092	4.1023
11.3353	-0.516286	0.854346	3.31667
10.6559	-0.449438	0.787742	6.59044
10.483	-0.385338	0.826813	5.75703
9.03225	-0.319401	0.726188	12.1639
8.28732	-0.30458	0.597509	65.5893
8.24582	-0.292696	0.591104	62.3756
7.55274	-0.248982	0.540503	28.6262
6.58445	-0.216337	0.466421	78.2513
6.38836	-0.216986	0.456069	36.4263
5.13467	-0.172371	0.361881	86.592
11.9576	-0.50747	0.901223	2.5412
11.9576	-0.50747	0.901223	2.5412
10.6889	-0.466367	0.79396	8.07043
10.6889	-0.466367	0.79396	8.07043
10.528	-0.387954	0.829408	5.6074
9.08436	-0.322962	0.728558	14.7554
8.37516	-0.304889	0.603371	63.3353
8.37516	-0.304889	0.603371	63.3353
7.05744	-0.247446	0.506319	51.9961
6.92983	-0.216691	0.489458	50.0775
5.76444	-0.183722	0.405839	81.447
5.55582	-0.196173	0.398202	77.2946
11.8703	-0.521138	0.893919	2.56498
11.7803	-0.524042	0.884244	2.8752
11.0126	-0.507784	0.821913	5.81751
10.8018	-0.474621	0.800893	6.42858
10.3247	-0.382979	0.816001	6.7158
8.72732	-0.310585	0.703744	14.7083
8.5798	-0.319816	0.621512	61.276
8.55179	-0.314119	0.617845	60.3633
7.19608	-0.238494	0.512779	30.5347
6.84391	-0.219708	0.485232	65.9514
5.94821	-0.195696	0.422251	62.6468
5.4611	-0.181105	0.387728	78.6532
11.8348	-0.524987	0.891209	2.53083
11.6606	-0.533308	0.872742	3.1836
11.1815	-0.53594	0.837511	4.29815
10.8425	-0.482703	0.803153	5.86367
10.2478	-0.381323	0.811038	6.86726
8.65237	-0.325212	0.628071	61.1798
8.61114	-0.317151	0.622733	59.486
8.5837	-0.307562	0.694312	15.253
7.26922	-0.236131	0.517387	28.2773
6.79736	-0.218438	0.4818	64.567
6.06047	-0.198759	0.430384	47.8959
5.40315	-0.177632	0.382743	59.5821
11.8032	-0.541326	0.88563	2.6791
11.8032	-0.541326	0.88563	2.6791
10.9791	-0.506204	0.816297	6.1479
10.9791	-0.506204	0.816297	6.1479
10.1433	-0.37181	0.804113	7.81897
8.79973	-0.332731	0.640133	59.1718
8.79973	-0.332731	0.640133	59.1718
8.3728	-0.300726	0.679641	19.5104
7.0416	-0.229871	0.500739	54.1148
7.0021	-0.218085	0.495407	58.9086
5.7727	-0.184475	0.407443	64.297
5.69451	-0.186629	0.405295	53.7585
11.8149	-0.550127	0.886571	2.5563
11.7686	-0.549898	0.881646	2.64461
11.0487	-0.521649	0.822716	6.22144
10.9557	-0.510265	0.81304	6.38424
10.0752	-0.370287	0.799764	8.24627
8.8915	-0.340041	0.648626	59.0493
8.87563	-0.337323	0.646639	58.2005
8.22963	-0.299988	0.670548	23.1795
7.08882	-0.225814	0.502594	55.8308
6.96322	-0.218896	0.493221	74.5265
5.8492	-0.186805	0.413798	46.2099
5.662	-0.180211	0.400863	60.2846
11.8048	-0.556573	0.884611	2.46686
11.8048	-0.556573	0.884611	2.46686
10.9937	-0.521363	0.816505	6.9465
10.9937	-0.521363	0.816505	6.9465
10.0105	-0.362834	0.795634	9.0725
8.97534	-0.345574	0.655959	57.9475
8.97534	-0.345574	0.655959	57.9475
8.08611	-0.291713	0.661654	20.4024
7.02684	-0.21859	0.497456	75.2879
7.02684	-0.21859	0.497456	75.2879
5.77609	-0.18199	0.408048	73.5595
5.77609	-0.18199	0.408048	73.5595
12.9656	-0.427901	0.999524	2.57652
12.9656	-0.427901	0.999524	2.57652
12.9656	-0.427901	0.999524	2.57652
12.2281	-0.375955	0.955224	3.1875
7.2018	-0.264645	0.516698	82.5811
7.2018	-0.264645	0.516698	82.5811
7.2018	-0.264645	0.516698	82.5811
6.556	-0.206669	0.457466	92.0384
6.556	-0.206669	0.457466	92.0384
6.556	-0.206669	0.457466	92.0384
5.56423	-0.171341	0.384814	105.816
5.56423	-0.171341	0.384814	105.816
12.9194	-0.438762	0.992489	2.51832
12.7748	-0.421311	0.984378	2.60531
12.7748	-0.421311	0.984378	2.60531
11.8431	-0.366402	0.928088	3.53426
7.89275	-0.302987	0.572499	54.1807
7.44717	-0.27976	0.536848	54.01
7.44717	-0.27976	0.536848	54.01
6.75886	-0.214605	0.472481	79.2892
6.67166	-0.212916	0.466862	86.4163
6.67166	-0.212916	0.466862	86.4163
5.62809	-0.178066	0.39147	103.968
5.31279	-0.16453	0.366698	107.553
12.7773	-0.445005	0.978191	2.48604
12.52	-0.417293	0.964588	2.58306
12.52	-0.417293	0.964588	2.58306
11.401	-0.362525	0.896498	3.77851
8.60952	-0.341075	0.630355	33.6348
7.83042	-0.291337	0.567127	39.9882
7.83042	-0.291337	0.567127	39.9882
6.93161	-0.221742	0.485284	81.6658
6.7343	-0.220508	0.472882	85.8031
6.7343	-0.220508	0.472882	85.8031
5.88058	-0.192933	0.413824	72.481
5.08143	-0.159915	0.350173	97.9787
12.5413	-0.445721	0.957045	2.45647
12.2179	-0.423047	0.941759	2.60813
12.2179	-0.423047	0.941759	2.60813
10.9247	-0.378356	0.862427	4.12244
9.31982	-0.381347	0.687944	21.2522
8.28561	-0.311337	0.602882	31.477
8.28561	-0.311337	0.602882	31.477
7.07013	-0.227398	0.495553	76.0508
6.76309	-0.22649	0.476231	86.946
6.76309	-0.22649	0.476231	86.946
6.26581	-0.215997	0.446631	61.4497
4.88278	-0.156805	0.336088	116.602
12.2178	-0.455817	0.930079	2.48796
11.8999	-0.426794	0.918226	2.88807
11.8999	-0.426794	0.918226	2.88807
10.4544	-0.37601	0.828511	5.46614
9.996	-0.419119	0.742923	13.1734
8.73805	-0.331237	0.637907	20.9423
8.73805	-0.331237	0.637907	20.9423
7.17129	-0.23138	0.50305	76.7367
6.77627	-0.231002	0.478092	85.8819
6.77627	-0.231002	0.478092	85.8819
6.70406	-0.240482	0.482536	50.9796
4.72939	-0.155076	0.325275	121.79
11.8268	-0.483211	0.89996	2.67889
11.6296	-0.429135	0.899147	2.99845
11.6296	-0.429135	0.899147	2.99845
10.604	-0.453938	0.79138	7.50808
10.0701	-0.358761	0.801157	7.16
9.09827	-0.344837	0.664878	18.7771
9.09827	-0.344837	0.664878	18.7771
7.23286	-0.233738	0.507611	74.6221
7.08279	-0.258663	0.511903	45.9713
6.78203	-0.233543	0.479052	82.7239
6.78203	-0.233543	0.479052	82.7239
4.63223	-0.153656	0.318455	125.101
11.5344	-0.491402	0.880766	2.99652
11.5154	-0.434284	0.891689	2.87333
11.5154	-0.434284	0.891689	2.87333
10.9696	-0.459664	0.816752	6.3612
9.91065	-0.352776	0.790283	7.1914
9.24386	-0.352715	0.675317	14.994
9.24386	-0.352715	0.675317	14.994
7.25354	-0.23422	0.50914	73.4786
7.24271	-0.266517	0.523593	49.954
6.78365	-0.234483	0.479353	84.5053
6.78365	-0.234483	0.479353	84.5053
4.59893	-0.153049	0.316124	116.372
12.7797	-0.433422	0.980618	2.47648
12.7797	-0.433422	0.980618	2.47648
12.5691	-0.415941	0.96901	2.66739
11.4174	-0.364229	0.89854	3.85944
8.13707	-0.314697	0.592244	36.7193
8.13707	-0.314697	0.592244	36.7193
7.49742	-0.281672	0.542115	49.6275
6.94326	-0.222505	0.486796	81.0524
6.94326	-0.222505	0.486796	81.0524
6.82178	-0.21562	0.477985	83.6645
5.39305	-0.16811	0.373839	116.236
5.18506	-0.164385	0.359035	101.341
12.6869	-0.443763	0.969482	2.42889
12.5796	-0.430826	0.964453	2.45074
12.3114	-0.415506	0.949927	2.69639
10.9396	-0.368222	0.864793	4.10231
8.84987	-0.351369	0.649503	31.1839
8.45797	-0.325888	0.617246	39.4562
7.70922	-0.289131	0.558525	54.0835
7.16408	-0.230554	0.503105	76.8961
7.10735	-0.232973	0.500405	80.3192
6.90371	-0.222232	0.48532	78.5707
5.49864	-0.178458	0.38461	100.275
4.94252	-0.158231	0.341734	117.799
12.4967	-0.452035	0.951209	2.38472
12.3344	-0.440932	0.94542	2.54479
12.0205	-0.417054	0.928479	2.90373
10.4335	-0.374606	0.828226	5.34277
9.5505	-0.392363	0.706291	22.2232
8.83425	-0.339314	0.646014	28.9476
8.04541	-0.298698	0.583683	41.6874
7.33718	-0.236987	0.515908	71.7423
7.22876	-0.243645	0.511188	76.2427
6.91345	-0.228753	0.487784	83.5113
5.80785	-0.197935	0.411634	76.6831
4.69164	-0.151981	0.323608	129.29
12.2111	-0.467276	0.926309	2.413
12.0729	-0.440729	0.925543	2.72626
11.7293	-0.408972	0.907354	3.05175
10.2146	-0.435425	0.760777	12.6382
9.94059	-0.355585	0.792037	7.96086
9.21327	-0.354246	0.674557	17.9544
8.40525	-0.309303	0.610451	27.4857
7.46207	-0.241775	0.525144	71.1123
7.30819	-0.252045	0.518612	79.321
6.8989	-0.233198	0.487934	85.924
6.19961	-0.219002	0.444099	61.0522
4.49179	-0.147928	0.309264	127.978
11.8509	-0.443458	0.909519	2.67702
11.8343	-0.492012	0.89554	2.75021
11.496	-0.413759	0.891352	3.16156
10.8236	-0.478	0.811006	6.44206
9.54188	-0.33929	0.763429	9.07793
9.51565	-0.366241	0.696718	13.0901
8.69156	-0.319043	0.631216	18.7508
7.5376	-0.244304	0.530726	67.5661
7.35257	-0.257016	0.522887	78.2618
6.88437	-0.235696	0.487563	86.8699
6.55352	-0.235286	0.471669	54.7232
4.3634	-0.145591	0.300089	133.67
11.758	-0.441046	0.903234	2.5708
11.4155	-0.497723	0.86764	3.18985
11.4025	-0.427857	0.885436	3.04266
11.3207	-0.485114	0.845577	5.3352
9.63695	-0.370144	0.705304	11.4816
9.37743	-0.329587	0.752122	10.2542
8.80446	-0.319973	0.639148	17.5207
7.56289	-0.245165	0.532593	69.4174
7.36683	-0.258888	0.524278	77.5111
6.87876	-0.236418	0.487378	89.7885
6.7057	-0.243768	0.482813	56.0176
4.3191	-0.144397	0.29693	136.311
12.5435	-0.448529	0.957139	2.33417
12.5435	-0.448529	0.957139	2.33417
12.0628	-0.413858	0.93212	2.98304
10.4317	-0.369363	0.828596	5.43019
9.11302	-0.36234	0.669685	28.542
9.11302	-0.36234	0.669685	28.542
7.69143	-0.290623	0.558071	69.2571
7.40302	-0.243294	0.522359	73.9766
7.40302	-0.243294	0.522359	73.9766
7.06416	-0.223532	0.49686	73.0038
5.26209	-0.165986	0.366235	105.814
4.89071	-0.166029	0.341638	110.82
12.4118	-0.46633	0.942742	2.356
12.3612	-0.458849	0.942289	2.47935
11.7937	-0.404852	0.912729	3.16211
9.90146	-0.35001	0.789545	8.33692
9.75927	-0.403644	0.722055	20.2039
9.39387	-0.372344	0.69044	22.8803
7.84935	-0.289252	0.568623	46.5259
7.62779	-0.251295	0.539115	68.8199
7.61257	-0.258107	0.540149	71.9536
7.11061	-0.22952	0.501922	73.0395
5.40308	-0.177973	0.380317	102.92
4.67929	-0.158133	0.326316	120.042
12.1873	-0.478648	0.921801	2.3866
12.1658	-0.457277	0.926937	2.5567
11.5361	-0.400718	0.89467	3.19706
10.3674	-0.445974	0.772378	11.772
9.66791	-0.384261	0.710091	15.2476
9.39066	-0.334459	0.75172	11.1588
8.10111	-0.293137	0.585584	28.8537
7.78647	-0.257205	0.55096	66.5938
7.76965	-0.271022	0.554111	72.9225
7.08025	-0.234194	0.501442	80.3417
5.73011	-0.199004	0.408213	66.8795
4.44763	-0.14901	0.309034	123.156
12.0029	-0.462791	0.914958	2.44639
11.8816	-0.501028	0.895081	2.7924
11.3394	-0.407818	0.881698	3.34003
10.9092	-0.495454	0.818665	5.97998
9.88332	-0.387058	0.725083	10.6753
8.98061	-0.315204	0.722202	12.7248
8.31527	-0.294429	0.600102	19.1686
7.8812	-0.260338	0.558031	64.4619
7.86483	-0.27965	0.562848	73.1825
7.04509	-0.236789	0.499746	83.8656
6.05291	-0.214227	0.43357	59.0444
4.29102	-0.144896	0.297483	134.748
11.9364	-0.463339	0.910371	2.36475
11.619	-0.51533	0.870082	3.99525
11.2636	-0.424472	0.877072	3.33745
11.2515	-0.509681	0.850672	3.41571
9.96839	-0.392437	0.730843	9.37933
8.81209	-0.310879	0.710651	13.8164
8.39956	-0.296244	0.60573	18.9835
7.91272	-0.261663	0.560385	64.313
7.8965	-0.28266	0.565799	70.9183
7.03139	-0.237371	0.499006	80.6527
6.19577	-0.219686	0.444015	53.5578
4.23619	-0.142841	0.293454	133.701
12.3002	-0.471835	0.932747	2.38798
12.3002	-0.471835	0.932747	2.38798
11.5563	-0.399131	0.896323	3.37692
9.94201	-0.408602	0.734742	16.0411
9.94201	-0.408602	0.734742	16.0411
9.35234	-0.334845	0.748747	11.183
7.90671	-0.269035	0.562455	65.1975
7.90671	-0.269035	0.562455	65.1975
7.76001	-0.285632	0.561697	53.4829
7.2688	-0.229806	0.512866	56.2287
5.16862	-0.165373	0.361486	100.67
4.73021	-0.166381	0.334909	115.418
12.1835	-0.474971	0.923178	2.35074
12.1602	-0.49214	0.91802	2.32176
11.3368	-0.399328	0.881664	3.57313
10.4474	-0.449828	0.776786	10.4998
10.0917	-0.413143	0.744011	11.7439
8.82729	-0.310511	0.709762	14.8717
8.13868	-0.286421	0.582776	66.2605
8.11304	-0.276828	0.578152	62.3312
7.85052	-0.279293	0.565397	34.0224
7.28125	-0.23403	0.515548	65.1236
5.33007	-0.178034	0.377129	78.3577
4.5782	-0.157387	0.322967	128.56
12.0918	-0.484143	0.91638	2.25954
11.9725	-0.518896	0.900362	2.6536
11.1752	-0.408948	0.871492	3.71537
10.8613	-0.496103	0.812814	6.50737
10.1946	-0.418663	0.749676	8.82012
8.40701	-0.296162	0.679528	16.3427
8.29251	-0.299461	0.596784	66.7537
8.23519	-0.28136	0.587458	61.9737
7.99158	-0.271821	0.57335	21.9534
7.23329	-0.236949	0.5133	77.4625
5.60988	-0.192404	0.399722	68.9309
4.41246	-0.149726	0.309906	112.972
12.0563	-0.495077	0.914001	2.24177
11.8577	-0.535807	0.889535	2.97025
11.1146	-0.424444	0.86787	3.90547
11.0526	-0.527986	0.830454	4.73041
10.2322	-0.422724	0.75158	7.90228
8.3464	-0.304108	0.601804	65.5536
8.27564	-0.283142	0.590541	59.628
8.23409	-0.293476	0.667737	18.5341
8.05144	-0.276136	0.576918	18.2341
7.21144	-0.237224	0.512004	80.7738
5.74267	-0.196576	0.409434	73.5692
4.35092	-0.147027	0.305158	123.014
12.1403	-0.506917	0.915874	2.25456
12.1403	-0.506917	0.915874	2.25456
11.1559	-0.403537	0.870234	3.9235
10.4616	-0.449592	0.77474	9.1701
10.4616	-0.449592	0.77474	9.1701
8.40429	-0.297991	0.603563	63.3194
8.40429	-0.297991	0.603563	63.3194
8.28984	-0.290889	0.669903	19.3573
7.70879	-0.269296	0.553619	44.5509
7.4238	-0.23142	0.52502	55.2552
5.10761	-0.164925	0.358866	93.1667
4.7461	-0.167274	0.339571	126.094
12.1303	-0.519323	0.915173	2.17236
12.0694	-0.534432	0.907553	2.36759
11.0257	-0.418665	0.862288	4.31478
10.734	-0.485704	0.798558	8.29587
10.4391	-0.452051	0.769767	8.57816
8.6139	-0.315142	0.62271	61.4449
8.56339	-0.304672	0.616067	60.2034
7.85764	-0.279321	0.639101	22.5366
7.74314	-0.261119	0.552828	35.8422
7.41053	-0.23633	0.525495	58.9594
5.2599	-0.173488	0.372734	70.9333
4.67231	-0.158504	0.331922	92.1055
12.1277	-0.524642	0.915089	2.17389
12.0317	-0.541299	0.903412	2.36741
10.9776	-0.417956	0.859383	4.68601
10.8398	-0.502271	0.808263	8.32689
10.4237	-0.45006	0.767151	8.76636
8.69196	-0.322132	0.630079	61.8334
8.61627	-0.307033	0.620232	58.7386
7.78231	-0.260094	0.554567	33.8948
7.67814	-0.273231	0.627076	25.5202
7.38283	-0.236545	0.523875	65.2914
5.38077	-0.179381	0.38171	84.5457
4.61317	-0.154615	0.326786	96.9793
12.1383	-0.542869	0.912868	2.12632
12.1383	-0.542869	0.912868	2.12632
10.9183	-0.416204	0.855715	5.0828
10.5998	-0.471744	0.783589	9.84883
10.5998	-0.471744	0.783589	9.84883
8.81298	-0.32528	0.638977	59.2121
8.81298	-0.32528	0.638977	59.2121
7.60501	-0.248033	0.541189	55.2855
7.52038	-0.232878	0.532629	63.5047
7.40969	-0.269276	0.607788	27.5716
5.07368	-0.163677	0.35764	68.3492
4.92344	-0.164424	0.351202	75.0325
12.1628	-0.542301	0.914738	2.04244
12.1375	-0.538036	0.911556	2.07295
10.8788	-0.412337	0.853299	5.25796
10.6567	-0.475292	0.788613	11.1615
10.5399	-0.466425	0.776842	12.1382
8.91077	-0.334447	0.648343	59.6848
8.88035	-0.328939	0.644521	58.6236
7.61168	-0.240296	0.540197	60.7372
7.50736	-0.234139	0.532216	68.1493
7.21981	-0.262437	0.595668	35.2711
5.145	-0.166449	0.363599	71.0343
4.91432	-0.161941	0.348323	67.7277
12.173	-0.534046	0.914199	1.96621
12.173	-0.534046	0.914199	1.96621
10.8424	-0.408385	0.851067	5.50588
10.5789	-0.467765	0.780095	15.2662
10.5789	-0.467765	0.780095	15.2662
8.98588	-0.338924	0.654689	59.1889
8.98588	-0.338924	0.654689	59.1889
7.55317	-0.23353	0.535224	68.6544
7.55317	-0.23353	0.535224	68.6544
7.02239	-0.259113	0.583655	55.9768
5.06286	-0.165293	0.357301	54.6559
5.06286	-0.165293	0.357301	54.6559
12.6313	-0.433603	0.969051	2.49035
12.6313	-0.433603	0.969051	2.49035
12.6313	-0.433603	0.969051	2.49035
10.9429	-0.359846	0.865822	4.19763
8.24147	-0.319802	0.601037	46.454
8.24147	-0.319802	0.601037	46.454
8.24147	-0.319802	0.601037	46.454
7.1036	-0.225852	0.498619	75.157
7.1036	-0.225852	0.498619	75.1569
7.1036	-0.225852	0.498619	75.1569
5.0117	-0.155919	0.346255	111.251
5.0117	-0.155919	0.346255	111.251
12.5953	-0.445439	0.961684	2.40161
12.4372	-0.436032	0.954301	2.50621
12.4372	-0.436032	0.954301	2.50621
10.4202	-0.37778	0.828627	6.05307
8.97617	-0.357538	0.65965	32.1502
8.4165	-0.324737	0.614379	47.4786
8.4165	-0.324737	0.614379	47.4786
7.34152	-0.233605	0.516038	71.4534
7.25521	-0.232492	0.510754	74.0481
7.25521	-0.232492	0.510754	74.0481
5.05997	-0.161616	0.352104	112.852
4.6507	-0.146014	0.320265	129.301
12.4609	-0.459436	0.947031	2.3465
12.2147	-0.435129	0.937515	2.68431
12.2147	-0.435129	0.937515	2.68431
9.87377	-0.348449	0.788225	9.11714
9.67672	-0.398957	0.716358	23.997
8.6572	-0.330269	0.631621	30.6994
8.6572	-0.330269	0.631621	30.6994
7.53107	-0.240324	0.529907	67.9972
7.36487	-0.242397	0.520729	75.751
7.36487	-0.242397	0.520729	75.751
5.29653	-0.177067	0.373327	86.7206
4.33111	-0.138519	0.297352	131.739
12.2315	-0.472841	0.92554	2.38817
11.9929	-0.430665	0.921172	2.77695
11.9929	-0.430665	0.921172	2.77695
10.3222	-0.444462	0.769761	12.5325
9.34582	-0.332859	0.748959	11.0326
8.91872	-0.335573	0.649865	20.2728
8.91872	-0.335573	0.649865	20.2728
7.66886	-0.244805	0.539977	68.3492
7.43007	-0.251625	0.527505	76.6871
7.43007	-0.251625	0.527505	76.6871
5.64415	-0.196181	0.402577	63.445
4.07685	-0.133185	0.279171	137.289
11.9207	-0.505991	0.898431	2.6345
11.8186	-0.433165	0.909026	2.67801
11.8186	-0.433165	0.909026	2.67801
10.8871	-0.495256	0.818089	5.99066
9.12875	-0.339868	0.664203	14.5519
9.12875	-0.339868	0.664203	14.5519
8.91978	-0.313606	0.718099	13.451
7.75248	-0.247348	0.546086	62.7946
7.46275	-0.257761	0.531263	78.1454
7.46275	-0.257761	0.531263	78.1454
5.98038	-0.214303	0.429	59.9688
3.91178	-0.129942	0.267386	164.348
11.7504	-0.428795	0.904477	2.62644
11.7504	-0.428795	0.904477	2.62644
11.6647	-0.514012	0.874164	4.07131
11.2285	-0.510372	0.84994	3.39724
9.21095	-0.342507	0.669693	13.029
9.21095	-0.342507	0.669693	13.029
8.74363	-0.303816	0.705952	11.917
7.78052	-0.248469	0.548132	65.0169
7.47255	-0.259864	0.532455	80.1701
7.47255	-0.259864	0.532455	80.1701
6.12978	-0.220948	0.439957	69.2925
3.8544	-0.128888	0.263293	137.956
12.4685	-0.454469	0.951507	2.44387
12.4685	-0.454469	0.951507	2.44387
12.2634	-0.43337	0.941666	2.69439
9.85732	-0.355245	0.787549	8.07118
9.11368	-0.362276	0.669709	32.8799
9.11368	-0.362276	0.669709	32.8799
8.42956	-0.324577	0.61521	52.9127
7.53909	-0.241501	0.531465	67.7226
7.53909	-0.241501	0.531465	67.7226
7.4093	-0.234353	0.521947	67.0795
4.75808	-0.150551	0.329864	103.359
4.46655	-0.144815	0.308824	142.875
12.4073	-0.465237	0.941817	2.37877
12.3219	-0.450762	0.940028	2.53335
12.075	-0.42799	0.928033	2.79799
9.76663	-0.402419	0.722416	22.6632
9.27541	-0.32831	0.743972	12.3955
9.26001	-0.363402	0.679225	25.4899
8.51357	-0.323987	0.619945	38.9309
7.76031	-0.248725	0.547641	63.3647
7.72435	-0.253612	0.547119	66.0235
7.52406	-0.240436	0.531546	68.9037
4.83754	-0.157981	0.338809	101.844
4.15649	-0.136006	0.286827	145.596
12.2633	-0.479807	0.926432	2.30079
12.1787	-0.452477	0.929333	2.53036
11.8978	-0.422766	0.915614	2.84061
10.3455	-0.445772	0.770466	12.7588
9.4019	-0.363266	0.687534	17.7479
8.7168	-0.307543	0.702079	16.7123
8.64764	-0.318307	0.627321	25.4373
7.91923	-0.253712	0.559264	64.602
7.87048	-0.267023	0.560497	69.5503
7.58349	-0.249168	0.537984	72.1031
5.12034	-0.175624	0.363355	86.095
3.85981	-0.127599	0.265359	145.379
12.0715	-0.513497	0.908558	2.43708
12.0705	-0.453273	0.921678	2.3691
11.7666	-0.427529	0.906938	2.81505
10.8029	-0.493759	0.810149	7.0666
9.51092	-0.363942	0.693476	11.9195
8.7703	-0.314999	0.634158	14.7913
8.26621	-0.288902	0.669211	17.3075
8.01509	-0.256735	0.566271	59.9306
7.96178	-0.277417	0.569412	71.6039
7.60544	-0.256152	0.541262	74.9157
5.4305	-0.192187	0.388023	69.3591
3.65975	-0.122709	0.250899	150.116
12.0295	-0.448722	0.918847	2.32605
11.9573	-0.540018	0.898148	2.94256
11.7173	-0.424795	0.903844	2.72057
11.0063	-0.526672	0.828781	4.79658
9.5527	-0.366541	0.695672	10.5997
8.81973	-0.313313	0.636925	13.3463
8.07904	-0.282772	0.656196	22.4162
8.04713	-0.257891	0.568614	60.3344
7.99255	-0.281321	0.572522	74.2063
7.61033	-0.258302	0.542219	78.0246
5.57497	-0.198485	0.398637	57.6847
3.5892	-0.120504	0.2458	165.497
12.347	-0.469197	0.936637	2.35499
12.347	-0.469197	0.936637	2.35499
11.9296	-0.420907	0.918258	2.8597
9.81769	-0.399644	0.724078	17.3745
9.81769	-0.399644	0.724078	17.3745
8.66228	-0.305193	0.69772	18.3732
8.42964	-0.316051	0.61214	38.5858
7.99773	-0.26219	0.567278	63.4899
7.99773	-0.26219	0.567278	63.4899
7.66216	-0.24052	0.541319	63.954
4.55796	-0.146741	0.317643	108.739
4.0756	-0.137667	0.284967	127.519
12.3047	-0.488838	0.929021	2.16274
12.2923	-0.474579	0.932546	2.28013
11.7979	-0.420599	0.909774	2.94927
10.2913	-0.43739	0.763345	12.0476
9.83396	-0.395221	0.722044	12.5244
8.42338	-0.307582	0.608604	28.197
8.21112	-0.279079	0.586152	64.0791
8.19039	-0.268316	0.581516	61.6915
8.07576	-0.284572	0.653429	21.3913
7.73767	-0.245818	0.548115	63.1282
4.66945	-0.155793	0.329176	116.965
3.85601	-0.131882	0.269391	134.414
12.2544	-0.478408	0.930041	2.16007
12.231	-0.523765	0.920661	2.14469
11.704	-0.428267	0.904113	2.99826
10.6295	-0.476375	0.792617	9.69369
9.82929	-0.395856	0.718499	10.9855
8.46244	-0.302624	0.608358	20.9136
8.36361	-0.293969	0.600503	67.1932
8.30521	-0.27207	0.590006	57.831
7.75619	-0.252904	0.551277	72.0006
7.60066	-0.27058	0.618598	25.4315
4.93564	-0.171112	0.351019	84.4242
3.64888	-0.123883	0.253929	157.757
12.2408	-0.48068	0.929214	2.07519
12.1916	-0.543658	0.916708	2.18014
11.6696	-0.432137	0.902177	2.9019
10.7581	-0.49116	0.80422	9.15545
9.82411	-0.395617	0.71671	10.7828
8.48455	-0.302027	0.608782	18.7899
8.41978	-0.300203	0.606014	67.8164
8.34338	-0.273302	0.592829	57.595
7.75651	-0.255607	0.552017	74.8006
7.40129	-0.263532	0.604748	22.0086
5.07345	-0.177063	0.361185	98.7472
3.57157	-0.121336	0.248186	176.04
12.3462	-0.497326	0.932283	2.01122
12.3462	-0.497326	0.932283	2.01122
11.7076	-0.424537	0.90472	3.16434
10.1849	-0.429298	0.750994	11.3815
10.1849	-0.429298	0.750994	11.3815
8.45155	-0.287631	0.604323	59.9759
8.45155	-0.287631	0.604323	59.9759
8.27588	-0.292898	0.595321	30.8864
7.85099	-0.244149	0.555817	58.9945
7.4616	-0.262866	0.606826	29.2603
4.41435	-0.142735	0.30938	110.455
3.93994	-0.138794	0.28038	149.282
12.3764	-0.505223	0.934915	1.90109
12.3614	-0.526463	0.930685	1.8708
11.6436	-0.435071	0.901413	3.19693
10.4188	-0.449094	0.770971	12.4713
10.0723	-0.420017	0.738153	14.3533
8.65631	-0.306497	0.623386	61.4383
8.59429	-0.292693	0.61513	57.3039
8.22693	-0.280854	0.588426	37.3183
7.88768	-0.248985	0.559664	63.8556
6.95769	-0.247205	0.569851	35.6733
4.53883	-0.151654	0.321085	114.219
3.84916	-0.132344	0.272964	144.014
12.3874	-0.512914	0.935955	1.8333
12.3625	-0.529702	0.929712	1.83843
11.6204	-0.440289	0.900287	3.05588
10.5018	-0.453825	0.778223	12.5613
10.0209	-0.412571	0.732163	16.7116
8.73821	-0.315245	0.631413	62.1093
8.6416	-0.294368	0.618714	57.6185
8.22627	-0.273814	0.586805	49.6225
7.8859	-0.252184	0.560335	66.3996
6.74159	-0.241893	0.554989	45.8677
4.66528	-0.158131	0.330606	86.2647
3.78206	-0.12802	0.267445	138.925
12.4446	-0.52153	0.93703	1.71231
12.4446	-0.52153	0.93703	1.71231
11.5995	-0.445267	0.899525	3.30613
10.2261	-0.428392	0.750802	18.6924
10.2261	-0.428392	0.750802	18.6924
8.83352	-0.314204	0.637335	58.8707
8.83352	-0.314204	0.637335	58.8707
8.08896	-0.262191	0.576187	58.8433
7.96759	-0.245766	0.564802	63.9161
6.41632	-0.235484	0.530623	51.983
4.32821	-0.141239	0.304673	102.925
4.10035	-0.141126	0.293431	105.277
12.4731	-0.519294	0.939205	1.67319
12.4664	-0.516461	0.937393	1.695
11.5833	-0.452357	0.898848	3.28347
10.279	-0.430347	0.755164	19.8867
10.1402	-0.413155	0.741414	25.3401
8.93502	-0.32498	0.647336	59.8954
8.89277	-0.316888	0.642014	58.2085
8.06294	-0.252781	0.572701	63.0641
7.97513	-0.248002	0.565896	65.2826
6.17405	-0.229298	0.514782	52.0507
4.39477	-0.1445	0.310292	87.3554
4.10962	-0.138254	0.29198	109.77
12.5012	-0.510354	0.939946	1.66724
12.5012	-0.510354	0.939946	1.66724
11.5695	-0.454622	0.898301	3.36877
10.1802	-0.41263	0.744465	27.5723
10.1802	-0.41263	0.744465	27.5723
9.00163	-0.328499	0.652772	59.3764
9.00163	-0.328499	0.652772	59.3764
8.00701	-0.24635	0.567851	65.8038
8.00701	-0.24635	0.567851	65.8038
5.90997	-0.220608	0.498798	64.6008
4.29953	-0.142175	0.303153	72.9323
4.29953	-0.142175	0.303153	72.9323
12.3748	-0.454678	0.944525	2.54713
12.3748	-0.454678	0.944525	2.54713
12.3748	-0.454678	0.944525	2.54713
9.24345	-0.321318	0.741999	13.6417
9.11867	-0.362014	0.669223	31.3152
9.11867	-0.362014	0.669223	31.3152
9.11867	-0.362014	0.669223	31.3152
7.69886	-0.242989	0.542987	63.4433
7.69886	-0.242989	0.542987	63.4433
7.69886	-0.242989	0.542987	63.4433
4.26613	-0.135883	0.29443	131.61
4.26613	-0.135883	0.29443	131.61
12.4019	-0.468941	0.94123	2.35527
12.2746	-0.451755	0.937316	2.54245
12.2746	-0.451755	0.937316	2.54245
9.7335	-0.396302	0.718424	22.5178
9.13023	-0.356418	0.667951	26.2874
9.13023	-0.356418	0.667951	26.2874
8.61438	-0.30066	0.694418	16.6318
7.92849	-0.249902	0.559662	60.5668
7.85689	-0.249668	0.555632	64.2243
7.85689	-0.249668	0.555632	64.2243
4.30518	-0.139907	0.299909	148.161
3.81399	-0.12285	0.26191	148.551
12.3599	-0.48312	0.933433	2.1536
12.1834	-0.452344	0.931114	2.4611
12.1834	-0.452344	0.931114	2.4611
10.2441	-0.435715	0.760542	14.4557
9.14759	-0.348379	0.666013	19.2553
9.14759	-0.348379	0.666013	19.2553
8.09487	-0.255078	0.571733	58.961
8.01222	-0.282538	0.648717	25.2541
7.98818	-0.261224	0.567533	65.9687
7.98818	-0.261224	0.567533	65.9687
4.53268	-0.152995	0.320181	110.556
3.43884	-0.112013	0.23492	161.282
12.2853	-0.512111	0.924905	2.07009
12.1188	-0.445332	0.926865	2.35745
12.1188	-0.445332	0.926865	2.35745
10.6036	-0.472631	0.791489	9.30173
9.16461	-0.346199	0.664161	15.0557
9.16461	-0.346199	0.664161	15.0557
8.19564	-0.257947	0.57904	56.7479
8.07359	-0.27258	0.576244	68.6233
8.07359	-0.27258	0.576244	68.6233
7.52362	-0.265104	0.612635	26.0193
4.82195	-0.169821	0.343489	90.4325
3.1855	-0.105808	0.216665	188.335
12.2452	-0.548666	0.921184	2.13946
12.0953	-0.443229	0.925337	2.37738
12.0953	-0.443229	0.925337	2.37738
10.7392	-0.488469	0.803664	9.23189
9.17188	-0.344998	0.663393	13.379
9.17188	-0.344998	0.663393	13.379
8.22939	-0.258986	0.581485	56.8455
8.10297	-0.277179	0.579466	70.7466
8.10297	-0.277179	0.579466	70.7466
7.31809	-0.257727	0.598201	34.5454
4.96584	-0.176781	0.354104	99.5389
3.09519	-0.103641	0.210145	207.434
12.3976	-0.473132	0.941206	2.29696
12.3976	-0.473132	0.941206	2.29696
12.2249	-0.450891	0.934595	2.47347
9.66484	-0.388355	0.710402	18.0581
9.66484	-0.388355	0.710402	18.0581
9.01523	-0.344885	0.656964	25.9198
8.11528	-0.257218	0.574392	59.6332
8.11528	-0.257218	0.574392	59.6332
7.99075	-0.249431	0.565082	60.2327
7.94175	-0.279569	0.643004	28.0045
3.94378	-0.126704	0.273589	137.93
3.59022	-0.119335	0.247991	135.398
12.4569	-0.488022	0.941056	1.99477
12.3949	-0.479338	0.941584	2.16239
12.1805	-0.448205	0.932276	2.43441
10.0864	-0.417903	0.744824	12.7546
9.57407	-0.380743	0.699704	16.3651
8.92467	-0.332892	0.646769	23.2584
8.30039	-0.262791	0.587843	58.2564
8.2974	-0.270257	0.590212	61.9892
8.1058	-0.255678	0.574631	60.4169
7.29828	-0.257922	0.593637	32.1742
4.01188	-0.133682	0.281678	109.125
3.2455	-0.108185	0.223656	142.969
12.4743	-0.505801	0.939397	1.77987
12.3936	-0.473431	0.941838	2.0094
12.1495	-0.446437	0.930763	2.41949
10.3617	-0.441922	0.768061	13.0054
9.48842	-0.368565	0.689261	19.7788
8.86652	-0.322291	0.638735	27.5081
8.4406	-0.285551	0.603878	63.5736
8.41183	-0.265882	0.595941	56.8828
8.18382	-0.265584	0.582529	66.6373
6.77098	-0.240309	0.554199	33.2015
4.26074	-0.146895	0.302352	141.15
2.96326	-0.0997348	0.203198	202.536
12.4759	-0.525016	0.938653	1.67904
12.3932	-0.467756	0.941877	1.98216
12.1383	-0.446179	0.930244	2.47077
10.4584	-0.449666	0.77642	12.2928
9.45091	-0.362097	0.684508	21.8839
8.84642	-0.31561	0.635496	32.3497
8.49774	-0.293001	0.609727	65.478
8.44905	-0.266995	0.598645	56.6356
8.2115	-0.271235	0.585776	69.7611
6.54495	-0.234771	0.538161	38.4893
4.40207	-0.1551	0.31283	124.052
2.85875	-0.0969785	0.195605	205.153
12.5373	-0.491494	0.947593	1.82807
12.5373	-0.491494	0.947593	1.82807
12.1734	-0.452551	0.933073	2.4802
9.90122	-0.406205	0.726164	17.3516
9.90122	-0.406205	0.726164	17.3516
8.74978	-0.31781	0.630697	35.4555
8.51555	-0.276981	0.606252	57.8225
8.51555	-0.276981	0.606252	57.8225
8.20682	-0.253415	0.581482	61.1587
6.61271	-0.236753	0.540499	39.6965
3.69904	-0.120735	0.258381	178.628
3.19387	-0.110965	0.224619	202.369
12.6181	-0.492251	0.950245	1.57555
12.5898	-0.492009	0.951819	1.68949
12.1665	-0.458806	0.933618	2.4645
10.1075	-0.418225	0.74314	15.4854
9.7307	-0.378793	0.708256	29.1031
8.70278	-0.294998	0.623721	60.1742
8.64553	-0.280979	0.615819	56.3511
8.63636	-0.294154	0.618704	50.4335
8.27674	-0.258992	0.587684	64.9684
6.04022	-0.218544	0.497227	45.1492
3.79824	-0.127922	0.268216	137.61
3.03061	-0.1044	0.213231	188.598
12.6441	-0.492629	0.950923	1.49205
12.6079	-0.486046	0.953212	1.61458
12.1638	-0.45953	0.933799	2.47368
10.1781	-0.420432	0.748991	14.5556
9.65296	-0.36459	0.699656	35.4797
8.78592	-0.305165	0.632096	61.8805
8.68872	-0.282242	0.619	56.1442
8.59622	-0.282251	0.613653	56.7405
8.30255	-0.26464	0.590755	67.0918
5.78642	-0.210729	0.479226	66.6776
3.93019	-0.134345	0.278212	112.401
2.93884	-0.10034	0.206308	199.43
12.7073	-0.481735	0.956909	1.47081
12.7073	-0.481735	0.956909	1.47081
12.1744	-0.469996	0.935397	2.43757
9.88104	-0.384296	0.720115	31.2169
9.88104	-0.384296	0.720115	31.2169
8.85963	-0.300691	0.635627	57.8186
8.85963	-0.300691	0.635627	57.8186
8.48993	-0.274296	0.605343	60.4205
8.33951	-0.256155	0.591588	65.3468
5.40813	-0.199836	0.449477	69.7733
3.54558	-0.118211	0.249181	135.929
3.24248	-0.113113	0.232595	200.459
12.7465	-0.475782	0.958375	1.43287
12.7375	-0.479178	0.959164	1.42934
12.1765	-0.473644	0.936005	2.41765
9.93204	-0.386601	0.724154	31.2208
9.77527	-0.365985	0.708736	39.7631
8.9613	-0.312792	0.645842	59.3438
8.9118	-0.30266	0.639591	57.5225
8.43828	-0.263251	0.599765	63.6995
8.36305	-0.259202	0.593922	65.6138
5.10846	-0.191303	0.428984	135.671
3.60857	-0.121199	0.254579	112.487
3.25605	-0.111011	0.23206	167.472
12.7808	-0.472616	0.960922	1.41584
12.7808	-0.472616	0.960922	1.41584
12.1803	-0.481955	0.936768	2.35524
9.81623	-0.366663	0.711765	40.401
9.81623	-0.366663	0.711765	40.401
9.02018	-0.315447	0.650481	58.8996
9.02018	-0.315447	0.650481	58.8996
8.38425	-0.257014	0.595006	65.2789
8.38425	-0.257014	0.595006	65.2789
4.76176	-0.182689	0.407657	174.527
3.49322	-0.117365	0.246104	113.853
3.49322	-0.117365	0.246104	113.853
12.4442	-0.480837	0.94569	2.18269
12.4442	-0.480837	0.94569	2.18269
12.4442	-0.480837	0.94569	2.18269
9.49788	-0.372486	0.694743	17.3721
9.49788	-0.372486	0.694743	17.3721
9.49788	-0.372486	0.694743	17.3721
8.25051	-0.256802	0.583859	58.5529
8.25051	-0.256802	0.583859	58.5529
8.25051	-0.256802	0.583859	58.5529
7.21294	-0.254101	0.586564	32.5102
3.35504	-0.109897	0.231345	130.644
3.35504	-0.109897	0.231345	130.644
12.5923	-0.488731	0.951974	1.81757
12.4809	-0.481143	0.949242	1.98852
12.4809	-0.481143	0.949242	1.98852
9.85984	-0.403626	0.723792	16.1241
9.33259	-0.359331	0.678353	24.8856
9.33259	-0.359331	0.678353	24.8856
8.43831	-0.262093	0.597429	54.9285
8.3912	-0.26336	0.595269	59.3953
8.3912	-0.26336	0.595269	59.3953
6.51493	-0.232803	0.532214	40.682
3.39639	-0.112836	0.237219	192.403
2.83828	-0.0933301	0.194164	178.459
12.6765	-0.482058	0.954607	1.56664
12.5042	-0.470474	0.951366	1.963
12.5042	-0.470474	0.951366	1.963
10.0851	-0.413185	0.742208	13.7485
9.19368	-0.33377	0.663538	40.1192
9.19368	-0.33377	0.663538	40.1192
8.55189	-0.265553	0.605635	54.9102
8.5147	-0.275652	0.606818	62.1043
8.5147	-0.275652	0.606818	62.1043
5.93465	-0.214287	0.487968	46.2001
3.61695	-0.125281	0.255941	188.278
2.46611	-0.0831104	0.167245	191.829
12.7037	-0.475974	0.955209	1.41796
12.5122	-0.468178	0.9521	1.96855
12.5122	-0.468178	0.9521	1.96855
10.1617	-0.413943	0.748528	13.5455
9.13253	-0.32047	0.656521	46.3931
9.13253	-0.32047	0.656521	46.3931
8.5899	-0.266442	0.608379	55.6768
8.57061	-0.284058	0.612688	63.9883
8.57061	-0.284058	0.612688	63.9883
5.67891	-0.205064	0.469512	55.0116
3.76089	-0.132018	0.266659	129.581
2.32691	-0.0780116	0.157125	238.396
12.6967	-0.485374	0.960279	1.63498
12.6967	-0.485374	0.960279	1.63498
12.5449	-0.47637	0.95493	1.90584
9.63301	-0.37325	0.701987	27.9151
9.63301	-0.37325	0.701987	27.9151
9.12409	-0.331064	0.659018	41.8707
8.59533	-0.269014	0.610052	57.5393
8.59533	-0.269014	0.610052	57.5393
8.48755	-0.261252	0.601732	59.6781
5.76127	-0.209892	0.47265	61.0843
2.9844	-0.0986419	0.207426	210.373
2.60484	-0.0877465	0.180155	266.015
12.8265	-0.457397	0.965629	1.42688
12.762	-0.468567	0.965164	1.52194
12.5841	-0.477854	0.958514	1.89777
9.81678	-0.383345	0.716592	26.6407
9.43452	-0.342242	0.681914	42.5575
8.96238	-0.304949	0.642928	53.6959
8.7497	-0.282715	0.624112	59.8982
8.71809	-0.272343	0.618947	55.9149
8.57927	-0.26739	0.609543	60.9237
5.12068	-0.189174	0.422893	61.4762
3.06139	-0.104351	0.21571	180.601
2.28982	-0.078465	0.158151	234.831
12.8699	-0.431651	0.966963	1.34287
12.7842	-0.461338	0.96674	1.50251
12.5972	-0.479703	0.95977	1.89075
9.87861	-0.387258	0.721531	25.2312
9.33939	-0.325133	0.671663	49.2982
8.88815	-0.290009	0.63483	57.286
8.82979	-0.293662	0.632271	61.4034
8.75907	-0.27353	0.621917	56.4888
8.6297	-0.275002	0.614786	63.8361
4.82551	-0.177398	0.401302	79.8922
3.20108	-0.110732	0.226327	169.117
2.14385	-0.0733155	0.147582	305.987
12.9185	-0.435292	0.972166	1.33499
12.9185	-0.435292	0.972166	1.33499
12.6322	-0.483995	0.962967	1.82952
9.5819	-0.348247	0.693222	41.3235
9.5819	-0.348247	0.693222	41.3235
8.89012	-0.287143	0.634457	57.7634
8.89012	-0.287143	0.634457	57.7634
8.805	-0.283807	0.628345	60.4717
8.6326	-0.264451	0.612711	63.4372
4.40101	-0.164625	0.366296	130.642
2.73852	-0.0920541	0.19202	233.378
2.38319	-0.0835024	0.170368	266.056
12.9709	-0.414544	0.974166	1.29795
12.9495	-0.421024	0.974258	1.30731
12.6483	-0.484015	0.964472	1.79882
9.6315	-0.350504	0.697041	40.9019
9.46449	-0.328536	0.680812	49.9093
8.98633	-0.299568	0.644168	60.2161
8.93683	-0.288634	0.637899	56.9764
8.73409	-0.271782	0.621114	62.3066
8.66811	-0.268182	0.616016	63.6163
4.03862	-0.151915	0.340108	159.308
2.8006	-0.0964998	0.197438	161.392
2.36743	-0.0817253	0.16889	264.731
13.0049	-0.409702	0.976589	1.27277
13.0049	-0.409702	0.976589	1.27277
12.6653	-0.486628	0.966061	1.76247
9.50637	-0.329808	0.683873	50.356
9.50637	-0.329808	0.683873	50.356
9.03868	-0.301608	0.648158	59.8758
9.03868	-0.301608	0.648158	59.8758
8.68142	-0.265621	0.61642	63.8193
8.68142	-0.265621	0.61642	63.8193
3.58881	-0.139986	0.311013	230.759
2.65162	-0.0902716	0.186685	221.397
2.65162	-0.0902716	0.186685	221.397
12.8152	-0.461838	0.969351	1.48922
12.8152	-0.461838	0.969351	1.48922
12.8152	-0.461838	0.969351	1.48922
9.39436	-0.341973	0.679668	42.0636
9.39436	-0.341973	0.679668	42.0636
9.39436	-0.341973	0.679668	42.0636
8.69021	-0.26666	0.616351	57.5832
8.69021	-0.26666	0.616351	57.5832
8.69021	-0.26666	0.616351	57.5832
4.93922	-0.18219	0.406461	73.8769
2.31283	-0.0774647	0.15939	222.316
2.31283	-0.0774647	0.15939	222.316
12.9795	-0.419618	0.976493	1.31449
12.8881	-0.448382	0.974772	1.44791
12.8881	-0.448382	0.974772	1.44791
9.55764	-0.349527	0.692228	40.166
9.19888	-0.313361	0.660578	52.9994
9.19888	-0.313361	0.660578	52.9994
8.81269	-0.270272	0.625183	54.3965
8.79573	-0.273565	0.62521	59.9162
8.79573	-0.273565	0.62521	59.9162
4.22469	-0.159072	0.349601	102.64
2.37796	-0.081548	0.16695	255.811
1.77618	-0.0599096	0.120686	349.221
13.0346	-0.384555	0.978292	1.3146
12.9126	-0.445312	0.976618	1.43498
12.9126	-0.445312	0.976618	1.43498
9.61225	-0.352115	0.696444	40.3978
9.09895	-0.296244	0.650124	57.2963
9.09895	-0.296244	0.650124	57.2963
8.86505	-0.282853	0.632151	62.5202
8.86505	-0.282853	0.632151	62.5202
8.85365	-0.271557	0.628139	53.7954
3.87692	-0.144874	0.323526	116.067
2.52482	-0.087817	0.178238	248.299
1.55344	-0.0524942	0.104439	325.745
13.0728	-0.384207	0.982786	1.2858
13.0728	-0.384207	0.982786	1.2858
12.9649	-0.438581	0.980666	1.40216
9.34212	-0.318804	0.671306	52.3564
9.34212	-0.318804	0.671306	52.3564
9.0318	-0.29124	0.644955	59.3912
8.92588	-0.277327	0.634636	61.1644
8.92588	-0.277327	0.634636	61.1644
8.84403	-0.270757	0.627958	63.2026
3.41688	-0.12919	0.28394	227.476
1.92923	-0.0654349	0.134683	355.401
1.60813	-0.0557271	0.112666	476.483
13.1348	-0.356117	0.985028	1.28087
13.1042	-0.373483	0.984849	1.28824
12.9907	-0.434982	0.982658	1.3819
9.39008	-0.320646	0.674905	52.5879
9.22634	-0.300304	0.65937	57.1598
9.00693	-0.287704	0.64265	62.1558
8.96932	-0.278625	0.637783	61.0292
8.9475	-0.278321	0.636529	61.6498
8.88786	-0.275065	0.631962	63.081
2.98145	-0.113713	0.250756	262.691
1.99657	-0.0691591	0.140669	361.902
1.47944	-0.0513252	0.104125	431.257
13.1684	-0.339754	0.987206	1.27223
13.1684	-0.339754	0.987206	1.27223
13.0168	-0.432715	0.984693	1.3721
9.26896	-0.30159	0.662464	57.1382
9.26896	-0.30159	0.662464	57.1382
9.05434	-0.289298	0.646163	61.5406
9.05434	-0.289298	0.646163	61.5406
8.89574	-0.2722	0.631879	63.3116
8.89574	-0.2722	0.631879	63.3116
2.39999	-0.0945054	0.209964	498.849
1.78302	-0.061428	0.125467	365.659
1.78302	-0.061428	0.125467	365.659
13.1667	-0.353518	0.989125	1.28354
13.1667	-0.353518	0.989125	1.28354
13.1667	-0.353518	0.989125	1.28354
9.16861	-0.296001	0.654993	58.9654
9.16861	-0.296001	0.654993	58.9654
9.16861	-0.296001	0.654993	58.9654
8.97173	-0.274588	0.63717	64.3087
8.97173	-0.274588	0.63717	64.3087
8.97173	-0.274588	0.63717	64.3087
2.50802	-0.0957846	0.208079	364.092
1.1797	-0.0403205	0.0812875	524.518
1.1797	-0.0403205	0.0812875	524.518
13.2344	-0.315602	0.991406	1.31739
13.1983	-0.344298	0.99125	1.28585
13.1983	-0.344298	0.99125	1.28585
9.21433	-0.297505	0.658351	59.016
9.0764	-0.282507	0.645845	62.7296
9.0764	-0.282507	0.645845	62.7296
9.02046	-0.279392	0.641596	63.9869
9.02046	-0.279392	0.641596	63.9869
9.01444	-0.275855	0.640251	63.8477
1.96577	-0.0754133	0.165036	552.863
1.26772	-0.0441431	0.0892587	585.544
0.77728	-0.0264819	0.0521156	757.199
13.2678	-0.305341	0.993525	1.34447
13.2678	-0.305341	0.993525	1.34447
13.2299	-0.331297	0.993377	1.29346
9.11951	-0.283819	0.648961	62.6073
9.11951	-0.283819	0.648961	62.6073
9.06479	-0.280755	0.644818	63.5261
9.06479	-0.280755	0.644818	63.5261
9.02517	-0.276394	0.64122	64.7502
9.02517	-0.276394	0.64122	64.7502
1.20204	-0.0478442	0.105795	1151.01
0.896127	-0.0312509	0.0630452	892.481
0.896127	-0.0312509	0.0630452	892.481
13.3012	-0.299201	0.995682	1.38192
13.3012	-0.299201	0.995682	1.38192
13.3012	-0.299201	0.995682	1.38192
9.06845	-0.277694	0.644344	64.3304
9.06845	-0.277694	0.644344	64.3304
9.06845	-0.277694	0.644344	64.3304
9.06845	-0.277694	0.644344	64.3304
9.06845	-0.277694	0.644344	64.3304
9.06845	-0.277694	0.644344	64.3304
0	0	0	0
0	0	0	0
0	0	0	0
