Initial Guess from Harmonic Frequencies
13.3026	0.0	0.266053	1.25288
13.3026	0.0	0.266053	1.25288
13.3026	0.0	0.266053	1.25288
13.3026	0.0	0.266053	1.25288
6.01832	0.0	0.120366	2.76932
6.01832	0.0	0.120366	2.76932
6.01832	0.0	0.120366	2.76932
6.01832	0.0	0.120366	2.76932
6.01832	0.0	0.120366	2.76932
6.01832	0.0	0.120366	2.76932
6.01832	0.0	0.120366	2.76932
6.01832	0.0	0.120366	2.76932
13.2572	0.0	0.265144	1.25718
13.2572	0.0	0.265144	1.25718
13.2572	0.0	0.265144	1.25718
13.2572	0.0	0.265144	1.25718
6.12245	0.0	0.122449	2.72222
6.12245	0.0	0.122449	2.72222
6.12245	0.0	0.122449	2.72222
6.12245	0.0	0.122449	2.72222
6.01807	0.0	0.120361	2.76944
6.01807	0.0	0.120361	2.76944
6.01807	0.0	0.120361	2.76944
6.01807	0.0	0.120361	2.76944
13.1222	0.0	0.262444	1.27011
13.1222	0.0	0.262444	1.27011
13.1222	0.0	0.262444	1.27011
13.1222	0.0	0.262444	1.27011
6.41937	0.0	0.128387	2.59631
6.41937	0.0	0.128387	2.59631
6.41937	0.0	0.128387	2.59631
6.41937	0.0	0.128387	2.59631
6.01738	0.0	0.120348	2.76976
6.01738	0.0	0.120348	2.76976
6.01738	0.0	0.120348	2.76976
6.01738	0.0	0.120348	2.76976
12.902	0.0	0.258039	1.29179
12.902	0.0	0.258039	1.29179
12.902	0.0	0.258039	1.29179
12.902	0.0	0.258039	1.29179
6.869	0.0	0.13738	2.42636
6.869	0.0	0.13738	2.42636
6.869	0.0	0.13738	2.42636
6.869	0.0	0.13738	2.42636
6.01634	0.0	0.120327	2.77024
6.01634	0.0	0.120327	2.77024
6.01634	0.0	0.120327	2.77024
6.01634	0.0	0.120327	2.77024
12.6048	0.0	0.252095	1.32225
12.6048	0.0	0.252095	1.32225
12.6048	0.0	0.252095	1.32225
12.6048	0.0	0.252095	1.32225
7.41959	0.0	0.148392	2.24631
7.41959	0.0	0.148392	2.24631
7.41959	0.0	0.148392	2.24631
7.41959	0.0	0.148392	2.24631
6.01511	0.0	0.120302	2.7708
6.01511	0.0	0.120302	2.7708
6.01511	0.0	0.120302	2.7708
6.01511	0.0	0.120302	2.7708
12.2457	0.0	0.244915	1.36102
12.2457	0.0	0.244915	1.36102
12.2457	0.0	0.244915	1.36102
12.2457	0.0	0.244915	1.36102
8.01619	0.0	0.160324	2.07913
8.01619	0.0	0.160324	2.07913
8.01619	0.0	0.160324	2.07913
8.01619	0.0	0.160324	2.07913
6.01388	0.0	0.120278	2.77137
6.01388	0.0	0.120278	2.77137
6.01388	0.0	0.120278	2.77137
6.01388	0.0	0.120278	2.77137
11.8551	0.0	0.237102	1.40586
11.8551	0.0	0.237102	1.40586
11.8551	0.0	0.237102	1.40586
11.8551	0.0	0.237102	1.40586
8.59752	0.0	0.17195	1.93854
8.59752	0.0	0.17195	1.93854
8.59752	0.0	0.17195	1.93854
8.59752	0.0	0.17195	1.93854
6.01284	0.0	0.120257	2.77185
6.01284	0.0	0.120257	2.77185
6.01284	0.0	0.120257	2.77185
6.01284	0.0	0.120257	2.77185
11.5031	0.0	0.230062	1.44889
11.5031	0.0	0.230062	1.44889
11.5031	0.0	0.230062	1.44889
11.5031	0.0	0.230062	1.44889
9.07208	0.0	0.181442	1.83714
9.07208	0.0	0.181442	1.83714
9.07208	0.0	0.181442	1.83714
9.07208	0.0	0.181442	1.83714
6.01214	0.0	0.120243	2.77217
6.01214	0.0	0.120243	2.77217
6.01214	0.0	0.120243	2.77217
6.01214	0.0	0.120243	2.77217
11.3439	0.0	0.226879	1.46921
11.3439	0.0	0.226879	1.46921
11.3439	0.0	0.226879	1.46921
11.3439	0.0	0.226879	1.46921
9.2734	0.0	0.185468	1.79726
9.2734	0.0	0.185468	1.79726
9.2734	0.0	0.185468	1.79726
9.2734	0.0	0.185468	1.79726
6.0119	0.0	0.120238	2.77228
6.0119	0.0	0.120238	2.77228
6.0119	0.0	0.120238	2.77228
6.0119	0.0	0.120238	2.77228
13.2574	0.0	0.265148	1.25716
13.2574	0.0	0.265148	1.25716
13.1669	0.0	0.263337	1.2658
13.1669	0.0	0.263337	1.2658
6.30711	0.0	0.126142	2.64252
6.30711	0.0	0.126142	2.64252
6.11016	0.0	0.122203	2.7277
6.11016	0.0	0.122203	2.7277
6.03486	0.0	0.120697	2.76173
6.03486	0.0	0.120697	2.76173
6.03008	0.0	0.120602	2.76392
6.03008	0.0	0.120602	2.76392
13.1673	0.0	0.263346	1.26576
13.1673	0.0	0.263346	1.26576
12.9893	0.0	0.259786	1.28311
12.9893	0.0	0.259786	1.28311
6.67794	0.0	0.133559	2.49578
6.67794	0.0	0.133559	2.49578
6.23071	0.0	0.124614	2.67492
6.23071	0.0	0.124614	2.67492
6.18772	0.0	0.123754	2.69351
6.18772	0.0	0.123754	2.69351
5.96076	0.0	0.119215	2.79606
5.96076	0.0	0.119215	2.79606
12.9895	0.0	0.25979	1.28309
12.9895	0.0	0.25979	1.28309
12.7305	0.0	0.254611	1.30919
12.7305	0.0	0.254611	1.30919
7.18975	0.0	0.143795	2.31812
7.18975	0.0	0.143795	2.31812
6.59517	0.0	0.131903	2.5271
6.59517	0.0	0.131903	2.5271
6.24894	0.0	0.124979	2.66712
6.24894	0.0	0.124979	2.66712
5.89703	0.0	0.117941	2.82628
5.89703	0.0	0.117941	2.82628
12.7303	0.0	0.254605	1.30922
12.7303	0.0	0.254605	1.30922
12.4008	0.0	0.248015	1.344
12.4008	0.0	0.248015	1.344
7.78485	0.0	0.155697	2.14091
7.78485	0.0	0.155697	2.14091
7.07926	0.0	0.141585	2.3543
7.07926	0.0	0.141585	2.3543
6.29949	0.0	0.12599	2.64572
6.29949	0.0	0.12599	2.64572
5.84129	0.0	0.116826	2.85325
5.84129	0.0	0.116826	2.85325
12.4019	0.0	0.248038	1.34388
12.4019	0.0	0.248038	1.34388
12.0177	0.0	0.240354	1.38684
12.0177	0.0	0.240354	1.38684
8.4116	0.0	0.168232	1.98139
8.4116	0.0	0.168232	1.98139
7.62589	0.0	0.152518	2.18554
7.62589	0.0	0.152518	2.18554
6.33974	0.0	0.126795	2.62892
6.33974	0.0	0.126795	2.62892
5.79525	0.0	0.115905	2.87592
5.79525	0.0	0.115905	2.87592
12.0302	0.0	0.240605	1.3854
12.0302	0.0	0.240605	1.3854
11.6152	0.0	0.232304	1.4349
11.6152	0.0	0.232304	1.4349
9.01538	0.0	0.180308	1.84869
9.01538	0.0	0.180308	1.84869
8.16829	0.0	0.163366	2.04041
8.16829	0.0	0.163366	2.04041
6.36913	0.0	0.127383	2.61679
6.36913	0.0	0.127383	2.61679
5.76078	0.0	0.115216	2.89313
5.76078	0.0	0.115216	2.89313
11.68	0.0	0.233599	1.42695
11.68	0.0	0.233599	1.42695
11.2666	0.0	0.225332	1.4793
11.2666	0.0	0.225332	1.4793
9.51221	0.0	0.190244	1.75213
9.51221	0.0	0.190244	1.75213
8.60988	0.0	0.172198	1.93576
8.60988	0.0	0.172198	1.93576
6.38704	0.0	0.127741	2.60945
6.38704	0.0	0.127741	2.60945
5.73942	0.0	0.114788	2.90389
5.73942	0.0	0.114788	2.90389
11.5138	0.0	0.230277	1.44753
11.5138	0.0	0.230277	1.44753
11.1151	0.0	0.222302	1.49946
11.1151	0.0	0.222302	1.49946
9.72836	0.0	0.194567	1.7132
9.72836	0.0	0.194567	1.7132
8.79388	0.0	0.175878	1.89526
8.79388	0.0	0.175878	1.89526
6.39306	0.0	0.127861	2.60699
6.39306	0.0	0.127861	2.60699
5.73218	0.0	0.114644	2.90756
5.73218	0.0	0.114644	2.90756
13.123	0.0	0.262459	1.27004
13.123	0.0	0.262459	1.27004
12.773	0.0	0.255461	1.30483
12.773	0.0	0.255461	1.30483
7.0656	0.0	0.141312	2.35885
7.0656	0.0	0.141312	2.35885
6.3739	0.0	0.127478	2.61483
6.3739	0.0	0.127478	2.61483
6.08162	0.0	0.121632	2.7405
6.08162	0.0	0.121632	2.7405
6.06387	0.0	0.121277	2.74852
6.06387	0.0	0.121277	2.74852
12.9902	0.0	0.259804	1.28302
12.9902	0.0	0.259804	1.28302
12.4809	0.0	0.249617	1.33538
12.4809	0.0	0.249617	1.33538
7.58462	0.0	0.151692	2.19743
7.58462	0.0	0.151692	2.19743
6.52443	0.0	0.130489	2.5545
6.52443	0.0	0.130489	2.5545
6.35184	0.0	0.127037	2.62391
6.35184	0.0	0.127037	2.62391
5.93382	0.0	0.118676	2.80876
5.93382	0.0	0.118676	2.80876
12.7733	0.0	0.255466	1.30481
12.7733	0.0	0.255466	1.30481
12.1248	0.0	0.242496	1.37459
12.1248	0.0	0.242496	1.37459
8.18391	0.0	0.163678	2.03652
8.18391	0.0	0.163678	2.03652
6.76101	0.0	0.13522	2.46512
6.76101	0.0	0.13522	2.46512
6.64077	0.0	0.132815	2.50975
6.64077	0.0	0.132815	2.50975
5.81393	0.0	0.116279	2.86668
5.81393	0.0	0.116279	2.86668
12.4817	0.0	0.249634	1.33529
12.4817	0.0	0.249634	1.33529
11.7248	0.0	0.234495	1.42149
11.7248	0.0	0.234495	1.42149
8.81072	0.0	0.176214	1.89164
8.81072	0.0	0.176214	1.89164
7.24635	0.0	0.144927	2.30001
7.24635	0.0	0.144927	2.30001
6.72916	0.0	0.134583	2.47678
6.72916	0.0	0.134583	2.47678
5.7152	0.0	0.114304	2.9162
5.7152	0.0	0.114304	2.9162
12.1364	0.0	0.242727	1.37328
12.1364	0.0	0.242727	1.37328
11.3173	0.0	0.226347	1.47267
11.3173	0.0	0.226347	1.47267
9.41417	0.0	0.188283	1.77038
9.41417	0.0	0.188283	1.77038
7.7389	0.0	0.154778	2.15362
7.7389	0.0	0.154778	2.15362
6.79195	0.0	0.135839	2.45389
6.79195	0.0	0.135839	2.45389
5.64129	0.0	0.112826	2.95441
5.64129	0.0	0.112826	2.95441
11.794	0.0	0.235881	1.41314
11.794	0.0	0.235881	1.41314
10.9765	0.0	0.219531	1.51839
10.9765	0.0	0.219531	1.51839
9.91845	0.0	0.198369	1.68037
9.91845	0.0	0.198369	1.68037
8.14042	0.0	0.162808	2.0474
8.14042	0.0	0.162808	2.0474
6.82965	0.0	0.136593	2.44034
6.82965	0.0	0.136593	2.44034
5.59544	0.0	0.111909	2.97861
5.59544	0.0	0.111909	2.97861
11.6218	0.0	0.232436	1.43408
11.6218	0.0	0.232436	1.43408
10.8332	0.0	0.216663	1.53849
10.8332	0.0	0.216663	1.53849
10.1458	0.0	0.202916	1.64272
10.1458	0.0	0.202916	1.64272
8.30565	0.0	0.166113	2.00667
8.30565	0.0	0.166113	2.00667
6.84224	0.0	0.136845	2.43585
6.84224	0.0	0.136845	2.43585
5.5799	0.0	0.111598	2.98691
5.5799	0.0	0.111598	2.98691
12.9036	0.0	0.258072	1.29163
12.9036	0.0	0.258072	1.29163
12.1618	0.0	0.243235	1.37042
12.1618	0.0	0.243235	1.37042
8.06972	0.0	0.161394	2.06534
8.06972	0.0	0.161394	2.06534
6.77817	0.0	0.135563	2.45887
6.77817	0.0	0.135563	2.45887
6.15065	0.0	0.123013	2.70974
6.15065	0.0	0.123013	2.70974
6.11579	0.0	0.122316	2.72518
6.11579	0.0	0.122316	2.72518
12.7323	0.0	0.254645	1.30901
12.7323	0.0	0.254645	1.30901
11.7867	0.0	0.235733	1.41403
11.7867	0.0	0.235733	1.41403
8.62692	0.0	0.172539	1.93194
8.62692	0.0	0.172539	1.93194
6.9821	0.0	0.139642	2.38706
6.9821	0.0	0.139642	2.38706
6.46808	0.0	0.129362	2.57676
6.46808	0.0	0.129362	2.57676
5.94156	0.0	0.118831	2.8051
5.94156	0.0	0.118831	2.8051
12.4829	0.0	0.249659	1.33515
12.4829	0.0	0.249659	1.33515
11.3771	0.0	0.227542	1.46493
11.3771	0.0	0.227542	1.46493
9.21578	0.0	0.184316	1.80849
9.21578	0.0	0.184316	1.80849
7.13486	0.0	0.142697	2.33595
7.13486	0.0	0.142697	2.33595
6.88719	0.0	0.137744	2.41995
6.88719	0.0	0.137744	2.41995
5.78383	0.0	0.115677	2.8816
5.78383	0.0	0.115677	2.8816
12.1717	0.0	0.243434	1.36929
12.1717	0.0	0.243434	1.36929
10.9713	0.0	0.219427	1.51911
10.9713	0.0	0.219427	1.51911
9.78983	0.0	0.195797	1.70245
9.78983	0.0	0.195797	1.70245
7.324	0.0	0.14648	2.27562
7.324	0.0	0.14648	2.27562
7.241	0.0	0.14482	2.30171
7.241	0.0	0.14482	2.30171
5.66495	0.0	0.113299	2.94207
5.66495	0.0	0.113299	2.94207
11.8451	0.0	0.236901	1.40706
11.8451	0.0	0.236901	1.40706
10.6421	0.0	0.212842	1.5661
10.6421	0.0	0.212842	1.5661
10.2819	0.0	0.205638	1.62098
10.2819	0.0	0.205638	1.62098
7.68173	0.0	0.153635	2.16965
7.68173	0.0	0.153635	2.16965
7.3037	0.0	0.146074	2.28195
7.3037	0.0	0.146074	2.28195
5.59089	0.0	0.111818	2.98104
5.59089	0.0	0.111818	2.98104
11.6681	0.0	0.233363	1.42839
11.6681	0.0	0.233363	1.42839
10.5152	0.0	0.210303	1.58501
10.5152	0.0	0.210303	1.58501
10.5073	0.0	0.210145	1.5862
10.5073	0.0	0.210145	1.5862
7.82775	0.0	0.156555	2.12918
7.82775	0.0	0.156555	2.12918
7.32447	0.0	0.146489	2.27548
7.32447	0.0	0.146489	2.27548
5.56572	0.0	0.111314	2.99452
5.56572	0.0	0.111314	2.99452
12.6083	0.0	0.252166	1.32188
12.6083	0.0	0.252166	1.32188
11.4007	0.0	0.228014	1.4619
11.4007	0.0	0.228014	1.4619
9.1145	0.0	0.18229	1.82859
9.1145	0.0	0.18229	1.82859
7.27994	0.0	0.145599	2.2894
7.27994	0.0	0.145599	2.2894
6.23063	0.0	0.124613	2.67496
6.23063	0.0	0.124613	2.67496
6.18115	0.0	0.123623	2.69637
6.18115	0.0	0.123623	2.69637
12.406	0.0	0.24812	1.34343
12.406	0.0	0.24812	1.34343
10.9895	0.0	0.219789	1.5166
10.9895	0.0	0.219789	1.5166
9.63006	0.0	0.192601	1.73069
9.63006	0.0	0.192601	1.73069
7.51304	0.0	0.150261	2.21837
7.51304	0.0	0.150261	2.21837
6.5616	0.0	0.131232	2.54003
6.5616	0.0	0.131232	2.54003
5.98529	0.0	0.119706	2.78461
5.98529	0.0	0.119706	2.78461
12.137	0.0	0.242741	1.37321
12.137	0.0	0.242741	1.37321
10.5916	0.0	0.211833	1.57357
10.5916	0.0	0.211833	1.57357
10.1419	0.0	0.202838	1.64334
10.1419	0.0	0.202838	1.64334
7.67694	0.0	0.153539	2.171
7.67694	0.0	0.153539	2.171
6.94145	0.0	0.138829	2.40104
6.94145	0.0	0.138829	2.40104
5.81908	0.0	0.116382	2.86414
5.81908	0.0	0.116382	2.86414
11.8362	0.0	0.236724	1.40811
11.8362	0.0	0.236724	1.40811
10.5965	0.0	0.21193	1.57284
10.5965	0.0	0.21193	1.57284
10.2771	0.0	0.205542	1.62173
10.2771	0.0	0.205542	1.62173
7.77366	0.0	0.155473	2.14399
7.77366	0.0	0.155473	2.14399
7.25513	0.0	0.145103	2.29722
7.25513	0.0	0.145103	2.29722
5.71467	0.0	0.114293	2.91647
5.71467	0.0	0.114293	2.91647
11.6573	0.0	0.233145	1.42972
11.6573	0.0	0.233145	1.42972
10.8281	0.0	0.216561	1.53921
10.8281	0.0	0.216561	1.53921
10.151	0.0	0.20302	1.64188
10.151	0.0	0.20302	1.64188
7.8056	0.0	0.156112	2.13522
7.8056	0.0	0.156112	2.13522
7.38259	0.0	0.147652	2.25756
7.38259	0.0	0.147652	2.25756
5.67904	0.0	0.113581	2.93477
5.67904	0.0	0.113581	2.93477
12.2543	0.0	0.245086	1.36007
12.2543	0.0	0.245086	1.36007
10.5845	0.0	0.211691	1.57462
10.5845	0.0	0.211691	1.57462
10.0527	0.0	0.201054	1.65793
10.0527	0.0	0.201054	1.65793
7.82935	0.0	0.156587	2.12874
7.82935	0.0	0.156587	2.12874
6.30912	0.0	0.126182	2.64168
6.30912	0.0	0.126182	2.64168
6.25567	0.0	0.125113	2.66425
6.25567	0.0	0.125113	2.66425
12.0361	0.0	0.240721	1.38473
12.0361	0.0	0.240721	1.38473
10.4729	0.0	0.209458	1.59141
10.4729	0.0	0.209458	1.59141
10.2003	0.0	0.204007	1.63393
10.2003	0.0	0.204007	1.63393
8.06276	0.0	0.161255	2.06712
8.06276	0.0	0.161255	2.06712
6.61178	0.0	0.132236	2.52075
6.61178	0.0	0.132236	2.52075
6.06751	0.0	0.12135	2.74687
6.06751	0.0	0.12135	2.74687
11.775	0.0	0.2355	1.41543
11.775	0.0	0.2355	1.41543
10.86	0.0	0.217199	1.53469
10.86	0.0	0.217199	1.53469
9.90271	0.0	0.198054	1.68304
9.90271	0.0	0.198054	1.68304
8.20419	0.0	0.164084	2.03148
8.20419	0.0	0.164084	2.03148
6.88467	0.0	0.137693	2.42084
6.88467	0.0	0.137693	2.42084
5.93302	0.0	0.11866	2.80914
5.93302	0.0	0.11866	2.80914
11.6	0.0	0.232	1.43678
11.6	0.0	0.232	1.43678
11.0779	0.0	0.221558	1.50449
11.0779	0.0	0.221558	1.50449
9.78538	0.0	0.195708	1.70322
9.78538	0.0	0.195708	1.70322
8.25138	0.0	0.165028	2.01986
8.25138	0.0	0.165028	2.01986
6.99546	0.0	0.139909	2.3825
6.99546	0.0	0.139909	2.3825
5.88688	0.0	0.117738	2.83116
5.88688	0.0	0.117738	2.83116
11.8764	0.0	0.237528	1.40334
11.8764	0.0	0.237528	1.40334
10.7854	0.0	0.215708	1.5453
10.7854	0.0	0.215708	1.5453
9.83396	0.0	0.196679	1.69481
9.83396	0.0	0.196679	1.69481
8.3653	0.0	0.167306	1.99236
8.3653	0.0	0.167306	1.99236
6.37452	0.0	0.12749	2.61457
6.37452	0.0	0.12749	2.61457
6.33415	0.0	0.126683	2.63124
6.33415	0.0	0.126683	2.63124
11.6737	0.0	0.233473	1.42772
11.6737	0.0	0.233473	1.42772
11.0747	0.0	0.221494	1.50493
11.0747	0.0	0.221494	1.50493
9.55409	0.0	0.191082	1.74445
9.55409	0.0	0.191082	1.74445
8.55802	0.0	0.17116	1.94749
8.55802	0.0	0.17116	1.94749
6.59555	0.0	0.131911	2.52696
6.59555	0.0	0.131911	2.52696
6.19069	0.0	0.123814	2.69221
6.19069	0.0	0.123814	2.69221
11.5165	0.0	0.23033	1.4472
11.5165	0.0	0.23033	1.4472
11.2598	0.0	0.225196	1.48019
11.2598	0.0	0.225196	1.48019
9.445	0.0	0.1889	1.7646
9.445	0.0	0.1889	1.7646
8.62414	0.0	0.172483	1.93256
8.62414	0.0	0.172483	1.93256
6.6929	0.0	0.133858	2.4902
6.6929	0.0	0.133858	2.4902
6.13492	0.0	0.122698	2.71669
6.13492	0.0	0.122698	2.71669
11.5486	0.0	0.230972	1.44317
11.5486	0.0	0.230972	1.44317
11.2489	0.0	0.224979	1.48162
11.2489	0.0	0.224979	1.48162
9.28951	0.0	0.18579	1.79414
9.28951	0.0	0.18579	1.79414
8.79515	0.0	0.175903	1.89498
8.79515	0.0	0.175903	1.89498
6.41767	0.0	0.128353	2.597
6.41767	0.0	0.128353	2.597
6.40297	0.0	0.128059	2.60296
6.40297	0.0	0.128059	2.60296
11.4394	0.0	0.228789	1.45695
11.4394	0.0	0.228789	1.45695
11.3703	0.0	0.227406	1.46581
11.3703	0.0	0.227406	1.46581
9.18694	0.0	0.183739	1.81417
9.18694	0.0	0.183739	1.81417
8.87939	0.0	0.177588	1.877
8.87939	0.0	0.177588	1.877
6.49939	0.0	0.129988	2.56434
6.49939	0.0	0.129988	2.56434
6.34664	0.0	0.126933	2.62606
6.34664	0.0	0.126933	2.62606
11.4073	0.0	0.228147	1.46105
11.4073	0.0	0.228147	1.46105
11.4073	0.0	0.228147	1.46105
11.4073	0.0	0.228147	1.46105
9.08701	0.0	0.18174	1.83412
9.08701	0.0	0.18174	1.83412
8.97164	0.0	0.179433	1.85771
8.97164	0.0	0.179433	1.85771
6.43271	0.0	0.128654	2.59092
6.43271	0.0	0.128654	2.59092
6.43271	0.0	0.128654	2.59092
6.43271	0.0	0.128654	2.59092
13.2133	0.0	0.264266	1.26135
13.2133	0.0	0.264266	1.26135
13.2133	0.0	0.264266	1.26135
13.03	0.0	0.260599	1.2791
6.35261	0.0	0.127052	2.62359
6.35261	0.0	0.127052	2.62359
6.35261	0.0	0.127052	2.62359
6.16263	0.0	0.123253	2.70447
6.16263	0.0	0.123253	2.70447
6.16263	0.0	0.123253	2.70447
5.90379	0.0	0.118076	2.82305
5.90379	0.0	0.118076	2.82305
13.1676	0.0	0.263352	1.26573
13.0825	0.0	0.261649	1.27397
13.0825	0.0	0.261649	1.27397
12.807	0.0	0.256141	1.30137
6.83331	0.0	0.136666	2.43903
6.5817	0.0	0.131634	2.53227
6.5817	0.0	0.131634	2.53227
6.2826	0.0	0.125652	2.65283
6.21345	0.0	0.124269	2.68235
6.21345	0.0	0.124269	2.68235
5.98682	0.0	0.119736	2.78389
5.77437	0.0	0.115487	2.88632
13.0305	0.0	0.260609	1.27905
12.8693	0.0	0.257385	1.29508
12.8693	0.0	0.257385	1.29508
12.5056	0.0	0.250111	1.33274
7.42352	0.0	0.14847	2.24512
6.99449	0.0	0.13989	2.38283
6.99449	0.0	0.13989	2.38283
6.39086	0.0	0.127817	2.60789
6.26007	0.0	0.125201	2.66238
6.22591	0.0	0.124518	2.67698
6.22591	0.0	0.124518	2.67698
5.65191	0.0	0.113038	2.94886
12.806	0.0	0.256119	1.30148
12.5822	0.0	0.251644	1.32462
12.5822	0.0	0.251644	1.32462
12.1374	0.0	0.242748	1.37316
8.075	0.0	0.1615	2.06398
7.51385	0.0	0.150277	2.21813
7.51385	0.0	0.150277	2.21813
6.67818	0.0	0.133564	2.49569
6.48404	0.0	0.129681	2.57042
6.2289	0.0	0.124578	2.6757
6.2289	0.0	0.124578	2.6757
5.54186	0.0	0.110837	3.00741
12.503	0.0	0.250059	1.33302
12.2369	0.0	0.244737	1.36201
12.2369	0.0	0.244737	1.36201
11.7224	0.0	0.234447	1.42178
8.74341	0.0	0.174868	1.9062
8.08031	0.0	0.161606	2.06263
8.08031	0.0	0.161606	2.06263
7.18074	0.0	0.143615	2.32102
6.55938	0.0	0.131188	2.54089
6.22928	0.0	0.124586	2.67554
6.22928	0.0	0.124586	2.67554
5.44951	0.0	0.10899	3.05838
12.1413	0.0	0.242825	1.37273
11.8639	0.0	0.237278	1.40482
11.8639	0.0	0.237278	1.40482
11.297	0.0	0.22594	1.47532
9.38304	0.0	0.187661	1.77625
8.632	0.0	0.17264	1.9308
8.632	0.0	0.17264	1.9308
7.69492	0.0	0.153898	2.16593
6.61475	0.0	0.132295	2.51962
6.22888	0.0	0.124578	2.67571
6.22888	0.0	0.124578	2.67571
5.37964	0.0	0.107593	3.0981
11.7764	0.0	0.235529	1.41526
11.5324	0.0	0.230648	1.4452
11.5324	0.0	0.230648	1.4452
10.9374	0.0	0.218748	1.52382
9.92115	0.0	0.198423	1.67991
9.07874	0.0	0.181575	1.83579
9.07874	0.0	0.181575	1.83579
8.11817	0.0	0.162363	2.05301
6.64858	0.0	0.132972	2.5068
6.22843	0.0	0.124569	2.6759
6.22843	0.0	0.124569	2.6759
5.33605	0.0	0.106721	3.12341
11.5875	0.0	0.231749	1.43834
11.3851	0.0	0.227703	1.4639
11.3851	0.0	0.227703	1.4639
10.7843	0.0	0.215685	1.54546
10.1689	0.0	0.203379	1.63898
9.26574	0.0	0.185315	1.79874
9.26574	0.0	0.185315	1.79874
8.29422	0.0	0.165884	2.00943
6.65996	0.0	0.133199	2.50252
6.22824	0.0	0.124565	2.67598
6.22824	0.0	0.124565	2.67598
5.32124	0.0	0.106425	3.1321
13.0832	0.0	0.261665	1.27389
13.0832	0.0	0.261665	1.27389
12.916	0.0	0.258319	1.29039
12.5414	0.0	0.250828	1.32893
7.09347	0.0	0.141869	2.34958
7.09347	0.0	0.141869	2.34958
6.57646	0.0	0.131529	2.53429
6.42828	0.0	0.128566	2.59271
6.42828	0.0	0.128566	2.59271
6.32815	0.0	0.126563	2.63373
5.82399	0.0	0.11648	2.86173
5.71345	0.0	0.114269	2.91709
12.9908	0.0	0.259817	1.28296
12.9172	0.0	0.258345	1.29027
12.6739	0.0	0.253479	1.31503
12.2012	0.0	0.244025	1.36598
7.71503	0.0	0.154301	2.16029
7.492	0.0	0.14984	2.2246
6.83418	0.0	0.136684	2.43872
6.60264	0.0	0.132053	2.52424
6.5509	0.0	0.131018	2.54418
6.33617	0.0	0.126723	2.6304
5.96723	0.0	0.119345	2.79303
5.5561	0.0	0.111122	2.9997
12.8071	0.0	0.256141	1.30137
12.6764	0.0	0.253528	1.31478
12.367	0.0	0.247339	1.34768
11.7999	0.0	0.235999	1.41244
8.38869	0.0	0.167774	1.9868
7.99556	0.0	0.159911	2.08449
7.26309	0.0	0.145262	2.29471
6.74574	0.0	0.134915	2.47069
6.63699	0.0	0.13274	2.51118
6.30478	0.0	0.126096	2.6435
6.28897	0.0	0.125779	2.65014
5.38609	0.0	0.107722	3.09439
12.5375	0.0	0.25075	1.32935
12.374	0.0	0.24748	1.34691
12.0132	0.0	0.240265	1.38736
11.359	0.0	0.227179	1.46727
9.07137	0.0	0.181427	1.83728
8.54542	0.0	0.170908	1.95036
7.75711	0.0	0.155142	2.14857
6.85884	0.0	0.137177	2.42995
6.74885	0.0	0.134977	2.46956
6.69668	0.0	0.133934	2.4888
6.24268	0.0	0.124854	2.66979
5.24096	0.0	0.104819	3.18008
12.1955	0.0	0.24391	1.36663
12.0374	0.0	0.240749	1.38457
11.6469	0.0	0.232939	1.43099
10.9171	0.0	0.218341	1.52666
9.72444	0.0	0.194489	1.71389
9.0801	0.0	0.181602	1.83552
8.24582	0.0	0.164916	2.02122
7.22198	0.0	0.14444	2.30777
6.94092	0.0	0.138818	2.40122
6.73673	0.0	0.134735	2.474
6.20666	0.0	0.124133	2.68529
5.13021	0.0	0.102604	3.24873
11.8224	0.0	0.236447	1.40976
11.7304	0.0	0.234608	1.42081
11.3375	0.0	0.226749	1.47005
10.5517	0.0	0.211034	1.57953
10.2903	0.0	0.205805	1.61965
9.51408	0.0	0.190282	1.75179
8.63733	0.0	0.172747	1.92961
7.61771	0.0	0.152354	2.18788
6.99076	0.0	0.139815	2.3841
6.76003	0.0	0.135201	2.46547
6.18406	0.0	0.123681	2.6951
5.06072	0.0	0.101214	3.29334
11.6035	0.0	0.23207	1.43635
11.591	0.0	0.23182	1.4379
11.2067	0.0	0.224133	1.48721
10.5743	0.0	0.211487	1.57614
10.399	0.0	0.207979	1.60272
9.69707	0.0	0.193941	1.71873
8.79685	0.0	0.175937	1.89462
7.78248	0.0	0.15565	2.14156
7.00747	0.0	0.140149	2.37841
6.76771	0.0	0.135354	2.46268
6.17637	0.0	0.123527	2.69846
5.03703	0.0	0.100741	3.30883
12.8722	0.0	0.257444	1.29478
12.8722	0.0	0.257444	1.29478
12.4111	0.0	0.248222	1.34288
11.8276	0.0	0.236552	1.40914
8.08517	0.0	0.161703	2.06139
8.08517	0.0	0.161703	2.06139
6.82264	0.0	0.136453	2.44285
6.82264	0.0	0.136453	2.44285
6.77547	0.0	0.135509	2.45985
6.50175	0.0	0.130035	2.56341
5.77736	0.0	0.115547	2.88482
5.56772	0.0	0.111354	2.99344
12.7342	0.0	0.254684	1.30881
12.68	0.0	0.253599	1.31441
12.093	0.0	0.241861	1.3782
11.3991	0.0	0.227982	1.4621
8.73355	0.0	0.174671	1.90835
8.53268	0.0	0.170654	1.95327
7.04262	0.0	0.140852	2.36654
7.03704	0.0	0.140741	2.36842
7.00796	0.0	0.140159	2.37825
6.46842	0.0	0.129368	2.57662
5.96764	0.0	0.119353	2.79284
5.39644	0.0	0.107929	3.08846
12.5059	0.0	0.250119	1.3327
12.4254	0.0	0.248508	1.34134
11.74	0.0	0.234799	1.41965
10.9386	0.0	0.218772	1.52366
9.39412	0.0	0.187882	1.77416
9.02527	0.0	0.180505	1.84667
7.45285	0.0	0.149057	2.23628
7.20027	0.0	0.144005	2.31473
7.14624	0.0	0.142925	2.33223
6.37536	0.0	0.127507	2.61423
6.3406	0.0	0.126812	2.62856
5.19885	0.0	0.103977	3.20584
12.1948	0.0	0.243896	1.3667
12.1326	0.0	0.242653	1.3737
11.3877	0.0	0.227755	1.46356
10.4861	0.0	0.209723	1.5894
10.0313	0.0	0.200626	1.66147
9.51038	0.0	0.190208	1.75247
7.87225	0.0	0.157445	2.11714
7.31589	0.0	0.146318	2.27815
7.24035	0.0	0.144807	2.30191
6.76404	0.0	0.135281	2.46401
6.29887	0.0	0.125977	2.64598
5.04342	0.0	0.100868	3.30464
11.8589	0.0	0.237177	1.40542
11.8244	0.0	0.236488	1.40951
11.1028	0.0	0.222057	1.50112
10.6038	0.0	0.212075	1.57177
10.1193	0.0	0.202386	1.64702
9.90831	0.0	0.198166	1.68209
8.20666	0.0	0.164133	2.03087
7.38511	0.0	0.147702	2.25679
7.29496	0.0	0.145899	2.28468
7.12641	0.0	0.142528	2.33872
6.25036	0.0	0.125007	2.66651
4.94485	0.0	0.098897	3.37051
11.7323	0.0	0.234646	1.42058
11.5627	0.0	0.231254	1.44142
10.9871	0.0	0.219741	1.51693
10.9339	0.0	0.218677	1.52432
10.0777	0.0	0.201553	1.65382
9.96835	0.0	0.199367	1.67196
8.34038	0.0	0.166808	1.99831
7.40817	0.0	0.148163	2.24977
7.31287	0.0	0.146257	2.27909
7.27799	0.0	0.14556	2.29001
6.23379	0.0	0.124676	2.6736
4.91108	0.0	0.0982217	3.39368
12.5917	0.0	0.251834	1.32362
12.5917	0.0	0.251834	1.32362
11.7738	0.0	0.235477	1.41557
10.9502	0.0	0.219004	1.52204
9.11396	0.0	0.182279	1.8287
9.11396	0.0	0.182279	1.8287
7.31194	0.0	0.146239	2.27938
7.31194	0.0	0.146239	2.27938
6.93113	0.0	0.138623	2.40461
6.66897	0.0	0.133379	2.49914
5.75791	0.0	0.115158	2.89457
5.48316	0.0	0.109663	3.03961
12.4125	0.0	0.24825	1.34273
12.3895	0.0	0.247789	1.34523
11.4306	0.0	0.228612	1.45807
10.4767	0.0	0.209535	1.59083
9.71213	0.0	0.194243	1.71607
9.52077	0.0	0.190415	1.75056
7.54311	0.0	0.150862	2.20952
7.53817	0.0	0.150763	2.21097
7.18405	0.0	0.143681	2.31996
6.60038	0.0	0.132008	2.52511
5.97662	0.0	0.119532	2.78865
5.31622	0.0	0.106324	3.13506
12.1487	0.0	0.242973	1.37189
12.1455	0.0	0.242911	1.37225
11.0994	0.0	0.221987	1.50159
10.2974	0.0	0.205948	1.61854
10.0192	0.0	0.200385	1.66346
9.92308	0.0	0.198462	1.67959
7.70466	0.0	0.154093	2.16319
7.7011	0.0	0.154022	2.16419
7.5291	0.0	0.150582	2.21363
6.48453	0.0	0.129691	2.57022
6.34059	0.0	0.126812	2.62857
5.12282	0.0	0.102456	3.25341
11.9195	0.0	0.23839	1.39827
11.799	0.0	0.23598	1.41255
10.8423	0.0	0.216846	1.53719
10.8411	0.0	0.216821	1.53736
10.2566	0.0	0.205132	1.62497
9.65419	0.0	0.193084	1.72637
7.80766	0.0	0.156153	2.13465
7.80022	0.0	0.156004	2.13669
7.79798	0.0	0.15596	2.13731
6.66641	0.0	0.133328	2.5001
6.40762	0.0	0.128152	2.60107
4.99559	0.0	0.0999118	3.33628
11.8128	0.0	0.236257	1.41089
11.4696	0.0	0.229392	1.45311
11.239	0.0	0.224779	1.48294
10.7393	0.0	0.214786	1.55193
10.3994	0.0	0.207988	1.60266
9.50585	0.0	0.190117	1.75331
7.91781	0.0	0.158356	2.10496
7.83187	0.0	0.156637	2.12806
7.83001	0.0	0.1566	2.12856
6.80416	0.0	0.136083	2.44948
6.3811	0.0	0.127622	2.61188
4.95158	0.0	0.0990315	3.36593
12.2666	0.0	0.245332	1.35871
12.2666	0.0	0.245332	1.35871
11.1065	0.0	0.222131	1.50062
10.024	0.0	0.20048	1.66268
10.024	0.0	0.20048	1.66268
9.99687	0.0	0.199937	1.66719
7.84909	0.0	0.156982	2.12339
7.84909	0.0	0.156982	2.12339
7.02719	0.0	0.140544	2.37174
6.81571	0.0	0.136314	2.44533
5.75678	0.0	0.115136	2.89514
5.47621	0.0	0.109524	3.04347
12.0879	0.0	0.241757	1.37879
12.0597	0.0	0.241194	1.38201
10.8021	0.0	0.216042	1.54291
10.5181	0.0	0.210362	1.58457
10.3179	0.0	0.206358	1.61531
9.53907	0.0	0.190781	1.7472
8.08708	0.0	0.161742	2.0609
8.07054	0.0	0.161411	2.06512
7.23728	0.0	0.144746	2.30289
6.72551	0.0	0.13451	2.47812
5.97824	0.0	0.119565	2.78789
5.33517	0.0	0.106703	3.12392
11.9187	0.0	0.238374	1.39837
11.7755	0.0	0.23551	1.41537
10.9816	0.0	0.219633	1.51769
10.5717	0.0	0.211434	1.57654
10.5559	0.0	0.211118	1.5789
9.17786	0.0	0.183557	1.81597
8.23655	0.0	0.164731	2.0235
8.20221	0.0	0.164044	2.03197
7.46308	0.0	0.149262	2.23322
6.6214	0.0	0.132428	2.51709
6.26387	0.0	0.125277	2.66076
5.1875	0.0	0.10375	3.21285
11.8417	0.0	0.236834	1.40746
11.4829	0.0	0.229657	1.45144
11.3353	0.0	0.226705	1.47034
10.6559	0.0	0.213118	1.56408
10.483	0.0	0.209661	1.58987
9.03225	0.0	0.180645	1.84524
8.28732	0.0	0.165746	2.01111
8.24582	0.0	0.164916	2.02123
7.55274	0.0	0.151055	2.20671
6.58445	0.0	0.131689	2.53122
6.38836	0.0	0.127767	2.60891
5.13467	0.0	0.102693	3.24591
11.9576	0.0	0.239153	1.39381
11.9576	0.0	0.239153	1.39381
10.6889	0.0	0.213778	1.55925
10.6889	0.0	0.213778	1.55925
10.528	0.0	0.21056	1.58308
9.08436	0.0	0.181687	1.83466
8.37516	0.0	0.167503	1.99001
8.37516	0.0	0.167503	1.99001
7.05744	0.0	0.141149	2.36157
6.92983	0.0	0.138597	2.40506
5.76444	0.0	0.115289	2.89129
5.55582	0.0	0.111116	2.99986
11.8703	0.0	0.237407	1.40406
11.7803	0.0	0.235606	1.41479
11.0126	0.0	0.220252	1.51342
10.8018	0.0	0.216036	1.54296
10.3247	0.0	0.206495	1.61425
8.72732	0.0	0.174546	1.90971
8.5798	0.0	0.171596	1.94255
8.55179	0.0	0.171036	1.94891
7.19608	0.0	0.143922	2.31608
6.84391	0.0	0.136878	2.43526
5.94821	0.0	0.118964	2.80196
5.4611	0.0	0.109222	3.05189
11.8348	0.0	0.236697	1.40827
11.6606	0.0	0.233211	1.42932
11.1815	0.0	0.223631	1.49055
10.8425	0.0	0.216849	1.53717
10.2478	0.0	0.204956	1.62637
8.65237	0.0	0.173047	1.92625
8.61114	0.0	0.172223	1.93548
8.5837	0.0	0.171674	1.94166
7.26922	0.0	0.145384	2.29277
6.79736	0.0	0.135947	2.45193
6.06047	0.0	0.121209	2.75006
5.40315	0.0	0.108063	3.08462
11.8032	0.0	0.236063	1.41205
11.8032	0.0	0.236063	1.41205
10.9791	0.0	0.219582	1.51804
10.9791	0.0	0.219582	1.51804
10.1433	0.0	0.202867	1.64311
8.79973	0.0	0.175995	1.894
8.79973	0.0	0.175995	1.894
8.3728	0.0	0.167456	1.99057
7.0416	0.0	0.140832	2.36689
7.0021	0.0	0.140042	2.38024
5.7727	0.0	0.115454	2.88715
5.69451	0.0	0.11389	2.9268
11.8149	0.0	0.236297	1.41065
11.7686	0.0	0.235371	1.4162
11.0487	0.0	0.220974	1.50847
10.9557	0.0	0.219114	1.52128
10.0752	0.0	0.201504	1.65422
8.8915	0.0	0.17783	1.87445
8.87564	0.0	0.177513	1.8778
8.22963	0.0	0.164593	2.0252
7.08882	0.0	0.141776	2.35112
6.96322	0.0	0.139264	2.39353
5.8492	0.0	0.116984	2.84939
5.662	0.0	0.11324	2.9436
11.8048	0.0	0.236096	1.41186
11.8048	0.0	0.236096	1.41186
10.9937	0.0	0.219873	1.51603
10.9937	0.0	0.219873	1.51603
10.0105	0.0	0.20021	1.66492
8.97534	0.0	0.179507	1.85694
8.97534	0.0	0.179507	1.85694
8.08611	0.0	0.161722	2.06115
7.02684	0.0	0.140537	2.37186
7.02684	0.0	0.140537	2.37186
5.77609	0.0	0.115522	2.88546
5.77609	0.0	0.115522	2.88546
12.9656	0.0	0.259312	1.28545
12.9656	0.0	0.259312	1.28545
12.9656	0.0	0.259312	1.28545
12.2281	0.0	0.244561	1.36298
7.2018	0.0	0.144036	2.31423
7.2018	0.0	0.144036	2.31423
7.2018	0.0	0.144036	2.31423
6.556	0.0	0.13112	2.5422
6.556	0.0	0.13112	2.5422
6.556	0.0	0.13112	2.5422
5.56423	0.0	0.111285	2.99532
5.56423	0.0	0.111285	2.99532
12.9194	0.0	0.258389	1.29005
12.7748	0.0	0.255495	1.30466
12.7748	0.0	0.255495	1.30466
11.8431	0.0	0.236862	1.40729
7.89275	0.0	0.157855	2.11164
7.44717	0.0	0.148943	2.23799
7.44717	0.0	0.148943	2.23799
6.75886	0.0	0.135177	2.4659
6.67166	0.0	0.133433	2.49813
6.67166	0.0	0.133433	2.49813
5.6281	0.0	0.112562	2.96133
5.31279	0.0	0.106256	3.13708
12.7773	0.0	0.255545	1.3044
12.52	0.0	0.2504	1.3312
12.52	0.0	0.2504	1.3312
11.401	0.0	0.22802	1.46186
8.60952	0.0	0.17219	1.93584
7.83042	0.0	0.156608	2.12845
7.83042	0.0	0.156608	2.12845
6.93161	0.0	0.138632	2.40444
6.7343	0.0	0.134686	2.47489
6.7343	0.0	0.134686	2.47489
5.88058	0.0	0.117612	2.83419
5.08143	0.0	0.101629	3.27992
12.5413	0.0	0.250826	1.32894
12.2179	0.0	0.244358	1.36412
12.2179	0.0	0.244358	1.36412
10.9247	0.0	0.218493	1.5256
9.31982	0.0	0.186396	1.7883
8.28561	0.0	0.165712	2.01152
8.28561	0.0	0.165712	2.01152
7.07013	0.0	0.141403	2.35734
6.76309	0.0	0.135262	2.46435
6.76309	0.0	0.135262	2.46435
6.26581	0.0	0.125316	2.65994
4.88278	0.0	0.0976556	3.41335
12.2178	0.0	0.244356	1.36413
11.8999	0.0	0.237999	1.40057
11.8999	0.0	0.237999	1.40057
10.4544	0.0	0.209089	1.59422
9.996	0.0	0.19992	1.66733
8.73805	0.0	0.174761	1.90737
8.73805	0.0	0.174761	1.90737
7.17129	0.0	0.143426	2.32408
6.77628	0.0	0.135525	2.45956
6.77628	0.0	0.135525	2.45956
6.70406	0.0	0.134081	2.48605
4.72939	0.0	0.0945878	3.52406
11.8268	0.0	0.236536	1.40923
11.6296	0.0	0.232592	1.43313
11.6296	0.0	0.232592	1.43313
10.604	0.0	0.21208	1.57174
10.0701	0.0	0.201403	1.65506
9.09827	0.0	0.181965	1.83185
9.09827	0.0	0.181965	1.83185
7.23286	0.0	0.144657	2.3043
7.08279	0.0	0.141656	2.35312
6.78203	0.0	0.135641	2.45747
6.78203	0.0	0.135641	2.45747
4.63223	0.0	0.0926447	3.59798
11.5344	0.0	0.230688	1.44495
11.5154	0.0	0.230308	1.44734
11.5154	0.0	0.230308	1.44734
10.9696	0.0	0.219391	1.51936
9.91066	0.0	0.198213	1.68169
9.24386	0.0	0.184877	1.803
9.24386	0.0	0.184877	1.803
7.25354	0.0	0.145071	2.29773
7.24271	0.0	0.144854	2.30117
6.78365	0.0	0.135673	2.45689
6.78365	0.0	0.135673	2.45689
4.59893	0.0	0.0919786	3.62403
12.7797	0.0	0.255593	1.30415
12.7797	0.0	0.255593	1.30415
12.5691	0.0	0.251382	1.326
11.4174	0.0	0.228347	1.45976
8.13707	0.0	0.162741	2.04824
8.13707	0.0	0.162741	2.04824
7.49742	0.0	0.149948	2.22299
6.94326	0.0	0.138865	2.40041
6.94326	0.0	0.138865	2.40041
6.82178	0.0	0.136436	2.44316
5.39305	0.0	0.107861	3.0904
5.18506	0.0	0.103701	3.21437
12.6869	0.0	0.253739	1.31369
12.5796	0.0	0.251592	1.3249
12.3114	0.0	0.246228	1.35376
10.9396	0.0	0.218792	1.52352
8.84987	0.0	0.176997	1.88327
8.45797	0.0	0.169159	1.97053
7.70922	0.0	0.154184	2.16191
7.16408	0.0	0.143282	2.32642
7.10735	0.0	0.142147	2.34499
6.90371	0.0	0.138074	2.41416
5.49864	0.0	0.109973	3.03105
4.94252	0.0	0.0988504	3.3721
12.4967	0.0	0.249935	1.33368
12.3344	0.0	0.246689	1.35123
12.0205	0.0	0.240409	1.38652
10.4335	0.0	0.208671	1.59741
9.5505	0.0	0.19101	1.74511
8.83425	0.0	0.176685	1.8866
8.04542	0.0	0.160908	2.07157
7.33718	0.0	0.146744	2.27154
7.22876	0.0	0.144575	2.30561
6.91345	0.0	0.138269	2.41076
5.80785	0.0	0.116157	2.86968
4.69164	0.0	0.0938328	3.55242
12.2111	0.0	0.244222	1.36488
12.0729	0.0	0.241458	1.3805
11.7293	0.0	0.234587	1.42094
10.2146	0.0	0.204291	1.63166
9.94059	0.0	0.198812	1.67663
9.21327	0.0	0.184265	1.80899
8.40525	0.0	0.168105	1.98289
7.46207	0.0	0.149241	2.23352
7.30819	0.0	0.146164	2.28055
6.8989	0.0	0.137978	2.41584
6.19961	0.0	0.123992	2.68834
4.49179	0.0	0.0898357	3.71048
11.8509	0.0	0.237018	1.40636
11.8343	0.0	0.236686	1.40833
11.496	0.0	0.22992	1.44978
10.8236	0.0	0.216472	1.53985
9.54188	0.0	0.190838	1.74669
9.51565	0.0	0.190313	1.7515
8.69156	0.0	0.173831	1.91757
7.5376	0.0	0.150752	2.21114
7.35257	0.0	0.147051	2.26678
6.88437	0.0	0.137687	2.42094
6.55352	0.0	0.13107	2.54316
4.3634	0.0	0.087268	3.81965
11.758	0.0	0.23516	1.41747
11.4155	0.0	0.22831	1.46
11.4025	0.0	0.228051	1.46166
11.3207	0.0	0.226413	1.47223
9.63695	0.0	0.192739	1.72946
9.37743	0.0	0.187549	1.77732
8.80446	0.0	0.176089	1.89298
7.56289	0.0	0.151258	2.20374
7.36683	0.0	0.147337	2.26239
6.87876	0.0	0.137575	2.42292
6.7057	0.0	0.134114	2.48545
4.3191	0.0	0.086382	3.85883
12.5435	0.0	0.250871	1.3287
12.5435	0.0	0.250871	1.3287
12.0628	0.0	0.241256	1.38166
10.4317	0.0	0.208634	1.59769
9.11303	0.0	0.182261	1.82888
9.11303	0.0	0.182261	1.82888
7.69143	0.0	0.153829	2.16691
7.40302	0.0	0.14806	2.25133
7.40302	0.0	0.14806	2.25133
7.06416	0.0	0.141283	2.35933
5.26209	0.0	0.105242	3.16731
4.89071	0.0	0.0978143	3.40782
12.4118	0.0	0.248235	1.34281
12.3612	0.0	0.247224	1.3483
11.7937	0.0	0.235874	1.41318
9.90146	0.0	0.198029	1.68325
9.75927	0.0	0.195185	1.70778
9.39387	0.0	0.187877	1.77421
7.84935	0.0	0.156987	2.12332
7.62779	0.0	0.152556	2.18499
7.61257	0.0	0.152251	2.18936
7.11061	0.0	0.142212	2.34392
5.40308	0.0	0.108062	3.08466
4.67929	0.0	0.0935859	3.56179
12.1873	0.0	0.243745	1.36755
12.1658	0.0	0.243316	1.36996
11.5361	0.0	0.230721	1.44474
10.3674	0.0	0.207347	1.60761
9.66791	0.0	0.193358	1.72392
9.39066	0.0	0.187813	1.77481
8.10111	0.0	0.162022	2.05733
7.78647	0.0	0.155729	2.14047
7.76965	0.0	0.155393	2.1451
7.08025	0.0	0.141605	2.35397
5.73011	0.0	0.114602	2.90861
4.44763	0.0	0.0889527	3.74731
12.0029	0.0	0.240057	1.38856
11.8816	0.0	0.237632	1.40273
11.3394	0.0	0.226788	1.4698
10.9092	0.0	0.218185	1.52776
9.88332	0.0	0.197666	1.68634
8.98061	0.0	0.179612	1.85585
8.31527	0.0	0.166305	2.00434
7.8812	0.0	0.157624	2.11474
7.86484	0.0	0.157297	2.11914
7.04509	0.0	0.140902	2.36571
6.05291	0.0	0.121058	2.7535
4.29102	0.0	0.0858205	3.88408
11.9364	0.0	0.238727	1.39629
11.619	0.0	0.23238	1.43443
11.2636	0.0	0.225271	1.4797
11.2515	0.0	0.225031	1.48128
9.96839	0.0	0.199368	1.67195
8.81209	0.0	0.176242	1.89134
8.39956	0.0	0.167991	1.98423
7.91272	0.0	0.158254	2.10631
7.8965	0.0	0.15793	2.11064
7.03139	0.0	0.140628	2.37032
6.19577	0.0	0.123915	2.69001
4.23619	0.0	0.0847237	3.93436
12.3002	0.0	0.246003	1.355
12.3002	0.0	0.246003	1.355
11.5563	0.0	0.231126	1.44222
9.94201	0.0	0.19884	1.67639
9.94201	0.0	0.19884	1.67639
9.35234	0.0	0.187047	1.78208
7.90671	0.0	0.158134	2.10791
7.90671	0.0	0.158134	2.10791
7.76001	0.0	0.1552	2.14776
7.2688	0.0	0.145376	2.2929
5.16862	0.0	0.103372	3.22459
4.73021	0.0	0.0946042	3.52345
12.1835	0.0	0.243671	1.36797
12.1602	0.0	0.243204	1.37059
11.3368	0.0	0.226735	1.47014
10.4474	0.0	0.208947	1.5953
10.0917	0.0	0.201834	1.65152
8.82729	0.0	0.176546	1.88808
8.13869	0.0	0.162774	2.04783
8.11304	0.0	0.162261	2.05431
7.85052	0.0	0.15701	2.123
7.28125	0.0	0.145625	2.28898
5.33007	0.0	0.106601	3.12692
4.5782	0.0	0.091564	3.64044
12.0918	0.0	0.241836	1.37835
11.9725	0.0	0.23945	1.39208
11.1752	0.0	0.223504	1.4914
10.8613	0.0	0.217226	1.5345
10.1946	0.0	0.203892	1.63485
8.40701	0.0	0.16814	1.98247
8.29251	0.0	0.16585	2.00984
8.23519	0.0	0.164704	2.02383
7.99158	0.0	0.159832	2.08553
7.23329	0.0	0.144666	2.30416
5.60988	0.0	0.112198	2.97095
4.41246	0.0	0.0882493	3.77718
12.0563	0.0	0.241126	1.3824
11.8577	0.0	0.237154	1.40556
11.1146	0.0	0.222292	1.49953
11.0526	0.0	0.221053	1.50794
10.2322	0.0	0.204643	1.62885
8.3464	0.0	0.166928	1.99687
8.27564	0.0	0.165513	2.01394
8.23409	0.0	0.164682	2.02411
8.05144	0.0	0.161029	2.07002
7.21145	0.0	0.144229	2.31114
5.74267	0.0	0.114853	2.90225
4.35092	0.0	0.0870185	3.8306
12.1403	0.0	0.242806	1.37284
12.1403	0.0	0.242806	1.37284
11.1559	0.0	0.223119	1.49397
10.4616	0.0	0.209232	1.59313
10.4616	0.0	0.209232	1.59313
8.40429	0.0	0.168086	1.98311
8.40429	0.0	0.168086	1.98311
8.28984	0.0	0.165797	2.01049
7.70879	0.0	0.154176	2.16203
7.4238	0.0	0.148476	2.24503
5.10761	0.0	0.102152	3.26311
4.7461	0.0	0.094922	3.51166
12.1303	0.0	0.242607	1.37396
12.0694	0.0	0.241387	1.38091
11.0257	0.0	0.220513	1.51162
10.734	0.0	0.21468	1.5527
10.4391	0.0	0.208782	1.59656
8.6139	0.0	0.172278	1.93486
8.56339	0.0	0.171268	1.94627
7.85764	0.0	0.157153	2.12108
7.74314	0.0	0.154863	2.15244
7.41053	0.0	0.148211	2.24905
5.2599	0.0	0.105198	3.16863
4.67231	0.0	0.0934462	3.56711
12.1277	0.0	0.242553	1.37427
12.0317	0.0	0.240634	1.38523
10.9776	0.0	0.219551	1.51825
10.8398	0.0	0.216796	1.53754
10.4237	0.0	0.208475	1.59891
8.69196	0.0	0.173839	1.91748
8.61627	0.0	0.172325	1.93433
7.78231	0.0	0.155646	2.14161
7.67814	0.0	0.153563	2.17066
7.38283	0.0	0.147657	2.25749
5.38077	0.0	0.107615	3.09745
4.61318	0.0	0.0922635	3.61284
12.1383	0.0	0.242766	1.37306
12.1383	0.0	0.242766	1.37306
10.9183	0.0	0.218365	1.5265
10.5998	0.0	0.211997	1.57235
10.5998	0.0	0.211997	1.57235
8.81298	0.0	0.17626	1.89115
8.81298	0.0	0.17626	1.89115
7.60501	0.0	0.1521	2.19154
7.52038	0.0	0.150408	2.2162
7.40969	0.0	0.148194	2.24931
5.07368	0.0	0.101474	3.28493
4.92344	0.0	0.0984687	3.38517
12.1628	0.0	0.243257	1.3703
12.1375	0.0	0.24275	1.37315
10.8788	0.0	0.217575	1.53204
10.6567	0.0	0.213134	1.56396
10.5399	0.0	0.210799	1.58129
8.91077	0.0	0.178215	1.8704
8.88035	0.0	0.177607	1.8768
7.61168	0.0	0.152234	2.18962
7.50736	0.0	0.150147	2.22004
7.21981	0.0	0.144396	2.30846
5.145	0.0	0.1029	3.23939
4.91432	0.0	0.0982864	3.39145
12.173	0.0	0.24346	1.36915
12.173	0.0	0.24346	1.36915
10.8424	0.0	0.216848	1.53717
10.5789	0.0	0.211577	1.57547
10.5789	0.0	0.211577	1.57547
8.98588	0.0	0.179718	1.85476
8.98588	0.0	0.179718	1.85476
7.55317	0.0	0.151063	2.20658
7.55317	0.0	0.151063	2.20658
7.02239	0.0	0.140448	2.37336
5.06286	0.0	0.101257	3.29195
5.06286	0.0	0.101257	3.29195
12.6313	0.0	0.252626	1.31947
12.6313	0.0	0.252626	1.31947
12.6313	0.0	0.252626	1.31947
10.9429	0.0	0.218857	1.52306
8.24147	0.0	0.164829	2.02229
8.24147	0.0	0.164829	2.02229
8.24147	0.0	0.164829	2.02229
7.1036	0.0	0.142072	2.34623
7.1036	0.0	0.142072	2.34623
7.1036	0.0	0.142072	2.34623
5.0117	0.0	0.100234	3.32555
5.0117	0.0	0.100234	3.32555
12.5953	0.0	0.251906	1.32325
12.4372	0.0	0.248744	1.34007
12.4372	0.0	0.248744	1.34007
10.4202	0.0	0.208404	1.59946
8.97617	0.0	0.179523	1.85677
8.4165	0.0	0.16833	1.98024
8.4165	0.0	0.16833	1.98024
7.34152	0.0	0.14683	2.27019
7.25521	0.0	0.145104	2.2972
7.25521	0.0	0.145104	2.2972
5.05997	0.0	0.101199	3.29383
4.6507	0.0	0.093014	3.58369
12.4609	0.0	0.249219	1.33751
12.2147	0.0	0.244293	1.36448
12.2147	0.0	0.244293	1.36448
9.87377	0.0	0.197475	1.68797
9.67672	0.0	0.193534	1.72235
8.6572	0.0	0.173144	1.92518
8.6572	0.0	0.173144	1.92518
7.53107	0.0	0.150621	2.21305
7.36487	0.0	0.147297	2.26299
7.36487	0.0	0.147297	2.26299
5.29653	0.0	0.105931	3.14672
4.33111	0.0	0.0866223	3.84812
12.2315	0.0	0.244631	1.3626
11.9929	0.0	0.239857	1.38971
11.9929	0.0	0.239857	1.38971
10.3222	0.0	0.206443	1.61465
9.34582	0.0	0.186916	1.78333
8.91872	0.0	0.178374	1.86873
8.91872	0.0	0.178374	1.86873
7.66886	0.0	0.153377	2.17329
7.43008	0.0	0.148602	2.24314
7.43008	0.0	0.148602	2.24314
5.64415	0.0	0.112883	2.95291
4.07685	0.0	0.081537	4.08812
11.9207	0.0	0.238414	1.39813
11.8186	0.0	0.236373	1.4102
11.8186	0.0	0.236373	1.4102
10.8871	0.0	0.217742	1.53086
9.12875	0.0	0.182575	1.82573
9.12875	0.0	0.182575	1.82573
8.91978	0.0	0.178396	1.86851
7.75248	0.0	0.15505	2.14985
7.46275	0.0	0.149255	2.23331
7.46275	0.0	0.149255	2.23331
5.98038	0.0	0.119608	2.78689
3.91179	0.0	0.0782357	4.26063
11.7504	0.0	0.235008	1.41839
11.7504	0.0	0.235008	1.41839
11.6647	0.0	0.233295	1.42881
11.2285	0.0	0.22457	1.48432
9.21095	0.0	0.184219	1.80944
9.21095	0.0	0.184219	1.80944
8.74363	0.0	0.174873	1.90615
7.78052	0.0	0.15561	2.1421
7.47255	0.0	0.149451	2.23038
7.47255	0.0	0.149451	2.23038
6.12978	0.0	0.122596	2.71896
3.8544	0.0	0.077088	4.32406
12.4685	0.0	0.24937	1.3367
12.4685	0.0	0.24937	1.3367
12.2634	0.0	0.245267	1.35906
9.85732	0.0	0.197146	1.69079
9.11368	0.0	0.182274	1.82875
9.11368	0.0	0.182274	1.82875
8.42956	0.0	0.168591	1.97717
7.53909	0.0	0.150782	2.2107
7.53909	0.0	0.150782	2.2107
7.4093	0.0	0.148186	2.24943
4.75808	0.0	0.0951616	3.50281
4.46655	0.0	0.0893311	3.73144
12.4073	0.0	0.248145	1.3433
12.3219	0.0	0.246438	1.35261
12.075	0.0	0.241501	1.38026
9.76663	0.0	0.195333	1.70649
9.27541	0.0	0.185508	1.79687
9.26001	0.0	0.1852	1.79985
8.51357	0.0	0.170271	1.95766
7.76031	0.0	0.155206	2.14768
7.72435	0.0	0.154487	2.15768
7.52406	0.0	0.150481	2.21512
4.83754	0.0	0.0967508	3.44528
4.15649	0.0	0.0831298	4.00979
12.2633	0.0	0.245267	1.35906
12.1787	0.0	0.243574	1.36851
11.8978	0.0	0.237956	1.40082
10.3455	0.0	0.206909	1.61101
9.4019	0.0	0.188038	1.77269
8.7168	0.0	0.174336	1.91202
8.64764	0.0	0.172953	1.92731
7.91923	0.0	0.158385	2.10458
7.87048	0.0	0.15741	2.11762
7.58349	0.0	0.15167	2.19776
5.12034	0.0	0.102407	3.25499
3.85981	0.0	0.0771962	4.318
12.0715	0.0	0.241429	1.38067
12.0705	0.0	0.241409	1.38078
11.7666	0.0	0.235332	1.41644
10.8029	0.0	0.216058	1.54279
9.51092	0.0	0.190218	1.75237
8.77031	0.0	0.175406	1.90035
8.26621	0.0	0.165324	2.01624
8.01509	0.0	0.160302	2.07941
7.96178	0.0	0.159236	2.09333
7.60544	0.0	0.152109	2.19141
5.43051	0.0	0.10861	3.06908
3.65975	0.0	0.0731951	4.55404
12.0295	0.0	0.240589	1.38549
11.9573	0.0	0.239147	1.39385
11.7173	0.0	0.234347	1.42239
11.0063	0.0	0.220126	1.51428
9.5527	0.0	0.191054	1.74471
8.81973	0.0	0.176395	1.8897
8.07904	0.0	0.161581	2.06295
8.04713	0.0	0.160943	2.07113
7.99255	0.0	0.159851	2.08527
7.61033	0.0	0.152207	2.19
5.57497	0.0	0.111499	2.98955
3.5892	0.0	0.0717841	4.64356
12.347	0.0	0.246939	1.34986
12.347	0.0	0.246939	1.34986
11.9296	0.0	0.238591	1.39709
9.81769	0.0	0.196354	1.69762
9.81769	0.0	0.196354	1.69762
8.66228	0.0	0.173246	1.92405
8.42964	0.0	0.168593	1.97715
7.99773	0.0	0.159955	2.08393
7.99773	0.0	0.159955	2.08393
7.66216	0.0	0.153243	2.17519
4.55796	0.0	0.0911592	3.65661
4.0756	0.0	0.0815119	4.08938
12.3047	0.0	0.246094	1.35449
12.2923	0.0	0.245846	1.35586
11.7979	0.0	0.235958	1.41268
10.2913	0.0	0.205827	1.61949
9.83396	0.0	0.196679	1.69481
8.42338	0.0	0.168468	1.97862
8.21112	0.0	0.164222	2.02977
8.19039	0.0	0.163808	2.0349
8.07576	0.0	0.161515	2.06379
7.73768	0.0	0.154754	2.15396
4.66945	0.0	0.0933891	3.5693
3.85601	0.0	0.0771202	4.32226
12.2544	0.0	0.245087	1.36006
12.231	0.0	0.244621	1.36265
11.704	0.0	0.23408	1.42401
10.6295	0.0	0.212591	1.56796
9.82929	0.0	0.196586	1.69561
8.46244	0.0	0.169249	1.96949
8.36361	0.0	0.167272	1.99276
8.30521	0.0	0.166104	2.00677
7.75619	0.0	0.155124	2.14882
7.60066	0.0	0.152013	2.19279
4.93564	0.0	0.0987128	3.3768
3.64888	0.0	0.0729776	4.56761
12.2408	0.0	0.244817	1.36156
12.1916	0.0	0.243832	1.36706
11.6696	0.0	0.233393	1.42821
10.7581	0.0	0.215161	1.54923
9.82411	0.0	0.196482	1.69651
8.48455	0.0	0.169691	1.96435
8.41978	0.0	0.168396	1.97947
8.34338	0.0	0.166868	1.99759
7.75651	0.0	0.15513	2.14873
7.40129	0.0	0.148026	2.25186
5.07345	0.0	0.101469	3.28507
3.57157	0.0	0.0714314	4.66648
12.3462	0.0	0.246923	1.34995
12.3462	0.0	0.246923	1.34995
11.7076	0.0	0.234152	1.42358
10.1849	0.0	0.203697	1.63641
10.1849	0.0	0.203697	1.63641
8.45155	0.0	0.169031	1.97203
8.45155	0.0	0.169031	1.97203
8.27588	0.0	0.165518	2.01388
7.85099	0.0	0.15702	2.12288
7.4616	0.0	0.149232	2.23366
4.41435	0.0	0.0882869	3.77557
3.93994	0.0	0.0787989	4.23018
12.3764	0.0	0.247528	1.34665
12.3614	0.0	0.247228	1.34828
11.6436	0.0	0.232872	1.4314
10.4188	0.0	0.208376	1.59967
10.0723	0.0	0.201445	1.65471
8.65631	0.0	0.173126	1.92538
8.59429	0.0	0.171886	1.93927
8.22693	0.0	0.164539	2.02587
7.88768	0.0	0.157754	2.113
6.9577	0.0	0.139154	2.39543
4.53883	0.0	0.0907766	3.67202
3.84916	0.0	0.0769832	4.32995
12.3874	0.0	0.247749	1.34545
12.3625	0.0	0.24725	1.34817
11.6204	0.0	0.232407	1.43426
10.5018	0.0	0.210036	1.58703
10.0209	0.0	0.200419	1.66318
8.73822	0.0	0.174764	1.90733
8.6416	0.0	0.172832	1.92866
8.22627	0.0	0.164525	2.02603
7.8859	0.0	0.157718	2.11348
6.74159	0.0	0.134832	2.47221
4.66528	0.0	0.0933057	3.57249
3.78206	0.0	0.0756412	4.40677
12.4446	0.0	0.248893	1.33926
12.4446	0.0	0.248893	1.33926
11.5995	0.0	0.231991	1.43684
10.2261	0.0	0.204523	1.62981
10.2261	0.0	0.204523	1.62981
8.83352	0.0	0.17667	1.88675
8.83352	0.0	0.17667	1.88675
8.08896	0.0	0.161779	2.06042
7.96759	0.0	0.159352	2.09181
6.41632	0.0	0.128326	2.59754
4.32821	0.0	0.0865642	3.85071
4.10035	0.0	0.0820069	4.0647
12.4731	0.0	0.249463	1.33621
12.4664	0.0	0.249328	1.33693
11.5833	0.0	0.231666	1.43885
10.279	0.0	0.20558	1.62143
10.1402	0.0	0.202804	1.64362
8.93502	0.0	0.1787	1.86532
8.89277	0.0	0.177855	1.87418
8.06294	0.0	0.161259	2.06707
7.97513	0.0	0.159503	2.08983
6.17405	0.0	0.123481	2.69947
4.39478	0.0	0.0878955	3.79238
4.10962	0.0	0.0821924	4.05553
12.5012	0.0	0.250025	1.3332
12.5012	0.0	0.250025	1.3332
11.5695	0.0	0.231391	1.44056
10.1802	0.0	0.203603	1.63717
10.1802	0.0	0.203603	1.63717
9.00163	0.0	0.180033	1.85152
9.00163	0.0	0.180033	1.85152
8.00701	0.0	0.16014	2.08151
8.00701	0.0	0.16014	2.08151
5.90998	0.0	0.1182	2.82009
4.29953	0.0	0.0859906	3.87639
4.29953	0.0	0.0859906	3.87639
12.3748	0.0	0.247497	1.34682
12.3748	0.0	0.247497	1.34682
12.3748	0.0	0.247497	1.34682
9.24346	0.0	0.184869	1.80308
9.11867	0.0	0.182373	1.82775
9.11867	0.0	0.182373	1.82775
9.11867	0.0	0.182373	1.82775
7.69886	0.0	0.153977	2.16482
7.69886	0.0	0.153977	2.16482
7.69886	0.0	0.153977	2.16482
4.26613	0.0	0.0853225	3.90674
4.26613	0.0	0.0853225	3.90674
12.4019	0.0	0.248039	1.34387
12.2746	0.0	0.245492	1.35782
12.2746	0.0	0.245492	1.35782
9.7335	0.0	0.19467	1.7123
9.13023	0.0	0.182605	1.82544
9.13023	0.0	0.182605	1.82544
8.61438	0.0	0.172288	1.93475
7.92849	0.0	0.15857	2.10212
7.85689	0.0	0.157138	2.12128
7.85689	0.0	0.157138	2.12128
4.30518	0.0	0.0861037	3.8713
3.81399	0.0	0.0762798	4.36988
12.3599	0.0	0.247197	1.34845
12.1834	0.0	0.243669	1.36798
12.1834	0.0	0.243669	1.36798
10.2441	0.0	0.204881	1.62696
9.14759	0.0	0.182952	1.82197
9.14759	0.0	0.182952	1.82197
8.09487	0.0	0.161897	2.05892
8.01222	0.0	0.160244	2.08016
7.98818	0.0	0.159764	2.08642
7.98818	0.0	0.159764	2.08642
4.53268	0.0	0.0906536	3.677
3.43885	0.0	0.0687769	4.84659
12.2853	0.0	0.245705	1.35664
12.1188	0.0	0.242376	1.37527
12.1188	0.0	0.242376	1.37527
10.6036	0.0	0.212072	1.57179
9.16461	0.0	0.183292	1.81859
9.16461	0.0	0.183292	1.81859
8.19564	0.0	0.163913	2.0336
8.07359	0.0	0.161472	2.06434
8.07359	0.0	0.161472	2.06434
7.52362	0.0	0.150472	2.21525
4.82195	0.0	0.096439	3.45642
3.1855	0.0	0.0637099	5.23205
12.2452	0.0	0.244905	1.36107
12.0953	0.0	0.241906	1.37795
12.0953	0.0	0.241906	1.37795
10.7392	0.0	0.214785	1.55194
9.17188	0.0	0.183438	1.81715
9.17188	0.0	0.183438	1.81715
8.22939	0.0	0.164588	2.02526
8.10297	0.0	0.162059	2.05686
8.10297	0.0	0.162059	2.05686
7.31809	0.0	0.146362	2.27746
4.96584	0.0	0.0993169	3.35626
3.09519	0.0	0.0619038	5.3847
12.3976	0.0	0.247952	1.34434
12.3976	0.0	0.247952	1.34434
12.2249	0.0	0.244499	1.36333
9.66484	0.0	0.193297	1.72446
9.66484	0.0	0.193297	1.72446
9.01523	0.0	0.180305	1.84872
8.11528	0.0	0.162306	2.05374
8.11528	0.0	0.162306	2.05374
7.99075	0.0	0.159815	2.08575
7.94175	0.0	0.158835	2.09861
3.94378	0.0	0.0788755	4.22607
3.59022	0.0	0.0718043	4.64225
12.4569	0.0	0.249138	1.33795
12.3949	0.0	0.247898	1.34464
12.1805	0.0	0.24361	1.36831
10.0864	0.0	0.201729	1.65239
9.57408	0.0	0.191482	1.74081
8.92467	0.0	0.178493	1.86748
8.30039	0.0	0.166008	2.00794
8.2974	0.0	0.165948	2.00866
8.1058	0.0	0.162116	2.05614
7.29828	0.0	0.145966	2.28364
4.01188	0.0	0.0802376	4.15433
3.2455	0.0	0.0649099	5.13532
12.4743	0.0	0.249486	1.33608
12.3936	0.0	0.247871	1.34478
12.1495	0.0	0.24299	1.3718
10.3617	0.0	0.207234	1.60849
9.48842	0.0	0.189768	1.75653
8.86652	0.0	0.17733	1.87973
8.4406	0.0	0.168812	1.97458
8.41183	0.0	0.168237	1.98134
8.18382	0.0	0.163676	2.03654
6.77098	0.0	0.13542	2.46149
4.26074	0.0	0.0852147	3.91169
2.96326	0.0	0.0592653	5.62443
12.4759	0.0	0.249518	1.33591
12.3932	0.0	0.247864	1.34483
12.1383	0.0	0.242767	1.37306
10.4584	0.0	0.209168	1.59361
9.45091	0.0	0.189018	1.7635
8.84642	0.0	0.176929	1.884
8.49774	0.0	0.169955	1.9613
8.44905	0.0	0.168981	1.97261
8.2115	0.0	0.16423	2.02967
6.54495	0.0	0.130899	2.54649
4.40207	0.0	0.0880415	3.7861
2.85875	0.0	0.057175	5.83006
12.5373	0.0	0.250747	1.32936
12.5373	0.0	0.250747	1.32936
12.1734	0.0	0.243467	1.36911
9.90123	0.0	0.198025	1.68329
9.90123	0.0	0.198025	1.68329
8.74978	0.0	0.174996	1.90481
8.51555	0.0	0.170311	1.9572
8.51555	0.0	0.170311	1.9572
8.20682	0.0	0.164136	2.03083
6.61271	0.0	0.132254	2.5204
3.69904	0.0	0.0739809	4.50567
3.19387	0.0	0.0638774	5.21833
12.6181	0.0	0.252363	1.32085
12.5898	0.0	0.251796	1.32382
12.1665	0.0	0.24333	1.36988
10.1075	0.0	0.202151	1.64894
9.7307	0.0	0.194614	1.71279
8.70278	0.0	0.174056	1.9151
8.64553	0.0	0.172911	1.92778
8.63636	0.0	0.172727	1.92983
8.27674	0.0	0.165535	2.01368
6.04022	0.0	0.120804	2.75928
3.79824	0.0	0.0759648	4.38799
3.03061	0.0	0.0606122	5.49944
12.6441	0.0	0.252883	1.31813
12.6079	0.0	0.252158	1.32192
12.1638	0.0	0.243275	1.37019
10.1781	0.0	0.203562	1.6375
9.65296	0.0	0.193059	1.72659
8.78592	0.0	0.175718	1.89698
8.68872	0.0	0.173774	1.9182
8.59622	0.0	0.171924	1.93884
8.30255	0.0	0.166051	2.00742
5.78642	0.0	0.115728	2.88031
3.93019	0.0	0.0786037	4.24068
2.93884	0.0	0.0587769	5.67117
12.7073	0.0	0.254147	1.31158
12.7073	0.0	0.254147	1.31158
12.1744	0.0	0.243487	1.369
9.88104	0.0	0.197621	1.68673
9.88104	0.0	0.197621	1.68673
8.85963	0.0	0.177193	1.88119
8.85963	0.0	0.177193	1.88119
8.48993	0.0	0.169799	1.96311
8.33951	0.0	0.16679	1.99852
5.40813	0.0	0.108163	3.08178
3.54558	0.0	0.0709116	4.70069
3.24248	0.0	0.0648496	5.1401
12.7465	0.0	0.254929	1.30755
12.7375	0.0	0.25475	1.30847
12.1765	0.0	0.243531	1.36875
9.93204	0.0	0.198641	1.67807
9.77527	0.0	0.195505	1.70498
8.9613	0.0	0.179226	1.85985
8.9118	0.0	0.178236	1.87018
8.43828	0.0	0.168766	1.97513
8.36305	0.0	0.167261	1.99289
5.10846	0.0	0.102169	3.26256
3.60858	0.0	0.0721715	4.61863
3.25605	0.0	0.065121	5.11867
12.7808	0.0	0.255616	1.30404
12.7808	0.0	0.255616	1.30404
12.1803	0.0	0.243607	1.36833
9.81623	0.0	0.196325	1.69787
9.81623	0.0	0.196325	1.69787
9.02018	0.0	0.180404	1.84771
9.02018	0.0	0.180404	1.84771
8.38425	0.0	0.167685	1.98785
8.38425	0.0	0.167685	1.98785
4.76176	0.0	0.0952353	3.5001
3.49322	0.0	0.0698643	4.77115
3.49322	0.0	0.0698643	4.77115
12.4442	0.0	0.248884	1.33931
12.4442	0.0	0.248884	1.33931
12.4442	0.0	0.248884	1.33931
9.49788	0.0	0.189958	1.75478
9.49788	0.0	0.189958	1.75478
9.49788	0.0	0.189958	1.75478
8.25051	0.0	0.16501	2.02008
8.25051	0.0	0.16501	2.02008
8.25051	0.0	0.16501	2.02008
7.21295	0.0	0.144259	2.31066
3.35504	0.0	0.0671007	4.96766
3.35504	0.0	0.0671007	4.96766
12.5923	0.0	0.251846	1.32356
12.4809	0.0	0.249618	1.33537
12.4809	0.0	0.249618	1.33537
9.85984	0.0	0.197197	1.69036
9.33259	0.0	0.186652	1.78586
9.33259	0.0	0.186652	1.78586
8.43831	0.0	0.168766	1.97512
8.3912	0.0	0.167824	1.98621
8.3912	0.0	0.167824	1.98621
6.51493	0.0	0.130299	2.55823
3.39639	0.0	0.0679278	4.90717
2.83828	0.0	0.0567656	5.87211
12.6765	0.0	0.253531	1.31477
12.5042	0.0	0.250084	1.33289
12.5042	0.0	0.250084	1.33289
10.0851	0.0	0.201702	1.6526
9.19368	0.0	0.183874	1.81284
9.19368	0.0	0.183874	1.81284
8.55189	0.0	0.171038	1.94889
8.5147	0.0	0.170294	1.9574
8.5147	0.0	0.170294	1.9574
5.93465	0.0	0.118693	2.80837
3.61695	0.0	0.0723389	4.60794
2.46611	0.0	0.0493222	6.75828
12.7037	0.0	0.254073	1.31196
12.5122	0.0	0.250243	1.33204
12.5122	0.0	0.250243	1.33204
10.1617	0.0	0.203234	1.64015
9.13253	0.0	0.182651	1.82498
9.13253	0.0	0.182651	1.82498
8.5899	0.0	0.171798	1.94026
8.57062	0.0	0.171412	1.94463
8.57062	0.0	0.171412	1.94463
5.67891	0.0	0.113578	2.93484
3.76089	0.0	0.0752177	4.43158
2.32691	0.0	0.0465383	7.16256
12.6967	0.0	0.253934	1.31268
12.6967	0.0	0.253934	1.31268
12.5449	0.0	0.250897	1.32856
9.63301	0.0	0.19266	1.73016
9.63301	0.0	0.19266	1.73016
9.12409	0.0	0.182482	1.82667
8.59533	0.0	0.171907	1.93904
8.59533	0.0	0.171907	1.93904
8.48755	0.0	0.169751	1.96366
5.76127	0.0	0.115225	2.89288
2.9844	0.0	0.0596881	5.58459
2.60484	0.0	0.0520968	6.39834
12.8265	0.0	0.25653	1.29939
12.762	0.0	0.25524	1.30596
12.5841	0.0	0.251681	1.32443
9.81678	0.0	0.196336	1.69777
9.43452	0.0	0.18869	1.76656
8.96238	0.0	0.179248	1.85963
8.7497	0.0	0.174994	1.90483
8.71809	0.0	0.174362	1.91173
8.57927	0.0	0.171585	1.94267
5.12068	0.0	0.102414	3.25477
3.06139	0.0	0.0612278	5.44415
2.28982	0.0	0.0457964	7.27859
12.8699	0.0	0.257397	1.29502
12.7842	0.0	0.255684	1.30369
12.5972	0.0	0.251945	1.32304
9.87861	0.0	0.197572	1.68715
9.33939	0.0	0.186788	1.78456
8.88815	0.0	0.177763	1.87516
8.82979	0.0	0.176596	1.88755
8.75907	0.0	0.175181	1.90279
8.6297	0.0	0.172594	1.93131
4.82551	0.0	0.0965101	3.45387
3.20108	0.0	0.0640217	5.20657
2.14385	0.0	0.042877	7.77418
12.9185	0.0	0.25837	1.29014
12.9185	0.0	0.25837	1.29014
12.6322	0.0	0.252644	1.31938
9.5819	0.0	0.191638	1.73939
9.5819	0.0	0.191638	1.73939
8.89012	0.0	0.177802	1.87474
8.89012	0.0	0.177802	1.87474
8.805	0.0	0.1761	1.89286
8.6326	0.0	0.172652	1.93067
4.40101	0.0	0.0880202	3.78701
2.73852	0.0	0.0547704	6.08601
2.38319	0.0	0.0476638	6.99343
12.9709	0.0	0.259419	1.28492
12.9495	0.0	0.258989	1.28706
12.6483	0.0	0.252965	1.3177
9.6315	0.0	0.19263	1.73043
9.46449	0.0	0.18929	1.76097
8.98633	0.0	0.179727	1.85467
8.93683	0.0	0.178737	1.86494
8.73409	0.0	0.174682	1.90823
8.66811	0.0	0.173362	1.92276
4.03862	0.0	0.0807724	4.12682
2.8006	0.0	0.056012	5.95111
2.36743	0.0	0.0473486	7.03999
13.0049	0.0	0.260097	1.28157
13.0049	0.0	0.260097	1.28157
12.6653	0.0	0.253305	1.31594
9.50637	0.0	0.190127	1.75321
9.50637	0.0	0.190127	1.75321
9.03868	0.0	0.180774	1.84393
9.03868	0.0	0.180774	1.84393
8.68142	0.0	0.173628	1.91981
8.68142	0.0	0.173628	1.91981
3.58881	0.0	0.0717762	4.64406
2.65163	0.0	0.0530325	6.28545
2.65163	0.0	0.0530325	6.28545
12.8152	0.0	0.256305	1.30053
12.8152	0.0	0.256305	1.30053
12.8152	0.0	0.256305	1.30053
9.39436	0.0	0.187887	1.77411
9.39436	0.0	0.187887	1.77411
9.39436	0.0	0.187887	1.77411
8.69022	0.0	0.173804	1.91787
8.69022	0.0	0.173804	1.91787
8.69022	0.0	0.173804	1.91787
4.93922	0.0	0.0987844	3.37435
2.31284	0.0	0.0462567	7.20616
2.31284	0.0	0.0462567	7.20616
12.9795	0.0	0.25959	1.28408
12.8881	0.0	0.257762	1.29318
12.8881	0.0	0.257762	1.29318
9.55764	0.0	0.191153	1.74381
9.19888	0.0	0.183978	1.81181
9.19888	0.0	0.183978	1.81181
8.81269	0.0	0.176254	1.89121
8.79574	0.0	0.175915	1.89486
8.79574	0.0	0.175915	1.89486
4.22469	0.0	0.0844938	3.94506
2.37796	0.0	0.0475592	7.0088
1.77618	0.0	0.0355235	9.38345
13.0346	0.0	0.260691	1.27865
12.9126	0.0	0.258253	1.29073
12.9126	0.0	0.258253	1.29073
9.61225	0.0	0.192245	1.7339
9.09895	0.0	0.181979	1.83171
9.09895	0.0	0.181979	1.83171
8.86505	0.0	0.177301	1.88004
8.86505	0.0	0.177301	1.88004
8.85365	0.0	0.177073	1.88246
3.87692	0.0	0.0775383	4.29895
2.52482	0.0	0.0504963	6.60114
1.55344	0.0	0.0310689	10.7289
13.0728	0.0	0.261456	1.27491
13.0728	0.0	0.261456	1.27491
12.9649	0.0	0.259298	1.28552
9.34212	0.0	0.186842	1.78403
9.34212	0.0	0.186842	1.78403
9.0318	0.0	0.180636	1.84533
8.92588	0.0	0.178518	1.86723
8.92588	0.0	0.178518	1.86723
8.84403	0.0	0.176881	1.88451
3.41688	0.0	0.0683377	4.87774
1.92923	0.0	0.0385846	8.63903
1.60813	0.0	0.0321626	10.364
13.1348	0.0	0.262695	1.2689
13.1042	0.0	0.262083	1.27186
12.9907	0.0	0.259813	1.28297
9.39008	0.0	0.187802	1.77492
9.22634	0.0	0.184527	1.80642
9.00693	0.0	0.180139	1.85043
8.96932	0.0	0.179386	1.85819
8.9475	0.0	0.17895	1.86272
8.88786	0.0	0.177757	1.87522
2.98145	0.0	0.059629	5.59012
1.99657	0.0	0.0399315	8.34763
1.47944	0.0	0.0295888	11.2655
13.1684	0.0	0.263368	1.26566
13.1684	0.0	0.263368	1.26566
13.0168	0.0	0.260337	1.28039
9.26896	0.0	0.185379	1.79812
9.26896	0.0	0.185379	1.79812
9.05434	0.0	0.181087	1.84074
9.05434	0.0	0.181087	1.84074
8.89574	0.0	0.177915	1.87356
8.89574	0.0	0.177915	1.87356
2.39999	0.0	0.0479997	6.94448
1.78302	0.0	0.0356604	9.34743
1.78302	0.0	0.0356604	9.34743
13.1668	0.0	0.263335	1.26581
13.1668	0.0	0.263335	1.26581
13.1668	0.0	0.263335	1.26581
9.16861	0.0	0.183372	1.8178
9.16861	0.0	0.183372	1.8178
9.16861	0.0	0.183372	1.8178
8.97173	0.0	0.179435	1.85769
8.97173	0.0	0.179435	1.85769
8.97173	0.0	0.179435	1.85769
2.50802	0.0	0.0501603	6.64536
1.1797	0.0	0.023594	14.1279
1.1797	0.0	0.023594	14.1279
13.2344	0.0	0.264688	1.25934
13.1983	0.0	0.263966	1.26279
13.1983	0.0	0.263966	1.26279
9.21433	0.0	0.184287	1.80878
9.0764	0.0	0.181528	1.83626
9.0764	0.0	0.181528	1.83626
9.02046	0.0	0.180409	1.84765
9.02046	0.0	0.180409	1.84765
9.01444	0.0	0.180289	1.84889
1.96577	0.0	0.0393154	8.47845
1.26772	0.0	0.0253544	13.147
0.77728	0.0	0.0155456	21.4423
13.2678	0.0	0.265357	1.25617
13.2678	0.0	0.265357	1.25617
13.2299	0.0	0.264598	1.25977
9.11951	0.0	0.18239	1.82758
9.11951	0.0	0.18239	1.82758
9.06479	0.0	0.181296	1.83862
9.06479	0.0	0.181296	1.83862
9.02517	0.0	0.180503	1.84669
9.02517	0.0	0.180503	1.84669
1.20204	0.0	0.0240408	13.8653
0.896127	0.0	0.0179225	18.5986
0.896127	0.0	0.0179225	18.5986
13.3012	0.0	0.266025	1.25302
13.3012	0.0	0.266025	1.25302
13.3012	0.0	0.266025	1.25302
9.06846	0.0	0.181369	1.83787
9.06846	0.0	0.181369	1.83787
9.06846	0.0	0.181369	1.83787
9.06846	0.0	0.181369	1.83787
9.06846	0.0	0.181369	1.83787
9.06846	0.0	0.181369	1.83787
0	0.0	0	0
0	0.0	0	0
0	0.0	0	0
