1980 Out of 49152 QH, Third, Fourth Freq in rad/ps and Lifetimes in ps for a 16x16x16 Ar Lattice at 10K. (atoms/UC=4)
13.3026	-0.443569	1.03726	2.87738
13.3026	-0.443569	1.03726	2.87738
13.3026	-0.443569	1.03726	2.87738
13.3026	-0.443569	1.03726	2.87738
6.01832	-0.183055	0.417561	110.99
6.01832	-0.183055	0.417561	110.99
6.01832	-0.183055	0.417561	110.99
6.01832	-0.183055	0.417561	110.99
6.01832	-0.183055	0.417561	110.99
6.01832	-0.183055	0.417561	110.99
6.01832	-0.183055	0.417561	110.99
6.01832	-0.183055	0.417561	110.99
13.2572	-0.439735	1.03338	2.7106
13.2572	-0.439735	1.03338	2.7106
13.2572	-0.439735	1.03338	2.7106
13.2572	-0.439735	1.03338	2.7106
6.12245	-0.190711	0.426469	118.825
6.12245	-0.190711	0.426469	118.825
6.12245	-0.190711	0.426469	118.825
6.12245	-0.190711	0.426469	118.825
6.01807	-0.183972	0.417634	106.929
6.01807	-0.183972	0.417634	106.929
6.01807	-0.183972	0.417634	106.929
6.01807	-0.183972	0.417634	106.929
13.1222	-0.428712	1.0219	2.75176
13.1222	-0.428712	1.0219	2.75176
13.1222	-0.428712	1.0219	2.75176
13.1222	-0.428712	1.0219	2.75176
6.41937	-0.21163	0.451732	111.453
6.41937	-0.21163	0.451732	111.453
6.41937	-0.21163	0.451732	111.453
6.41937	-0.21163	0.451732	111.453
6.01738	-0.186267	0.417823	123.738
6.01738	-0.186267	0.417823	123.738
6.01738	-0.186267	0.417823	123.738
6.01738	-0.186267	0.417823	123.738
12.902	-0.419549	1.00384	2.88478
12.902	-0.419549	1.00384	2.88478
12.902	-0.419549	1.00384	2.88478
12.902	-0.419549	1.00384	2.88478
6.869	-0.241382	0.48967	59.1468
6.869	-0.241382	0.48967	59.1468
6.869	-0.241382	0.48967	59.1468
6.869	-0.241382	0.48967	59.1468
6.01634	-0.189214	0.418076	120.767
6.01634	-0.189214	0.418076	120.767
6.01634	-0.189214	0.418076	120.767
6.01634	-0.189214	0.418076	120.767
12.6048	-0.415762	0.980183	2.86038
12.6048	-0.415762	0.980183	2.86038
12.6048	-0.415762	0.980183	2.86038
12.6048	-0.415762	0.980183	2.86038
7.41959	-0.272748	0.535484	51.8984
7.41959	-0.272748	0.535484	51.8984
7.41959	-0.272748	0.535484	51.8984
7.41959	-0.272748	0.535484	51.8984
6.01511	-0.191437	0.418297	121.738
6.01511	-0.191437	0.418297	121.738
6.01511	-0.191437	0.418297	121.738
6.01511	-0.191437	0.418297	121.738
12.2457	-0.415391	0.952227	2.87352
12.2457	-0.415391	0.952227	2.87352
12.2457	-0.415391	0.952227	2.87352
12.2457	-0.415391	0.952227	2.87352
8.01619	-0.304992	0.584519	37.9131
8.01619	-0.304992	0.584519	37.9131
8.01619	-0.304992	0.584519	37.9131
8.01619	-0.304992	0.584519	37.9131
6.01388	-0.194885	0.418594	122.037
6.01388	-0.194885	0.418594	122.037
6.01388	-0.194885	0.418594	122.037
6.01388	-0.194885	0.418594	122.037
11.8551	-0.423834	0.923153	2.82172
11.8551	-0.423834	0.923153	2.82172
11.8551	-0.423834	0.923153	2.82172
11.8551	-0.423834	0.923153	2.82172
8.59752	-0.334838	0.631314	21.9413
8.59752	-0.334838	0.631314	21.9413
8.59752	-0.334838	0.631314	21.9413
8.59752	-0.334838	0.631314	21.9413
6.01284	-0.196517	0.418765	109.193
6.01284	-0.196517	0.418765	109.193
6.01284	-0.196517	0.418765	109.193
6.01284	-0.196517	0.418765	109.193
11.5031	-0.441776	0.899015	3.37744
11.5031	-0.441776	0.899015	3.37744
11.5031	-0.441776	0.899015	3.37744
11.5031	-0.441776	0.899015	3.37744
9.07208	-0.355805	0.66781	17.814
9.07208	-0.355805	0.66781	17.814
9.07208	-0.355805	0.66781	17.814
9.07208	-0.355805	0.66781	17.814
6.01214	-0.198655	0.418945	124.828
6.01214	-0.198655	0.418945	124.828
6.01214	-0.198655	0.418945	124.828
6.01214	-0.198655	0.418945	124.828
11.3439	-0.439975	0.888217	3.4496
11.3439	-0.439975	0.888217	3.4496
11.3439	-0.439975	0.888217	3.4496
11.3439	-0.439975	0.888217	3.4496
9.2734	-0.368615	0.682656	26.0319
9.2734	-0.368615	0.682656	26.0319
9.2734	-0.368615	0.682656	26.0319
9.2734	-0.368615	0.682656	26.0319
6.0119	-0.198756	0.418968	106.317
6.0119	-0.198756	0.418968	106.317
6.0119	-0.198756	0.418968	106.317
6.0119	-0.198756	0.418968	106.317
13.2574	-0.440818	1.03233	2.73178
13.2574	-0.440818	1.03233	2.73178
13.1669	-0.43325	1.02688	2.8237
13.1669	-0.43325	1.02688	2.8237
6.30711	-0.203463	0.442058	115.536
6.30711	-0.203463	0.442058	115.536
6.11016	-0.188573	0.424622	107.374
6.11016	-0.188573	0.424622	107.374
6.03486	-0.185501	0.419178	112.985
6.03486	-0.185501	0.419178	112.985
6.03008	-0.18807	0.419662	130.364
6.03008	-0.18807	0.419662	130.364
13.1673	-0.439114	1.02397	2.73981
13.1673	-0.439114	1.02397	2.73981
12.9893	-0.423786	1.01323	2.92108
12.9893	-0.423786	1.01323	2.92108
6.67794	-0.228251	0.47317	115.718
6.67794	-0.228251	0.47317	115.718
6.2307	-0.200738	0.436583	112.117
6.2307	-0.200738	0.436583	112.117
6.18772	-0.193607	0.430666	119.497
6.18772	-0.193607	0.430666	119.497
5.96076	-0.185696	0.414231	118.943
5.96076	-0.185696	0.414231	118.943
12.9895	-0.435582	1.00863	2.68789
12.9895	-0.435582	1.00863	2.68789
12.7305	-0.408936	0.992713	2.91044
12.7305	-0.408936	0.992713	2.91044
7.18975	-0.258842	0.515685	73.7962
7.18975	-0.258842	0.515685	73.7962
6.59517	-0.22536	0.467681	91.2308
6.59517	-0.22536	0.467681	91.2308
6.24894	-0.198337	0.435535	114.743
6.24894	-0.198337	0.435535	114.743
5.89703	-0.18595	0.409793	98.2818
5.89703	-0.18595	0.409793	98.2818
12.7303	-0.433145	0.98713	2.71123
12.7303	-0.433145	0.98713	2.71123
12.4008	-0.3999	0.967004	3.00584
12.4008	-0.3999	0.967004	3.00584
7.78485	-0.29082	0.564664	39.8272
7.78485	-0.29082	0.564664	39.8272
7.07926	-0.252417	0.508203	42.004
7.07926	-0.252417	0.508203	42.004
6.29949	-0.202378	0.439594	102.903
6.29949	-0.202378	0.439594	102.903
5.84129	-0.187034	0.406041	124.648
5.84129	-0.187034	0.406041	124.648
12.4019	-0.429686	0.960541	2.68216
12.4019	-0.429686	0.960541	2.68216
12.0177	-0.396031	0.937682	2.99494
12.0177	-0.396031	0.937682	2.99494
8.4116	-0.326683	0.616041	28.5777
8.4116	-0.326683	0.616041	28.5777
7.62589	-0.282855	0.553363	41.3642
7.62589	-0.282855	0.553363	41.3642
6.33974	-0.206517	0.442906	117.574
6.33974	-0.206517	0.442906	117.574
5.79525	-0.18879	0.403044	115.358
5.79525	-0.18879	0.403044	115.358
12.0302	-0.43872	0.932269	2.75056
12.0302	-0.43872	0.932269	2.75056
11.6152	-0.411282	0.908793	3.01932
11.6152	-0.411282	0.908793	3.01932
9.01538	-0.360228	0.664758	21.6873
9.01538	-0.360228	0.664758	21.6873
8.16829	-0.316507	0.597419	31.5609
8.16829	-0.316507	0.597419	31.5609
6.36913	-0.209877	0.445359	108.456
6.36913	-0.209877	0.445359	108.456
5.76078	-0.189672	0.400801	119.873
5.76078	-0.189672	0.400801	119.873
11.68	-0.452917	0.907514	2.93681
11.68	-0.452917	0.907514	2.93681
11.2666	-0.427027	0.885119	3.56044
11.2666	-0.427027	0.885119	3.56044
9.51221	-0.382806	0.70309	16.8782
9.51221	-0.382806	0.70309	16.8782
8.60988	-0.329366	0.630892	23.7619
8.60988	-0.329366	0.630892	23.7619
6.38704	-0.211788	0.44685	111.253
6.38704	-0.211788	0.44685	111.253
5.73942	-0.191363	0.399493	114.154
5.73942	-0.191363	0.399493	114.154
11.5138	-0.448596	0.89599	3.18337
11.5138	-0.448596	0.89599	3.18337
11.1151	-0.426709	0.874983	4.15557
11.1151	-0.426709	0.874983	4.15557
9.72836	-0.387369	0.718412	14.5707
9.72836	-0.387369	0.718412	14.5707
8.79388	-0.340766	0.644484	23.017
8.79388	-0.340766	0.644484	23.017
6.39306	-0.211906	0.447319	109.655
6.39306	-0.211906	0.447319	109.655
5.73218	-0.190521	0.398964	108.649
5.73218	-0.190521	0.398964	108.649
13.123	-0.441774	1.01845	2.65211
13.123	-0.441774	1.01845	2.65211
12.773	-0.409351	0.997176	3.01129
12.773	-0.409351	0.997176	3.01129
7.0656	-0.251902	0.505327	78.8914
7.0656	-0.251902	0.505327	78.8914
6.3739	-0.202465	0.444887	109.178
6.3739	-0.202465	0.444887	109.178
6.08162	-0.188986	0.423547	120.883
6.08162	-0.188986	0.423547	120.883
6.06387	-0.199851	0.425443	122.69
6.06387	-0.199851	0.425443	122.69
12.9902	-0.445462	1.00616	2.67564
12.9902	-0.445462	1.00616	2.67564
12.4809	-0.397537	0.975151	3.02542
12.4809	-0.397537	0.975151	3.02542
7.58462	-0.283722	0.54807	53.2142
7.58462	-0.283722	0.54807	53.2142
6.52443	-0.210223	0.456554	111.411
6.52443	-0.210223	0.456554	111.411
6.35183	-0.212725	0.448492	98.3955
6.35183	-0.212725	0.448492	98.3955
5.93382	-0.190741	0.4143	119.075
5.93382	-0.190741	0.4143	119.075
12.7733	-0.443151	0.987074	2.65198
12.7733	-0.443151	0.987074	2.65198
12.1248	-0.391223	0.94838	3.13021
12.1248	-0.391223	0.94838	3.13021
8.18391	-0.313731	0.596795	37.7647
8.18391	-0.313731	0.596795	37.7647
6.76101	-0.236233	0.48304	55.4421
6.76101	-0.236233	0.48304	55.4421
6.64077	-0.217708	0.465732	102.427
6.64077	-0.217708	0.465732	102.427
5.81393	-0.18864	0.405584	101.269
5.81393	-0.18864	0.405584	101.269
12.4817	-0.444838	0.962869	2.65947
12.4817	-0.444838	0.962869	2.65947
11.7248	-0.394084	0.918878	3.19384
11.7248	-0.394084	0.918878	3.19384
8.81072	-0.346858	0.647684	29.7211
8.81072	-0.346858	0.647684	29.7211
7.24635	-0.263923	0.523291	50.2596
7.24635	-0.263923	0.523291	50.2596
6.72916	-0.222908	0.472698	105.592
6.72916	-0.222908	0.472698	105.592
5.7152	-0.187979	0.398574	108.187
5.7152	-0.187979	0.398574	108.187
12.1364	-0.450053	0.935593	2.6705
12.1364	-0.450053	0.935593	2.6705
11.3173	-0.400077	0.889499	3.50524
11.3173	-0.400077	0.889499	3.50524
9.41417	-0.377279	0.696103	20.5753
9.41417	-0.377279	0.696103	20.5753
7.7389	-0.286456	0.562756	37.6577
7.7389	-0.286456	0.562756	37.6577
6.79195	-0.226775	0.477666	95.5562
6.79195	-0.226775	0.477666	95.5562
5.64129	-0.188185	0.393421	117.242
5.64129	-0.188185	0.393421	117.242
11.794	-0.463985	0.910807	2.81329
11.794	-0.463985	0.910807	2.81329
10.9765	-0.412327	0.866434	4.13862
10.9765	-0.412327	0.866434	4.13862
9.91845	-0.405633	0.735508	13.1621
9.91845	-0.405633	0.735508	13.1621
8.14042	-0.308081	0.593779	27.6977
8.14042	-0.308081	0.593779	27.6977
6.82965	-0.229688	0.48069	102.163
6.82965	-0.229688	0.48069	102.163
5.59544	-0.188776	0.390276	104.127
5.59544	-0.188776	0.390276	104.127
11.6218	-0.468161	0.899306	2.86676
11.6218	-0.468161	0.899306	2.86676
10.8332	-0.407834	0.856578	5.17663
10.8332	-0.407834	0.856578	5.17663
10.1458	-0.40959	0.751567	11.0872
10.1458	-0.40959	0.751567	11.0872
8.30565	-0.310328	0.60548	26.847
8.30565	-0.310328	0.60548	26.847
6.84224	-0.229894	0.481651	105.672
6.84224	-0.229894	0.481651	105.672
5.5799	-0.189173	0.389224	101.305
5.5799	-0.189173	0.389224	101.305
12.9036	-0.446399	0.996347	2.57267
12.9036	-0.446399	0.996347	2.57267
12.1618	-0.390579	0.952175	3.19574
12.1618	-0.390579	0.952175	3.19574
8.06972	-0.311355	0.587503	62.1766
8.06972	-0.311355	0.587503	62.1766
6.77817	-0.222844	0.476222	98.7866
6.77817	-0.222844	0.476222	98.7866
6.15065	-0.193922	0.430012	114.023
6.15065	-0.193922	0.430012	114.023
6.11579	-0.215146	0.433787	123.767
6.11579	-0.215146	0.433787	123.767
12.7323	-0.451402	0.980444	2.51891
12.7323	-0.451402	0.980444	2.51891
11.7867	-0.38461	0.924647	3.31095
11.7867	-0.38461	0.924647	3.31095
8.62692	-0.338882	0.632363	37.3302
8.62692	-0.338882	0.632363	37.3303
6.9821	-0.233176	0.492219	107.044
6.9821	-0.233176	0.492219	107.044
6.46808	-0.223497	0.460088	65.9627
6.46808	-0.223497	0.460088	65.9627
5.94156	-0.198911	0.417778	121.799
5.94156	-0.198911	0.417778	121.799
12.4829	-0.453085	0.958713	2.55484
12.4829	-0.453085	0.958713	2.55484
11.3771	-0.387202	0.894993	3.71897
11.3771	-0.387202	0.894993	3.71897
9.21578	-0.369042	0.679784	23.6229
9.21578	-0.369042	0.679784	23.6229
7.13486	-0.241785	0.504347	98.3447
7.13486	-0.241785	0.504347	98.3447
6.88719	-0.244208	0.494786	48.8669
6.88719	-0.244208	0.494786	48.8669
5.78382	-0.193985	0.405958	117.027
5.78382	-0.193985	0.405958	117.027
12.1717	-0.46572	0.93377	2.57982
12.1717	-0.46572	0.93377	2.57982
10.9713	-0.390821	0.86602	4.05375
10.9713	-0.390821	0.86602	4.05375
9.78983	-0.406417	0.726328	17.1591
9.78983	-0.406417	0.726328	17.1591
7.324	-0.266493	0.529881	43.981
7.324	-0.266493	0.529881	43.981
7.241	-0.247457	0.512784	96.808
7.241	-0.247457	0.512784	96.808
5.66495	-0.191071	0.397207	101.572
5.66495	-0.191071	0.397207	101.572
11.8451	-0.472577	0.908916	2.73715
11.8451	-0.472577	0.908916	2.73715
10.6421	-0.395688	0.843505	5.19646
10.6421	-0.395688	0.843505	5.19646
10.2819	-0.429405	0.764679	10.755
10.2819	-0.429405	0.764679	10.755
7.68173	-0.28043	0.557082	33.1503
7.68173	-0.28043	0.557082	33.1503
7.3037	-0.251621	0.517828	87.2981
7.3037	-0.251621	0.517828	87.2981
5.59089	-0.189598	0.391813	112.517
5.59089	-0.189598	0.391813	112.517
11.6681	-0.48783	0.897621	2.71135
11.6681	-0.48783	0.897621	2.71135
10.5152	-0.436249	0.781403	8.40382
10.5152	-0.436249	0.781403	8.40382
10.5073	-0.385444	0.833845	5.34907
10.5073	-0.385444	0.833845	5.34907
7.82775	-0.284061	0.567522	31.9297
7.82775	-0.284061	0.567522	31.9297
7.32447	-0.25208	0.519441	88.6186
7.32447	-0.25208	0.519441	88.6186
5.56572	-0.188629	0.389956	96.9386
5.56572	-0.188629	0.389956	96.9386
12.6083	-0.45302	0.967179	2.53313
12.6083	-0.45302	0.967179	2.53313
11.4007	-0.386157	0.897416	3.75898
11.4007	-0.386157	0.897416	3.75898
9.1145	-0.362178	0.67114	22.6114
9.1145	-0.362178	0.67114	22.6114
7.27994	-0.248021	0.515729	86.7028
7.27994	-0.248021	0.515729	86.7028
6.23063	-0.198431	0.437474	101.857
6.23063	-0.198431	0.437474	101.857
6.18115	-0.222826	0.442575	76.4766
6.18115	-0.222826	0.442575	76.4766
12.406	-0.458041	0.948539	2.44166
12.406	-0.458041	0.948539	2.44166
10.9895	-0.378597	0.867429	4.25275
10.9895	-0.378597	0.867429	4.25275
9.63006	-0.39541	0.712757	18.5128
9.63006	-0.39541	0.712757	18.5128
7.51304	-0.260786	0.534421	90.7332
7.51304	-0.260786	0.534421	90.7332
6.5616	-0.225116	0.468834	71.905
6.5616	-0.225116	0.468834	71.905
5.98529	-0.203376	0.423635	92.7034
5.98529	-0.203376	0.423635	92.7034
12.137	-0.476535	0.926458	2.55045
12.137	-0.476535	0.926458	2.55045
10.5916	-0.384871	0.839642	5.27521
10.5916	-0.384871	0.839642	5.27521
10.1419	-0.42355	0.753804	13.3347
10.1419	-0.42355	0.753804	13.3347
7.67694	-0.269866	0.547679	88.8562
7.67694	-0.269866	0.547679	88.8562
6.94145	-0.241918	0.49919	45.3842
6.94145	-0.241918	0.49919	45.3842
5.81908	-0.197176	0.410873	92.3964
5.81908	-0.197176	0.410873	92.3964
11.8362	-0.488735	0.903062	2.66295
11.8362	-0.488735	0.903062	2.66295
10.5965	-0.455038	0.790165	8.09659
10.5965	-0.455038	0.790165	8.09659
10.2771	-0.378424	0.817596	6.45056
10.2771	-0.378424	0.817596	6.45056
7.77366	-0.275265	0.55554	86.1402
7.77366	-0.275265	0.55554	86.1402
7.25513	-0.256517	0.523069	36.448
7.25513	-0.256517	0.523069	36.448
5.71467	-0.192731	0.402905	95.8046
5.71467	-0.192731	0.402905	95.8046
11.6573	-0.50714	0.891463	2.7984
11.6573	-0.50714	0.891463	2.7984
10.8281	-0.452934	0.806312	6.98139
10.8281	-0.452934	0.806312	6.98139
10.151	-0.377386	0.809231	6.72968
10.151	-0.377386	0.809231	6.72968
7.80559	-0.276896	0.558131	92.0826
7.80559	-0.276896	0.558131	92.0826
7.38259	-0.261001	0.532228	49.4782
7.38259	-0.261001	0.532228	49.4782
5.67904	-0.191975	0.400244	89.1127
5.67904	-0.191975	0.400244	89.1127
12.2543	-0.483253	0.934438	2.29291
12.2543	-0.483253	0.934438	2.29291
10.5845	-0.381021	0.83907	4.88436
10.5845	-0.381021	0.83907	4.88436
10.0527	-0.425	0.746623	15.9304
10.0527	-0.425	0.746623	15.9304
7.82935	-0.27783	0.560065	90.0385
7.82935	-0.27783	0.560065	90.0385
6.30912	-0.200466	0.444697	83.9694
6.30912	-0.200466	0.444697	83.9694
6.25567	-0.227383	0.450404	107.678
6.25567	-0.227383	0.450404	107.678
12.0361	-0.501454	0.915486	2.58953
12.0361	-0.501454	0.915486	2.58953
10.4729	-0.448683	0.780118	12.5069
10.4729	-0.448683	0.780118	12.5069
10.2003	-0.37764	0.811975	6.56097
10.2003	-0.37764	0.811975	6.56097
8.06276	-0.291262	0.579303	92.4075
8.06276	-0.291262	0.579303	92.4075
6.61178	-0.22497	0.47296	46.9796
6.61178	-0.22497	0.47296	46.9796
6.06751	-0.204365	0.431215	83.3178
6.06751	-0.204365	0.431215	83.3179
11.775	-0.511395	0.894046	2.78911
11.775	-0.511395	0.894046	2.78911
10.86	-0.478178	0.811448	6.94092
10.86	-0.478178	0.811448	6.94092
9.90271	-0.358946	0.790511	8.18861
9.90271	-0.358946	0.790511	8.18861
8.20419	-0.299533	0.591077	86.2788
8.20419	-0.299533	0.591077	86.2788
6.88467	-0.235293	0.493488	32.6672
6.88467	-0.235293	0.493488	32.6672
5.93302	-0.197475	0.420561	85.1197
5.93302	-0.197475	0.420561	85.1197
11.6	-0.524327	0.881812	2.99282
11.6	-0.524327	0.881812	2.99282
11.0779	-0.486986	0.827614	5.97435
11.0779	-0.486986	0.827614	5.97435
9.78538	-0.35693	0.782743	8.8127
9.78538	-0.35693	0.782743	8.8127
8.25138	-0.301842	0.594996	84.4412
8.25138	-0.301842	0.594996	84.4412
6.99546	-0.237058	0.501242	36.1006
6.99546	-0.237058	0.501242	36.1006
5.88688	-0.195379	0.416952	87.4681
5.88688	-0.195379	0.416952	87.4681
11.8764	-0.513579	0.899908	2.82398
11.8764	-0.513579	0.899908	2.82398
10.7854	-0.478595	0.805491	8.34319
10.7854	-0.478595	0.805491	8.34319
9.83396	-0.355298	0.785177	8.67144
9.83396	-0.355298	0.785177	8.67144
8.3653	-0.308907	0.604666	82.365
8.3653	-0.308907	0.604666	82.365
6.37452	-0.201633	0.450721	54.2358
6.37452	-0.201633	0.450721	54.2358
6.33415	-0.224381	0.455355	63.5568
6.33415	-0.224381	0.455355	63.5568
11.6737	-0.527528	0.88237	3.0074
11.6737	-0.527528	0.88237	3.0074
11.0747	-0.510336	0.829519	6.14371
11.0747	-0.510336	0.829519	6.14371
9.55409	-0.347685	0.766014	10.8089
9.55409	-0.347685	0.766014	10.8089
8.55802	-0.321112	0.62116	81.9703
8.55802	-0.321112	0.62116	81.9703
6.59555	-0.214673	0.470106	41.1586
6.59555	-0.214673	0.470106	41.1586
6.19069	-0.201378	0.440063	70.0624
6.19069	-0.201378	0.440063	70.0624
11.5165	-0.541433	0.870796	3.35887
11.5165	-0.541433	0.870796	3.35887
11.2598	-0.52051	0.843728	4.69271
11.2598	-0.52051	0.843728	4.69271
9.445	-0.343989	0.75878	12.2192
9.445	-0.343989	0.75878	12.2192
8.62414	-0.325186	0.626865	81.6914
8.62414	-0.325186	0.626865	81.6914
6.6929	-0.218024	0.476961	29.2007
6.6929	-0.218024	0.476961	29.2007
6.13492	-0.198103	0.43554	73.6664
6.13492	-0.198103	0.43554	73.6664
11.5486	-0.547109	0.87054	3.3713
11.5486	-0.547109	0.87054	3.3713
11.2489	-0.541566	0.844538	5.66042
11.2489	-0.541566	0.844538	5.66042
9.28951	-0.342014	0.748275	12.4211
9.28951	-0.342014	0.748275	12.4211
8.79515	-0.337025	0.641928	85.5268
8.79515	-0.337025	0.641928	85.5268
6.41766	-0.204317	0.454834	52.3114
6.41766	-0.204317	0.454834	52.3114
6.40297	-0.212379	0.456584	55.7926
6.40297	-0.212379	0.456584	55.7926
11.4394	-0.563446	0.86203	3.98842
11.4394	-0.563446	0.86203	3.98842
11.3703	-0.55948	0.854774	4.42281
11.3703	-0.55948	0.854774	4.42281
9.18694	-0.335486	0.741376	13.9898
9.18694	-0.335486	0.741376	13.9898
8.87939	-0.342936	0.64945	85.7138
8.87939	-0.342936	0.64945	85.7138
6.49939	-0.211496	0.461771	48.1696
6.49939	-0.211496	0.461771	48.1696
6.34664	-0.202057	0.450457	100.292
6.34664	-0.202057	0.450457	100.292
11.4073	-0.574615	0.858629	4.54755
11.4073	-0.574615	0.858629	4.54755
11.4073	-0.574615	0.858629	4.54755
11.4073	-0.574615	0.858629	4.54755
9.08701	-0.332518	0.734952	22.1372
9.08701	-0.332518	0.734952	22.1372
8.97164	-0.349751	0.65781	80.6354
8.97164	-0.349751	0.65781	80.6354
6.43271	-0.202967	0.45613	80.8097
6.43271	-0.202967	0.45613	80.8097
6.43271	-0.202967	0.45613	80.8097
6.43271	-0.202967	0.45613	80.8097
13.2133	-0.438185	1.02866	2.76239
13.2133	-0.438185	1.02866	2.76239
13.2133	-0.438185	1.02866	2.76239
13.03	-0.415672	1.01703	2.93968
6.35261	-0.208389	0.446361	103.593
6.35261	-0.208389	0.446361	103.593
6.35261	-0.208389	0.446361	103.593
6.16263	-0.190932	0.428678	110.715
6.16263	-0.190932	0.428678	110.715
6.16263	-0.190932	0.428678	110.715
5.90379	-0.181208	0.409575	103.73
5.90379	-0.181208	0.409575	103.73
13.1676	-0.442297	1.0231	2.6752
13.0825	-0.433003	1.01792	2.77653
13.0825	-0.433003	1.01792	2.77653
12.807	-0.403832	1.00064	3.04843
6.83331	-0.238753	0.486226	117.264
6.5817	-0.224168	0.465791	114.6
6.5817	-0.224168	0.465791	114.6
6.2826	-0.196473	0.437676	84.7157
6.21345	-0.195232	0.433025	110.642
6.21345	-0.195232	0.433025	110.642
5.98682	-0.187937	0.417276	112.413
5.77437	-0.178235	0.400241	116.982
13.0305	-0.442132	1.01015	2.63921
12.8693	-0.422342	1.00033	2.77975
12.8693	-0.422342	1.00033	2.77975
12.5056	-0.396385	0.978173	3.1081
7.42352	-0.274703	0.534987	87.6056
6.99449	-0.252881	0.500351	59.8239
6.99449	-0.252881	0.500351	59.8239
6.39086	-0.202334	0.445884	112.049
6.26007	-0.207324	0.441079	73.9652
6.22591	-0.199052	0.434556	102.635
6.22591	-0.199052	0.434556	102.635
5.65191	-0.175213	0.391462	95.4841
12.806	-0.440468	0.990469	2.63636
12.5822	-0.418368	0.977499	2.73989
12.5822	-0.418368	0.977499	2.73989
12.1374	-0.385111	0.950084	3.11334
8.075	-0.308613	0.588298	52.4358
7.51385	-0.277595	0.54294	44.1513
7.51385	-0.277595	0.54294	44.1513
6.67818	-0.229557	0.476432	73.6174
6.48403	-0.208567	0.453049	114.758
6.2289	-0.202589	0.4353	109.215
6.2289	-0.202589	0.4353	109.215
5.54186	-0.176304	0.383868	109.62
12.503	-0.440779	0.965213	2.62171
12.2369	-0.417328	0.950601	2.76054
12.2369	-0.417328	0.950601	2.76054
11.7224	-0.389426	0.919469	3.18387
8.74341	-0.347273	0.643036	35.4551
8.08031	-0.305231	0.589025	44.1639
8.08031	-0.305231	0.589025	44.1639
7.18074	-0.262021	0.518579	53.1548
6.55938	-0.211709	0.458739	109.075
6.22928	-0.205741	0.435787	107.307
6.22928	-0.205741	0.435787	107.307
5.44951	-0.176458	0.377495	122.257
12.1413	-0.450647	0.936926	2.69614
11.8639	-0.427726	0.923067	2.81657
11.8639	-0.427726	0.923067	2.81657
11.297	-0.405135	0.889356	3.41327
9.38304	-0.382788	0.694798	20.4075
8.632	-0.335103	0.633308	23.6646
8.632	-0.335103	0.633308	23.6646
7.69492	-0.289814	0.560268	34.9335
6.61474	-0.216503	0.463083	102.871
6.22888	-0.208008	0.436109	109.09
6.22888	-0.208008	0.436109	109.09
5.37964	-0.176356	0.372686	127.458
11.7764	-0.46838	0.910724	2.85486
11.5324	-0.436565	0.899783	3.22471
11.5324	-0.436565	0.899783	3.22471
10.9374	-0.406901	0.86419	4.35858
9.92115	-0.40748	0.736603	12.0666
9.07874	-0.356636	0.667679	20.8789
9.07874	-0.356636	0.667679	20.8789
8.11817	-0.307819	0.592767	29.4134
6.64858	-0.217678	0.46563	110.993
6.22843	-0.209779	0.436324	101.195
6.22843	-0.209779	0.436324	101.195
5.33605	-0.177776	0.369792	110.305
11.5875	-0.463166	0.897559	2.91616
11.3851	-0.442725	0.890279	3.33944
11.3851	-0.442725	0.890279	3.33944
10.7843	-0.409726	0.854225	5.17332
10.1689	-0.410643	0.753929	11.9485
9.26574	-0.358774	0.68087	17.0044
9.26574	-0.358774	0.68087	17.0044
8.29422	-0.316647	0.605644	32.4986
6.65996	-0.218814	0.466533	85.0639
6.22824	-0.210318	0.436392	114.997
6.22824	-0.210318	0.436392	114.997
5.32124	-0.177148	0.368741	126.702
13.0832	-0.441173	1.01527	2.64691
13.0832	-0.441173	1.01527	2.64691
12.916	-0.425574	1.00528	2.72523
12.5414	-0.393691	0.981927	3.24562
7.09347	-0.256336	0.50811	112.093
7.09347	-0.256336	0.50811	112.093
6.57646	-0.230629	0.467176	130.751
6.42828	-0.203675	0.448954	107.367
6.42828	-0.203675	0.448954	107.367
6.32815	-0.19797	0.441708	101.513
5.82399	-0.179986	0.404643	122.362
5.71345	-0.179349	0.39711	119.906
12.9908	-0.447195	1.00526	2.63314
12.9172	-0.436326	1.00083	2.71651
12.6739	-0.414696	0.9864	2.8585
12.2012	-0.382985	0.957024	3.3688
7.71503	-0.293464	0.559046	77.4707
7.492	-0.279666	0.540842	54.7946
6.83417	-0.244533	0.488271	98.6047
6.60264	-0.211076	0.462027	99.5057
6.5509	-0.211439	0.458889	106.024
6.33617	-0.203934	0.443696	114.94
5.96723	-0.192672	0.418155	101.969
5.5561	-0.17524	0.385679	129.254
12.8071	-0.448929	0.98805	2.57512
12.6764	-0.431713	0.980715	2.64054
12.367	-0.405043	0.962497	2.8495
11.7999	-0.381012	0.927671	3.60935
8.38869	-0.326296	0.61369	42.6216
7.99556	-0.300573	0.581326	35.8535
7.26309	-0.262558	0.52296	51.764
6.74574	-0.218338	0.472863	102.564
6.63699	-0.21881	0.466201	111.853
6.30478	-0.215278	0.447482	62.1803
6.28897	-0.207073	0.44111	94.8871
5.38609	-0.172895	0.373452	110.276
12.5375	-0.45057	0.964585	2.5921
12.374	-0.433545	0.956628	2.65621
12.0132	-0.408525	0.936062	2.8662
11.359	-0.38225	0.895379	3.52742
9.07137	-0.366077	0.669467	27.8874
8.54542	-0.333204	0.625921	28.3199
7.75711	-0.287852	0.563004	49.3898
6.85884	-0.223507	0.4814	96.2646
6.74884	-0.238543	0.484701	75.0745
6.69668	-0.225163	0.471437	94.0543
6.24268	-0.208553	0.438236	103.371
5.24096	-0.170283	0.36307	121.766
12.1955	-0.456545	0.936629	2.59105
12.0374	-0.443716	0.931239	2.80269
11.6469	-0.413378	0.909295	3.11878
10.9171	-0.394216	0.864137	4.17484
9.72444	-0.404492	0.722615	16.2819
9.0801	-0.356987	0.668208	23.1127
8.24582	-0.311014	0.601755	30.9931
7.22198	-0.263472	0.523176	43.8837
6.94092	-0.227526	0.487617	98.9382
6.73673	-0.229395	0.474982	103.245
6.20666	-0.210049	0.436	106.094
5.13021	-0.169593	0.355276	125.694
11.8224	-0.476377	0.909091	2.7449
11.7304	-0.449712	0.909069	2.8921
11.3375	-0.418694	0.887713	3.36168
10.5517	-0.394209	0.838625	5.23786
10.2903	-0.438068	0.76751	10.8338
9.51408	-0.372363	0.701177	14.8412
8.63733	-0.32855	0.6316	21.6692
7.61771	-0.283142	0.553785	38.4454
6.99076	-0.229919	0.491388	91.1885
6.76003	-0.231781	0.477052	94.1387
6.18406	-0.210965	0.4346	108.526
5.06072	-0.169278	0.350413	131.993
11.6035	-0.481498	0.894567	2.86441
11.591	-0.454967	0.899861	2.89126
11.2067	-0.434305	0.880015	3.87508
10.5743	-0.443616	0.787417	8.93985
10.399	-0.388165	0.828089	6.14433
9.69707	-0.379763	0.71446	13.455
8.79685	-0.330828	0.642904	23.3535
7.78248	-0.286814	0.565554	43.1948
7.00747	-0.230933	0.492666	98.1475
6.7677	-0.23265	0.477741	102.137
6.17637	-0.211277	0.434125	100.066
5.03703	-0.168751	0.348732	133.13
12.8722	-0.445759	0.993839	2.59091
12.8722	-0.445759	0.993839	2.59091
12.4111	-0.40751	0.967046	2.95235
11.8276	-0.36881	0.929954	3.48712
8.08517	-0.312588	0.588982	53.9979
8.08517	-0.312588	0.588982	53.9979
6.82264	-0.222256	0.479331	107.273
6.82264	-0.222256	0.479331	107.273
6.77547	-0.249896	0.486249	90.2216
6.50175	-0.205798	0.45572	111.451
5.77736	-0.18108	0.402713	120.086
5.56772	-0.18611	0.390131	106.644
12.7342	-0.450685	0.979533	2.50394
12.68	-0.444764	0.976927	2.54787
12.093	-0.399229	0.943199	3.00274
11.3991	-0.370831	0.899345	3.69785
8.73355	-0.347736	0.641482	38.4611
8.53268	-0.330086	0.624433	39.8066
7.04262	-0.255902	0.506517	66.0208
7.03704	-0.231871	0.495613	99.8907
7.00796	-0.234528	0.49447	99.3272
6.46841	-0.212577	0.455498	105.528
5.96764	-0.196264	0.420808	85.0344
5.39644	-0.17913	0.377105	119.561
12.5059	-0.459084	0.958873	2.53596
12.4254	-0.448848	0.955969	2.54327
11.74	-0.404772	0.917657	3.28309
10.9386	-0.375122	0.866212	4.20082
9.39412	-0.384065	0.695142	23.5083
9.02527	-0.353687	0.663503	25.8428
7.45285	-0.27159	0.538738	58.6251
7.20027	-0.238895	0.508023	91.4161
7.14624	-0.244314	0.506045	94.9412
6.37536	-0.21344	0.449568	111.371
6.3406	-0.219226	0.452857	83.5348
5.19885	-0.172575	0.362306	131.103
12.1948	-0.464545	0.932314	2.49702
12.1326	-0.46173	0.93346	2.74036
11.3877	-0.39944	0.891816	3.5263
10.4861	-0.385651	0.834388	5.72004
10.0313	-0.424054	0.747335	16.3749
9.51038	-0.376515	0.701599	18.5791
7.87225	-0.289624	0.571446	35.8811
7.31589	-0.244215	0.516842	90.7358
7.24035	-0.251426	0.514053	93.7785
6.76404	-0.242777	0.487576	60.3415
6.29887	-0.21353	0.44437	111.605
5.04342	-0.168724	0.350908	128.946
11.8589	-0.460702	0.91272	2.80092
11.8244	-0.486679	0.903964	2.80857
11.1028	-0.408465	0.872575	3.69541
10.6038	-0.457951	0.793465	8.55231
10.1193	-0.367883	0.807646	6.97664
9.90831	-0.401524	0.732462	14.5659
8.20666	-0.299339	0.596331	25.8241
7.38511	-0.247038	0.5221	87.1388
7.29496	-0.255774	0.518745	93.922
7.12641	-0.255923	0.515326	39.5003
6.25036	-0.213272	0.441022	103.866
4.94485	-0.167066	0.343772	119.945
11.7323	-0.46564	0.904137	2.58945
11.5627	-0.502247	0.887067	3.09088
10.9871	-0.418	0.865507	4.30918
10.9339	-0.466383	0.816727	7.14215
10.0777	-0.403461	0.744465	9.99344
9.96835	-0.36068	0.797162	7.33831
8.34038	-0.30607	0.606082	26.0927
7.40817	-0.248029	0.523855	93.2453
7.31287	-0.25722	0.520289	97.9023
7.27799	-0.265363	0.526553	56.6153
6.23379	-0.213545	0.439902	102.924
4.91108	-0.166074	0.341308	123.052
12.5917	-0.453207	0.965931	2.46155
12.5917	-0.453207	0.965931	2.46155
11.7738	-0.40218	0.920774	3.27461
10.9502	-0.383561	0.868371	4.28622
9.11396	-0.361349	0.671127	24.2741
9.11396	-0.361349	0.671127	24.2741
7.31194	-0.246761	0.517739	91.5807
7.31194	-0.246761	0.517739	91.5807
6.93113	-0.256646	0.500504	100.711
6.66897	-0.212352	0.469384	86.0829
5.75791	-0.183434	0.403117	98.5834
5.48316	-0.193805	0.388606	99.7471
12.4125	-0.465372	0.948527	2.44905
12.3894	-0.465897	0.948889	2.4091
11.4306	-0.390311	0.895422	3.65333
10.4767	-0.379394	0.834014	5.54417
9.71213	-0.400824	0.719958	18.8651
9.52077	-0.383635	0.703063	21.8837
7.54311	-0.257199	0.535599	88.9954
7.53816	-0.261729	0.536548	92.4572
7.18405	-0.259798	0.518015	60.1628
6.60038	-0.218599	0.467141	89.3496
5.97662	-0.201089	0.424045	76.3078
5.31622	-0.182455	0.374802	83.5736
12.1487	-0.470314	0.929129	2.63131
12.1455	-0.488603	0.925692	2.49619
11.0994	-0.392544	0.872166	3.84281
10.2974	-0.442619	0.768396	13.4948
10.0192	-0.3668	0.80042	7.66741
9.92308	-0.402679	0.734194	15.6967
7.70466	-0.264393	0.548114	83.5434
7.7011	-0.272858	0.550371	88.0805
7.5291	-0.267126	0.543547	48.8289
6.48453	-0.217744	0.459344	91.5051
6.34059	-0.22007	0.45437	75.5888
5.12282	-0.17447	0.35977	114.821
11.9195	-0.476968	0.911664	2.56344
11.799	-0.498283	0.896835	2.81279
10.8423	-0.482646	0.813827	7.4158
10.8411	-0.40871	0.855621	4.38801
10.2566	-0.418357	0.759495	9.93806
9.65419	-0.343658	0.773549	8.42818
7.80766	-0.275018	0.563864	26.9055
7.80022	-0.268533	0.555518	81.8574
7.79798	-0.279624	0.558695	86.3289
6.6664	-0.236685	0.479708	44.3561
6.40762	-0.216347	0.453858	99.9254
4.99559	-0.169437	0.350088	116.089
11.8128	-0.486455	0.904499	2.50949
11.4696	-0.510834	0.874579	3.24458
11.239	-0.486143	0.841663	5.29345
10.7393	-0.402918	0.848499	5.14688
10.3994	-0.418667	0.769538	8.93943
9.50585	-0.33747	0.763334	8.82366
7.91781	-0.278215	0.571642	25.995
7.83187	-0.269469	0.557943	77.338
7.83001	-0.282014	0.561472	91.1661
6.80416	-0.243987	0.48982	45.4775
6.3811	-0.215807	0.451945	113.926
4.95158	-0.168274	0.346794	122.956
12.2666	-0.483279	0.935494	2.42839
12.2666	-0.483279	0.935494	2.42839
11.1065	-0.383075	0.872399	4.02326
10.024	-0.419127	0.743983	18.8757
10.024	-0.419127	0.743983	18.8757
9.99687	-0.360287	0.798377	7.26373
7.84909	-0.275605	0.560972	87.4719
7.84909	-0.275605	0.560972	87.4719
7.02719	-0.25858	0.508103	93.734
6.81571	-0.214008	0.481275	55.9492
5.75677	-0.185272	0.404866	90.5044
5.47621	-0.196715	0.39196	107.865
12.0879	-0.491537	0.920156	2.48744
12.0597	-0.502003	0.916223	2.56552
10.8021	-0.391175	0.851993	4.53365
10.5181	-0.455726	0.784995	11.1304
10.3179	-0.434183	0.766126	11.771
9.53907	-0.340193	0.764443	9.46445
8.08708	-0.291467	0.58128	90.9416
8.07054	-0.286239	0.578533	84.3081
7.23728	-0.252166	0.520368	41.8482
6.72551	-0.220266	0.477538	78.4028
5.97824	-0.199771	0.425571	74.4954
5.33517	-0.18398	0.378891	114.48
11.9187	-0.505973	0.90719	2.53007
11.7755	-0.517103	0.891197	2.98172
10.9816	-0.504597	0.825578	6.50298
10.5717	-0.396034	0.836898	5.59942
10.5559	-0.447626	0.783791	8.59171
9.17786	-0.327607	0.738766	12.4689
8.23655	-0.302327	0.594327	86.6899
8.20221	-0.292152	0.588988	81.5119
7.46308	-0.255077	0.5359	27.3842
6.6214	-0.219145	0.470252	92.5279
6.26387	-0.213681	0.448106	61.0721
5.1875	-0.175303	0.366827	105.289
11.8417	-0.512162	0.901645	2.57963
11.4829	-0.516161	0.862589	4.41948
11.3353	-0.526361	0.859416	3.45578
10.6559	-0.456257	0.791229	7.26005
10.483	-0.387743	0.830555	5.94
9.03225	-0.321781	0.728827	12.5962
8.28732	-0.306099	0.598807	87.6806
8.24582	-0.294132	0.592457	82.21
7.55274	-0.247894	0.54145	31.0784
6.58445	-0.217156	0.467469	93.325
6.38836	-0.218334	0.457105	34.3251
5.13467	-0.173717	0.362709	89.5727
11.9576	-0.517655	0.906756	2.6579
11.9576	-0.517655	0.906756	2.6579
10.6889	-0.473268	0.79745	9.05936
10.6889	-0.473268	0.79745	9.05936
10.528	-0.392633	0.833686	6.07101
9.08436	-0.325619	0.731365	18.4638
8.37516	-0.306294	0.604708	84.5181
8.37516	-0.306294	0.604708	84.5181
7.05744	-0.248636	0.507646	67.0345
6.92983	-0.218679	0.49083	54.995
5.76444	-0.184576	0.406869	97.8331
5.55582	-0.197597	0.399129	88.4314
11.8703	-0.532094	0.89967	2.68968
11.7803	-0.533989	0.889687	3.03893
11.0126	-0.516684	0.826596	6.82327
10.8018	-0.481126	0.804669	6.92181
10.3247	-0.388152	0.820062	7.12262
8.72732	-0.312804	0.706234	14.9798
8.5798	-0.321348	0.622866	82.8797
8.55179	-0.315606	0.619221	81.3364
7.19608	-0.239949	0.514283	31.3326
6.84391	-0.221039	0.486478	80.3376
5.94821	-0.197509	0.42333	66.6742
5.4611	-0.182018	0.388562	86.6551
11.8348	-0.536941	0.896948	2.60855
11.6606	-0.547	0.878457	3.38
11.1815	-0.550905	0.843704	5.11559
10.8425	-0.494103	0.80772	6.53951
10.2478	-0.387343	0.815094	7.29566
8.65237	-0.326695	0.629414	86.1979
8.61114	-0.318327	0.624094	80.0258
8.5837	-0.310552	0.696845	15.7135
7.26922	-0.237169	0.51878	29.3793
6.79736	-0.2199	0.483076	70.5834
6.06047	-0.200543	0.431427	57.084
5.40315	-0.178936	0.383647	62.2593
11.8032	-0.554284	0.891758	2.82716
11.8032	-0.554284	0.891758	2.82716
10.9791	-0.514736	0.820846	7.09434
10.9791	-0.514736	0.820846	7.09434
10.1433	-0.374351	0.8074	8.11052
8.79973	-0.334549	0.641545	83.8957
8.79973	-0.334549	0.641545	83.8957
8.3728	-0.301537	0.681806	21.7159
7.0416	-0.231458	0.50221	71.8426
7.0021	-0.218977	0.496759	65.908
5.7727	-0.186388	0.408595	72.546
5.69451	-0.187359	0.406135	55.206
11.8149	-0.565913	0.893239	2.72571
11.7686	-0.566233	0.888144	2.78446
11.0487	-0.531471	0.827675	7.59254
10.9557	-0.521582	0.818056	7.79158
10.0752	-0.372747	0.803003	8.66384
8.8915	-0.341802	0.650031	85.6769
8.87563	-0.33907	0.648058	83.6563
8.22963	-0.302182	0.67293	26.2035
7.08882	-0.227172	0.504131	71.1656
6.96322	-0.2202	0.494596	97.1936
5.8492	-0.187901	0.414785	47.0169
5.662	-0.180274	0.401683	68.4397
11.8048	-0.573472	0.891454	2.59422
11.8048	-0.573472	0.891454	2.59422
10.9937	-0.531158	0.821546	9.20209
10.9937	-0.531158	0.821546	9.20209
10.0105	-0.363199	0.798279	9.03174
8.97534	-0.347297	0.657381	84.8109
8.97534	-0.347297	0.657381	84.8109
8.08611	-0.292615	0.663482	20.5729
7.02684	-0.219889	0.498845	95.7279
7.02684	-0.219889	0.498845	95.7279
5.77609	-0.182797	0.408972	90.6033
5.77609	-0.182797	0.408972	90.6033
12.9656	-0.436501	1.00565	2.65292
12.9656	-0.436501	1.00565	2.65292
12.9656	-0.436501	1.00565	2.65292
12.2281	-0.383423	0.96029	3.20686
7.2018	-0.266044	0.517924	121.106
7.2018	-0.266044	0.517924	121.106
7.2018	-0.266044	0.517924	121.106
6.556	-0.207648	0.458614	111.918
6.556	-0.207648	0.458614	111.918
6.556	-0.207648	0.458614	111.918
5.56423	-0.171896	0.385709	113.866
5.56423	-0.171896	0.385709	113.866
12.9194	-0.44708	0.998607	2.63541
12.7748	-0.428289	0.990068	2.68249
12.7748	-0.428289	0.990068	2.68249
11.8431	-0.370983	0.932456	3.58597
7.89275	-0.303597	0.573877	82.0876
7.44717	-0.282957	0.538392	76.6242
7.44717	-0.282957	0.538392	76.6242
6.75886	-0.215887	0.473663	95.8899
6.67166	-0.213817	0.467999	99.2846
6.67166	-0.213817	0.467999	99.2846
5.62809	-0.178755	0.392418	117.353
5.31279	-0.164925	0.367501	117.782
12.7773	-0.45311	0.983984	2.59487
12.52	-0.42472	0.969906	2.62946
12.52	-0.42472	0.969906	2.62946
11.401	-0.365997	0.900267	3.85023
8.60952	-0.344037	0.632115	42.7959
7.83042	-0.293189	0.56843	42.0411
7.83042	-0.293189	0.56843	42.0411
6.93161	-0.222785	0.486481	98.2063
6.7343	-0.221474	0.473994	102.88
6.7343	-0.221474	0.473994	102.88
5.88058	-0.19264	0.414643	91.2133
5.08143	-0.160623	0.350939	93.0614
12.5413	-0.452882	0.962053	2.50878
12.2179	-0.431106	0.947036	2.6502
12.2179	-0.431106	0.947036	2.6502
10.9247	-0.384683	0.866863	4.23589
9.31982	-0.387377	0.690244	23.1493
8.28561	-0.312156	0.60428	35.768
8.28561	-0.312156	0.60428	35.768
7.07013	-0.228667	0.496784	85.5714
6.76309	-0.227532	0.477302	109.337
6.76309	-0.227532	0.477302	109.337
6.26581	-0.215899	0.447546	74.6302
4.88278	-0.157812	0.336824	127.088
12.2178	-0.463416	0.934774	2.53044
11.8999	-0.434093	0.923321	2.98758
11.8999	-0.434093	0.923321	2.98758
10.4544	-0.38122	0.832637	5.59333
9.996	-0.423024	0.745359	14.412
8.73805	-0.335171	0.639704	22.3445
8.73805	-0.335171	0.639704	22.3445
7.17129	-0.232531	0.504281	90.0065
6.77627	-0.232198	0.479151	101.283
6.77627	-0.232198	0.479151	101.283
6.70406	-0.24256	0.483705	62.899
4.72939	-0.155964	0.325977	141.781
11.8268	-0.492288	0.905148	2.78364
11.6296	-0.435917	0.903973	3.09468
11.6296	-0.435917	0.903973	3.09468
10.604	-0.458947	0.794562	8.10178
10.0701	-0.360413	0.804381	7.58235
9.09827	-0.345905	0.666587	22.7878
9.09827	-0.345905	0.666587	22.7878
7.23286	-0.234869	0.508844	89.7609
7.08279	-0.25936	0.512989	56.1998
6.78203	-0.234639	0.480083	96.7122
6.78203	-0.234639	0.480083	96.7122
4.63223	-0.154002	0.319073	141.18
11.5344	-0.500482	0.885932	3.19998
11.5154	-0.442071	0.89658	2.91137
11.5154	-0.442071	0.89658	2.91137
10.9696	-0.465754	0.819912	6.55236
9.91065	-0.354778	0.793425	7.39199
9.24386	-0.357361	0.677505	16.3003
9.24386	-0.357361	0.677505	16.3003
7.25354	-0.235056	0.510337	87.8334
7.24271	-0.26794	0.52475	63.4144
6.78365	-0.235572	0.480381	99.0612
6.78365	-0.235572	0.480381	99.0612
4.59893	-0.153523	0.31672	126.253
12.7797	-0.441066	0.986271	2.53833
12.7797	-0.441066	0.986271	2.53833
12.5691	-0.422969	0.974508	2.76241
11.4174	-0.36977	0.902797	3.95529
8.13707	-0.318268	0.593845	38.8565
8.13707	-0.318268	0.593845	38.8565
7.49742	-0.283282	0.543292	52.4769
6.94326	-0.223544	0.488001	95.0616
6.94326	-0.223544	0.488001	95.0616
6.82178	-0.216524	0.479173	101.431
5.39305	-0.168978	0.374735	129.202
5.18506	-0.165896	0.359882	101.874
12.6869	-0.451287	0.974931	2.5036
12.5796	-0.437348	0.969592	2.48631
12.3114	-0.422739	0.955253	2.76062
10.9396	-0.374116	0.868921	4.13098
8.84987	-0.35326	0.651132	41.5707
8.45797	-0.327066	0.618688	53.6371
7.70922	-0.290841	0.559807	71.0067
7.16408	-0.231723	0.504353	92.7823
7.10735	-0.233954	0.501601	96.1009
6.90371	-0.223436	0.486534	90.2608
5.49864	-0.179352	0.385563	133.345
4.94252	-0.159123	0.342486	143.167
12.4967	-0.459806	0.95627	2.43232
12.3344	-0.448518	0.950812	2.61439
12.0205	-0.423833	0.933691	2.99483
10.4335	-0.382433	0.832792	5.47502
9.5505	-0.394379	0.70827	28.5551
8.83425	-0.3405	0.647526	35.9266
8.04541	-0.300118	0.585064	48.2417
7.33718	-0.238082	0.517182	85.3259
7.22876	-0.24473	0.512365	89.1185
6.91345	-0.229943	0.488931	103.495
5.80785	-0.199485	0.412691	89.077
4.69164	-0.152834	0.324285	154.196
12.2111	-0.476595	0.931294	2.46394
12.0729	-0.447376	0.93057	2.80978
11.7293	-0.413755	0.91175	3.09904
10.2146	-0.439568	0.763396	15.0146
9.94059	-0.359238	0.795583	8.38595
9.21327	-0.358007	0.676438	19.5056
8.40525	-0.311191	0.61196	31.9103
7.46207	-0.243106	0.526466	83.7141
7.30819	-0.253194	0.519765	98.6475
6.8989	-0.234417	0.489036	107.6
6.19961	-0.220674	0.445187	68.9765
4.49179	-0.1487	0.309894	139.233
11.8509	-0.450777	0.914438	2.75071
11.8343	-0.500639	0.900557	2.8433
11.496	-0.418374	0.895632	3.22509
10.8236	-0.484555	0.814745	7.06718
9.54188	-0.343246	0.766644	9.36626
9.51565	-0.368539	0.698749	14.0694
8.69156	-0.321688	0.63297	19.5554
7.5376	-0.245283	0.532026	80.3564
7.35257	-0.258034	0.524001	96.4371
6.88437	-0.236904	0.488632	104.116
6.55352	-0.236422	0.472679	64.9044
4.3634	-0.146384	0.300691	153.24
11.758	-0.447247	0.907648	2.59199
11.4155	-0.504874	0.872172	3.35885
11.4025	-0.436229	0.890529	3.10561
11.3207	-0.489084	0.849082	5.79724
9.63695	-0.373316	0.707478	12.0975
9.37743	-0.331074	0.754877	10.9734
8.80446	-0.320929	0.640705	20.2717
7.56289	-0.246191	0.533898	86.6119
7.36683	-0.260157	0.525412	98.3134
6.87876	-0.237474	0.488422	111.515
6.7057	-0.246013	0.483974	63.7024
4.3191	-0.144871	0.297474	157.264
12.5435	-0.457192	0.962556	2.37045
12.5435	-0.457192	0.962556	2.37045
12.0628	-0.419547	0.93733	3.10784
10.4317	-0.373837	0.832691	5.51296
9.11302	-0.364982	0.671445	35.84
9.11302	-0.364982	0.671445	35.84
7.69143	-0.292807	0.559332	106.152
7.40302	-0.244335	0.523622	91.1455
7.40302	-0.244335	0.523622	91.1455
7.06416	-0.224473	0.49816	89.1488
5.26209	-0.166708	0.367084	125.167
4.89071	-0.166845	0.342459	147.489
12.4118	-0.476065	0.948374	2.44274
12.3612	-0.467576	0.947945	2.57617
11.7937	-0.410879	0.917498	3.24834
9.90146	-0.352552	0.792778	8.71934
9.75927	-0.407433	0.724323	27.7515
9.39387	-0.375149	0.692329	27.99
7.84935	-0.290849	0.569869	51.3974
7.62779	-0.252271	0.540419	83.9378
7.61257	-0.259409	0.541442	86.2583
7.11061	-0.230866	0.503221	91.0427
5.40308	-0.179118	0.381204	126.024
4.67929	-0.159055	0.327057	150.104
12.1873	-0.487388	0.92691	2.44463
12.1658	-0.464909	0.932114	2.64471
11.5361	-0.40751	0.899089	3.22486
10.3674	-0.450178	0.77513	13.4565
9.66791	-0.388226	0.712418	18.8925
9.39066	-0.33773	0.75487	12.5103
8.10111	-0.296568	0.587265	30.2585
7.78647	-0.258493	0.55233	78.5028
7.76965	-0.272486	0.555389	91.245
7.08025	-0.235244	0.502622	99.3634
5.73011	-0.201343	0.409331	77.8085
4.44763	-0.149578	0.309631	130.696
12.0029	-0.471653	0.920147	2.50719
11.8816	-0.509364	0.900005	2.88715
11.3394	-0.412849	0.885971	3.38619
10.9092	-0.506507	0.82314	6.799
9.88332	-0.388589	0.72719	11.3502
8.98061	-0.317099	0.72477	13.1307
8.31527	-0.298022	0.601843	19.3441
7.8812	-0.261462	0.559396	79.4329
7.86483	-0.281217	0.564109	93.743
7.04509	-0.23809	0.500913	102.25
6.05291	-0.215825	0.434622	65.0014
4.29102	-0.145659	0.298094	149.67
11.9364	-0.47114	0.915237	2.39478
11.619	-0.526057	0.875068	4.45118
11.2636	-0.432441	0.882279	3.42974
11.2515	-0.518436	0.85535	3.50501
9.96839	-0.395078	0.733316	10.186
8.81209	-0.312141	0.713235	15.9652
8.39956	-0.298696	0.607503	20.3174
7.91272	-0.263006	0.561782	78.5742
7.8965	-0.284004	0.567039	88.7109
7.03139	-0.23836	0.500132	93.5072
6.19577	-0.220759	0.444969	57.8853
4.23619	-0.143396	0.294009	144.567
12.3002	-0.481365	0.938288	2.48186
12.3002	-0.481365	0.938288	2.48186
11.5563	-0.405258	0.900896	3.47278
9.94201	-0.411922	0.736995	18.35
9.94201	-0.411922	0.736995	18.35
9.35234	-0.340122	0.752124	12.5993
7.90671	-0.270442	0.563817	75.3156
7.90671	-0.270442	0.563817	75.3156
7.76001	-0.285961	0.56287	62.0158
7.2688	-0.231169	0.51436	69.7182
5.16862	-0.166167	0.362361	118.075
4.73021	-0.166938	0.335541	119.727
12.1835	-0.484395	0.928439	2.41304
12.1602	-0.502352	0.923502	2.38147
11.3368	-0.404509	0.885964	3.66242
10.4474	-0.452771	0.779586	11.5889
10.0917	-0.417403	0.74656	13.5002
8.82729	-0.31331	0.712305	17.1244
8.13868	-0.287823	0.584129	84.6214
8.11304	-0.278009	0.579548	76.2371
7.85052	-0.281445	0.566957	36.9742
7.28125	-0.235145	0.516914	80.2048
5.33007	-0.179234	0.378032	78.3528
4.5782	-0.158274	0.323602	133.268
12.0918	-0.493783	0.921649	2.29687
11.9725	-0.52942	0.905935	2.78915
11.1752	-0.413829	0.875898	3.79421
10.8613	-0.503054	0.817001	7.16721
10.1946	-0.422987	0.752648	9.52872
8.40701	-0.299506	0.68197	16.8912
8.29251	-0.300976	0.598129	88.677
8.23519	-0.282866	0.588899	79.9705
7.99158	-0.272097	0.574741	22.6285
7.23329	-0.238301	0.514618	103.266
5.60988	-0.194077	0.400671	78.319
4.41246	-0.150488	0.310541	119.541
12.0563	-0.506557	0.919768	2.29957
11.8577	-0.549509	0.895492	3.15638
11.1146	-0.434348	0.87339	4.14037
11.0526	-0.539932	0.83626	5.53458
10.2322	-0.430679	0.755095	8.98471
8.3464	-0.305404	0.603114	86.2637
8.27564	-0.284805	0.592019	72.3384
8.23409	-0.297025	0.670346	21.646
8.05144	-0.279392	0.578901	20.2858
7.21144	-0.2384	0.513278	105.452
5.74267	-0.197435	0.410238	87.8822
4.35092	-0.147758	0.305778	136.516
12.1403	-0.518413	0.921771	2.32929
12.1403	-0.518413	0.921771	2.32929
11.1559	-0.407739	0.87447	4.03069
10.4616	-0.455721	0.778009	10.6671
10.4616	-0.455721	0.778009	10.6671
8.40429	-0.299643	0.605009	84.1558
8.40429	-0.299643	0.605009	84.1558
8.28984	-0.292293	0.672007	19.5653
7.70879	-0.269089	0.554976	53.3395
7.4238	-0.232165	0.526476	71.8356
5.10761	-0.166272	0.359794	101.148
4.7461	-0.168142	0.34022	149.093
12.1303	-0.532666	0.921471	2.25139
12.0694	-0.547522	0.913865	2.4958
11.0257	-0.426934	0.867479	4.60496
10.734	-0.491174	0.802493	10.442
10.4391	-0.458525	0.773555	10.439
8.6139	-0.316583	0.624117	84.6091
8.56339	-0.30621	0.617533	81.0232
7.85764	-0.280069	0.641098	23.471
7.74314	-0.263225	0.554682	44.566
7.41053	-0.238421	0.52705	70.7569
5.2599	-0.173966	0.373503	70.6992
4.67231	-0.159217	0.332626	97.5609
12.1277	-0.537842	0.921501	2.26786
12.0317	-0.555302	0.909634	2.45501
10.9776	-0.423981	0.864243	4.99225
10.8398	-0.510224	0.812667	11.7621
10.4237	-0.455429	0.770869	10.1304
8.69196	-0.32355	0.631473	88.4827
8.61627	-0.308689	0.621723	79.3701
7.78231	-0.262505	0.556624	40.2972
7.67814	-0.273022	0.628887	26.6645
7.38283	-0.238201	0.525359	86.1431
5.38077	-0.180647	0.382585	96.8553
4.61317	-0.155492	0.327517	103.057
12.1383	-0.558538	0.919775	2.24457
12.1383	-0.558538	0.919775	2.24457
10.9183	-0.422947	0.860553	5.46589
10.5998	-0.480611	0.787529	12.3253
10.5998	-0.480611	0.787529	12.3253
8.81298	-0.326747	0.640431	84.7541
8.81298	-0.326747	0.640431	84.7541
7.60501	-0.248784	0.542824	74.344
7.52038	-0.233961	0.534145	79.7017
7.40969	-0.270681	0.609818	30.2852
5.07368	-0.165403	0.358555	70.8901
4.92344	-0.16505	0.351886	89.1263
12.1628	-0.557929	0.921612	2.13662
12.1375	-0.550296	0.917659	2.12742
10.8788	-0.417917	0.857782	5.54355
10.6567	-0.480106	0.792005	15.3371
10.5399	-0.474832	0.780716	22.2049
8.91077	-0.336079	0.649808	88.1938
8.88035	-0.330616	0.646012	84.6713
7.61168	-0.241775	0.541837	73.9713
7.50736	-0.235294	0.533716	87.1423
7.21981	-0.265069	0.597544	41.4799
5.145	-0.168056	0.36444	74.97
4.91432	-0.163063	0.349208	70.8093
12.173	-0.546625	0.920215	2.00157
12.173	-0.546625	0.920215	2.00157
10.8424	-0.411926	0.855165	5.66427
10.5789	-0.468296	0.783164	29.1618
10.5789	-0.468296	0.783164	29.1618
8.98588	-0.340755	0.656191	87.8425
8.98588	-0.340755	0.656191	87.8425
7.55317	-0.234893	0.536778	87.0403
7.55317	-0.234893	0.536778	87.0403
7.02239	-0.260218	0.585402	83.63
5.06286	-0.167088	0.358332	59.2276
5.06286	-0.167088	0.358332	59.2276
12.6313	-0.441732	0.974764	2.57744
12.6313	-0.441732	0.974764	2.57744
12.6313	-0.441732	0.974764	2.57744
10.9429	-0.364379	0.86947	4.1811
8.24147	-0.322725	0.602528	71.9779
8.24147	-0.322725	0.602528	71.9779
8.24147	-0.322725	0.602528	71.9779
7.1036	-0.226966	0.499904	87.8491
7.1036	-0.226966	0.499904	87.8491
7.1036	-0.226966	0.499904	87.8491
5.0117	-0.156278	0.346987	122.694
5.0117	-0.156278	0.346987	122.694
12.5953	-0.452131	0.967023	2.47102
12.4372	-0.444593	0.95998	2.57413
12.4372	-0.444593	0.95998	2.57413
10.4202	-0.383259	0.833415	6.81857
8.97617	-0.36061	0.661316	32.8829
8.4165	-0.326181	0.615762	69.5041
8.4165	-0.326181	0.615762	69.5041
7.34152	-0.234469	0.517326	86.0459
7.25521	-0.233512	0.512034	89.3668
7.25521	-0.233512	0.512034	89.3668
5.05997	-0.162173	0.352893	151.819
4.6507	-0.146611	0.320918	144.618
12.4609	-0.46794	0.952369	2.40962
12.2147	-0.442555	0.942928	2.76852
12.2147	-0.442555	0.942928	2.76852
9.87377	-0.349597	0.791295	9.84493
9.67672	-0.400022	0.718221	34.7038
8.6572	-0.333121	0.633234	34.3805
8.6572	-0.333121	0.633234	34.3805
7.53107	-0.24174	0.531286	81.4139
7.36487	-0.243626	0.522001	94.7679
7.36487	-0.243626	0.522001	94.7679
5.29653	-0.178807	0.37425	96.5377
4.33111	-0.138999	0.297931	144.388
12.2315	-0.481841	0.930589	2.44467
11.9929	-0.436837	0.926099	2.86192
11.9929	-0.436837	0.926099	2.86192
10.3222	-0.447911	0.772366	14.7805
9.34582	-0.3379	0.752197	11.6361
8.91872	-0.338942	0.651683	21.7077
8.91872	-0.338942	0.651683	21.7077
7.66886	-0.246094	0.541371	82.2921
7.43007	-0.252879	0.528736	95.8207
7.43007	-0.252879	0.528736	95.8207
5.64415	-0.196012	0.403381	65.8216
4.07685	-0.133721	0.279705	147.288
11.9207	-0.519195	0.904116	2.73639
11.8186	-0.440436	0.913873	2.72136
11.8186	-0.440436	0.913873	2.72136
10.8871	-0.506	0.822502	6.57331
9.12875	-0.34376	0.66623	15.6651
9.12875	-0.34376	0.66623	15.6651
8.91978	-0.315784	0.720725	13.6911
7.75248	-0.248336	0.547465	72.9107
7.46275	-0.259041	0.532468	95.635
7.46275	-0.259041	0.532468	95.6349
5.98038	-0.216117	0.430015	67.9653
3.91178	-0.130653	0.267898	179.983
11.7504	-0.433788	0.908664	2.64683
11.7504	-0.433788	0.908664	2.64683
11.6647	-0.522286	0.878812	4.48146
11.2285	-0.520796	0.854806	3.51853
9.21095	-0.34635	0.671867	14.8024
9.21095	-0.34635	0.671867	14.8024
8.74363	-0.305376	0.708238	11.4861
7.78052	-0.24966	0.549543	78.0323
7.47255	-0.261269	0.533658	104.108
7.47255	-0.261269	0.533658	104.108
6.12978	-0.222565	0.440926	80.6982
3.8544	-0.129469	0.263786	153.997
12.4685	-0.463465	0.957367	2.5445
12.4685	-0.463465	0.957367	2.5445
12.2634	-0.441153	0.947241	2.78233
9.85732	-0.360187	0.791385	8.39594
9.11368	-0.364846	0.671412	37.5886
9.11368	-0.364846	0.671412	37.5886
8.42956	-0.325775	0.616565	79.1122
7.53909	-0.242351	0.532804	80.6061
7.53909	-0.242351	0.532804	80.6061
7.4093	-0.235533	0.523337	78.8649
4.75808	-0.151232	0.330613	98.1202
4.46655	-0.145678	0.309527	179.546
12.4073	-0.473696	0.947343	2.45858
12.3219	-0.458037	0.945401	2.60771
12.075	-0.435591	0.933369	2.87388
9.76663	-0.405362	0.724505	29.3885
9.27541	-0.330997	0.746823	12.8887
9.26001	-0.36454	0.680919	31.1257
8.51357	-0.327731	0.621668	49.7254
7.76031	-0.249711	0.549049	74.6134
7.72435	-0.254575	0.548475	78.4632
7.52406	-0.241498	0.532941	85.5332
4.83754	-0.158404	0.339529	103.308
4.15649	-0.136654	0.287421	175.152
12.2633	-0.489294	0.931726	2.36133
12.1787	-0.459718	0.934619	2.60602
11.8978	-0.42892	0.920419	2.90686
10.3455	-0.448573	0.773117	15.3028
9.4019	-0.364891	0.689441	21.4257
8.7168	-0.309699	0.704574	17.6383
8.64764	-0.320477	0.628992	29.5241
7.91923	-0.255008	0.560725	81.6423
7.87048	-0.268109	0.561836	84.8367
7.58349	-0.250332	0.539333	91.7467
5.12034	-0.177176	0.364213	84.353
3.85981	-0.127928	0.265855	157.337
12.0715	-0.525004	0.914229	2.51221
12.0705	-0.462029	0.926831	2.40369
11.7666	-0.434303	0.911762	2.87328
10.8029	-0.500803	0.814259	8.17398
9.51092	-0.368171	0.69582	12.9344
8.7703	-0.318179	0.63602	14.3528
8.26621	-0.28998	0.671306	18.586
8.01509	-0.258007	0.567753	71.0262
7.96178	-0.278737	0.570735	92.7206
7.60544	-0.257574	0.542593	93.2845
5.4305	-0.193778	0.388931	74.4603
3.65975	-0.123196	0.251379	161.983
12.0295	-0.455869	0.923476	2.34167
11.9573	-0.552024	0.904259	3.19072
11.7173	-0.430851	0.908206	2.72145
11.0063	-0.543819	0.834926	5.60732
9.5527	-0.372272	0.698384	12.1621
8.81973	-0.317374	0.638864	13.9319
8.07904	-0.283626	0.658292	25.5902
8.04713	-0.258966	0.5701	73.1629
7.99255	-0.282732	0.573841	102.188
7.61033	-0.259689	0.543513	105.327
5.57497	-0.199242	0.399449	59.392
3.5892	-0.120816	0.246229	179.937
12.347	-0.478245	0.942259	2.44599
12.347	-0.478245	0.942259	2.44599
11.9296	-0.427913	0.923243	2.90741
9.81769	-0.402782	0.726265	20.4397
9.81769	-0.402782	0.726265	20.4397
8.66228	-0.307061	0.700101	20.5751
8.42964	-0.319296	0.61383	41.8021
7.99773	-0.263265	0.568709	78.475
7.99773	-0.263265	0.568709	78.475
7.66216	-0.241805	0.54284	82.5085
4.55796	-0.147258	0.318378	119.064
4.0756	-0.138011	0.285409	168.761
12.3047	-0.499556	0.934687	2.22496
12.2923	-0.48395	0.938193	2.36041
11.7979	-0.427375	0.914574	3.0053
10.2913	-0.442224	0.766141	13.4869
9.83396	-0.397738	0.724405	12.8924
8.42338	-0.30998	0.610498	33.3799
8.21112	-0.280528	0.587611	81.7214
8.19039	-0.269636	0.583009	78.5142
8.07576	-0.287499	0.655635	22.6352
7.73767	-0.246832	0.549618	77.3248
4.66945	-0.156783	0.329916	127.887
3.85601	-0.132643	0.26994	152.273
12.2544	-0.487563	0.935561	2.20984
12.231	-0.537408	0.927031	2.22572
11.704	-0.434729	0.909013	3.0723
10.6295	-0.482965	0.796367	12.681
9.82929	-0.400478	0.721537	11.7331
8.46244	-0.30671	0.610785	26.7161
8.36361	-0.29559	0.601951	93.3595
8.30521	-0.273144	0.59152	69.0211
7.75619	-0.254292	0.552757	93.5936
7.60066	-0.273546	0.620802	28.3115
4.93564	-0.172685	0.351865	93.2152
3.64888	-0.124532	0.254425	169.895
12.2408	-0.490494	0.93478	2.11169
12.1916	-0.559477	0.923558	2.28458
11.6696	-0.439356	0.907142	2.95122
10.7581	-0.497835	0.808143	11.8425
9.82411	-0.402469	0.720092	12.747
8.48455	-0.304154	0.611315	22.9299
8.41978	-0.301767	0.607448	97.4452
8.34338	-0.274934	0.594387	71.212
7.75651	-0.256851	0.553462	98.3958
7.40129	-0.266723	0.606891	22.5201
5.07345	-0.178214	0.361968	108.881
3.57157	-0.121981	0.24868	196.13
12.3462	-0.508758	0.938217	2.0579
12.3462	-0.508758	0.938217	2.0579
11.7076	-0.43091	0.909528	3.26142
10.1849	-0.434854	0.754137	12.9349
10.1849	-0.434854	0.754137	12.9349
8.45155	-0.289114	0.605852	78.3505
8.45155	-0.289114	0.605852	78.3505
8.27588	-0.295529	0.597165	38.2328
7.85099	-0.245725	0.557461	76.3243
7.4616	-0.264835	0.608624	32.6364
4.41435	-0.143519	0.310035	105.86
3.93994	-0.139605	0.280914	160.193
12.3764	-0.517451	0.941139	1.94705
12.3614	-0.541901	0.937534	1.93623
11.6436	-0.441881	0.906547	3.30151
10.4188	-0.454495	0.774097	16.7824
10.0723	-0.426191	0.741526	16.8996
8.65631	-0.308068	0.624913	84.6427
8.59429	-0.293893	0.61668	74.8022
8.22693	-0.282648	0.590466	45.7774
7.88768	-0.250618	0.561316	85.4676
6.95769	-0.248012	0.571405	41.3775
4.53883	-0.152626	0.321762	125.216
3.84916	-0.133147	0.273529	159.728
12.3874	-0.528346	0.942756	1.88964
12.3625	-0.543931	0.93623	1.8827
11.6204	-0.449615	0.905724	3.10225
10.5018	-0.458191	0.781087	16.4996
10.0209	-0.415473	0.735264	28.8113
8.73821	-0.316879	0.632934	87.3981
8.6416	-0.296005	0.620303	75.8002
8.22627	-0.275324	0.588836	74.0657
7.8859	-0.253745	0.561967	90.7442
6.74159	-0.242484	0.556576	56.077
4.66528	-0.159263	0.331331	79.8751
3.78206	-0.128546	0.267967	145.61
12.4446	-0.53704	0.943828	1.75743
12.4446	-0.53704	0.943828	1.75743
11.5995	-0.454284	0.905171	3.43143
10.2261	-0.431331	0.75365	30.2114
10.2261	-0.431331	0.75365	30.2114
8.83352	-0.315784	0.63891	84.524
8.83352	-0.315784	0.63891	84.524
8.08896	-0.263612	0.577938	80.8364
7.96759	-0.247169	0.566473	85.2246
6.41632	-0.237677	0.532382	56.4015
4.32821	-0.142046	0.305324	112.339
4.10035	-0.142091	0.294081	122.869
12.4731	-0.534473	0.94593	1.71122
12.4664	-0.529522	0.943612	1.72467
11.5833	-0.463346	0.904969	3.45058
10.279	-0.434202	0.757931	36.2876
10.1402	-0.414979	0.743892	50.1383
8.93502	-0.32659	0.648904	91.5114
8.89277	-0.318452	0.643609	80.7454
8.06294	-0.254207	0.574423	81.9948
7.97513	-0.249299	0.567559	83.9317
6.17405	-0.23113	0.516461	55.3067
4.39477	-0.145242	0.310917	95.7548
4.10962	-0.13932	0.292688	117.618
12.5012	-0.52205	0.945917	1.69077
12.5012	-0.52205	0.945917	1.69077
11.5695	-0.46404	0.90437	3.53966
10.1802	-0.415721	0.746838	50.1816
10.1802	-0.415721	0.746838	50.1816
9.00163	-0.330217	0.65437	91.5199
9.00163	-0.330217	0.65437	91.5199
8.00701	-0.2477	0.569531	84.8397
8.00701	-0.2477	0.569531	84.8397
5.90997	-0.221342	0.500136	65.7374
4.29953	-0.143681	0.303937	78.4024
4.29953	-0.143681	0.303937	78.4024
12.3748	-0.463418	0.950482	2.68461
12.3748	-0.463418	0.950482	2.68461
12.3748	-0.463418	0.950482	2.68461
9.24345	-0.321395	0.74422	15.6698
9.11867	-0.367111	0.671225	35.3078
9.11867	-0.367111	0.671225	35.3078
9.11867	-0.367111	0.671225	35.3078
7.69886	-0.243885	0.544406	73.9892
7.69886	-0.243885	0.544406	73.9892
7.69886	-0.243885	0.544406	73.9892
4.26613	-0.136847	0.295094	162.952
4.26613	-0.136847	0.295094	162.952
12.4019	-0.478366	0.947105	2.45994
12.2746	-0.460325	0.943079	2.64499
12.2746	-0.460325	0.943079	2.64499
9.7335	-0.398884	0.720445	29.9433
9.13023	-0.359827	0.669919	32.8104
9.13023	-0.359827	0.669919	32.8104
8.61438	-0.3016	0.696452	16.3186
7.92849	-0.25099	0.561144	73.3186
7.85689	-0.250643	0.557092	79.1768
7.85689	-0.250643	0.557092	79.1768
4.30518	-0.140583	0.300554	173.042
3.81399	-0.123406	0.262437	167.541
12.3599	-0.494127	0.939106	2.20431
12.1834	-0.461829	0.936839	2.53899
12.1834	-0.461829	0.936839	2.53899
10.2441	-0.440276	0.763287	20.7895
9.14759	-0.349426	0.667977	22.5785
9.14759	-0.349426	0.667977	22.5785
8.09487	-0.256538	0.573292	70.1101
8.01222	-0.285022	0.650854	29.5706
7.98818	-0.262688	0.569028	82.687
7.98818	-0.262688	0.569028	82.687
4.53268	-0.153236	0.320784	113.92
3.43884	-0.112428	0.235314	189.369
12.2853	-0.523622	0.930758	2.11226
12.1188	-0.453474	0.931889	2.3798
12.1188	-0.453474	0.931889	2.3798
10.6036	-0.480851	0.79519	10.6152
9.16461	-0.349916	0.666789	17.3485
9.16461	-0.349916	0.666789	17.3485
8.19564	-0.25952	0.580623	69.5448
8.07359	-0.274091	0.577715	90.4303
8.07359	-0.274091	0.577715	90.4303
7.52362	-0.265523	0.614442	27.2753
4.82195	-0.17108	0.344265	102.226
3.1855	-0.106138	0.217024	206.828
12.2452	-0.565067	0.928541	2.28671
12.0953	-0.450117	0.930097	2.40249
12.0953	-0.450117	0.930097	2.40249
10.7392	-0.492226	0.807311	13.4335
9.17188	-0.348738	0.666203	14.8374
9.17188	-0.348738	0.666203	14.8374
8.22939	-0.260117	0.583053	70.1299
8.10297	-0.278503	0.580898	95.498
8.10297	-0.278503	0.580898	95.498
7.31809	-0.258631	0.599988	39.0779
4.96584	-0.178042	0.354864	111.802
3.09519	-0.103914	0.210495	211.101
12.3976	-0.482932	0.947264	2.40602
12.3976	-0.482932	0.947264	2.40602
12.2249	-0.460532	0.940429	2.54698
9.66484	-0.392278	0.712696	20.7255
9.66484	-0.392278	0.712696	20.7255
9.01523	-0.349607	0.659026	31.1792
8.11528	-0.258267	0.575926	75.0524
8.11528	-0.258267	0.575926	75.0524
7.99075	-0.250352	0.56662	76.4697
7.94175	-0.280902	0.644914	30.7255
3.94378	-0.127223	0.27413	136.307
3.59022	-0.120213	0.248552	142.707
12.4569	-0.499772	0.947124	2.04875
12.3949	-0.490356	0.947926	2.25522
12.1805	-0.457241	0.937828	2.4858
10.0864	-0.421983	0.747419	14.3606
9.57407	-0.387288	0.702566	19.1722
8.92467	-0.336554	0.648968	24.7392
8.30039	-0.264066	0.58945	72.3827
8.2974	-0.271427	0.591765	81.8423
8.1058	-0.257107	0.576254	69.7065
7.29828	-0.259111	0.595323	36.2517
4.01188	-0.135113	0.282303	103.725
3.2455	-0.108251	0.224035	153.283
12.4743	-0.518817	0.94561	1.81165
12.3936	-0.484289	0.947745	2.04694
12.1495	-0.454737	0.936019	2.45399
10.3617	-0.445837	0.770911	17.1073
9.48842	-0.371504	0.692025	22.7389
8.86652	-0.325875	0.64125	34.7591
8.4406	-0.286772	0.605431	84.9225
8.41183	-0.26699	0.597556	68.87
8.18382	-0.266873	0.58411	87.7214
6.77098	-0.241161	0.555723	36.0909
4.26074	-0.147754	0.302936	165.85
2.96326	-0.100012	0.203552	223.445
12.4759	-0.541511	0.945718	1.72954
12.3932	-0.47753	0.947391	2.00513
12.1383	-0.452193	0.935265	2.51784
10.4584	-0.455245	0.779367	14.4664
9.45091	-0.364647	0.687288	26.626
8.84642	-0.319182	0.638046	42.3575
8.49774	-0.294548	0.611284	91.4307
8.44905	-0.268148	0.600275	71.6171
8.2115	-0.272781	0.587364	96.4027
6.54495	-0.237127	0.539928	38.4179
4.40207	-0.156032	0.313498	139.006
2.85875	-0.0975989	0.195984	228.393
12.5373	-0.504217	0.953989	1.87328
12.5373	-0.504217	0.953989	1.87328
12.1734	-0.46216	0.938868	2.5582
9.90122	-0.410779	0.729189	23.2566
9.90122	-0.410779	0.729189	23.2566
8.74978	-0.3202	0.632997	54.5211
8.51555	-0.278292	0.607883	74.3204
8.51555	-0.278292	0.607883	74.3204
8.20682	-0.254405	0.583123	79.2505
6.61271	-0.238132	0.542041	42.7322
3.69904	-0.121356	0.258893	208.183
3.19387	-0.111506	0.225035	230.706
12.6181	-0.505938	0.956423	1.59469
12.5898	-0.505366	0.958413	1.72921
12.1665	-0.469414	0.939688	2.54871
10.1075	-0.423915	0.746127	19.3796
9.7307	-0.379874	0.710618	51.7697
8.70278	-0.296514	0.625367	86.52
8.64553	-0.282043	0.617472	75.0418
8.63636	-0.295959	0.620691	72.0419
8.27674	-0.260432	0.589388	90.5377
6.04022	-0.219733	0.498625	44.841
3.79824	-0.128399	0.268706	154.946
3.03061	-0.10497	0.21364	194.797
12.6441	-0.506834	0.957101	1.51029
12.6079	-0.499423	0.959526	1.63765
12.1638	-0.468855	0.939732	2.55378
10.1781	-0.423203	0.751631	18.8805
9.65296	-0.366296	0.701908	68.483
8.78592	-0.306749	0.633738	90.608
8.68872	-0.283062	0.620646	73.4599
8.59622	-0.283698	0.615552	83.532
8.30255	-0.266012	0.592454	94.2919
5.78642	-0.211587	0.480591	81.2936
3.93019	-0.134583	0.278694	120.092
2.93884	-0.100892	0.2067	216.759
12.7073	-0.495248	0.962985	1.48564
12.7073	-0.495248	0.962985	1.48564
12.1744	-0.482523	0.942077	2.55144
9.88104	-0.385835	0.722326	61.3799
9.88104	-0.385835	0.722326	61.3799
8.85963	-0.302031	0.637305	82.5409
8.85963	-0.302031	0.637305	82.5409
8.48993	-0.2759	0.60718	86.2404
8.33951	-0.257499	0.593341	89.3968
5.40813	-0.201326	0.450796	68.2557
3.54558	-0.11922	0.249745	140.18
3.24248	-0.113858	0.233066	238.269
12.7465	-0.488126	0.964201	1.44421
12.7375	-0.493141	0.965309	1.4451
12.1765	-0.485529	0.942769	2.54028
9.93204	-0.390551	0.726498	50.6904
9.77527	-0.36765	0.710782	78.468
8.9613	-0.314231	0.647521	88.3772
8.9118	-0.304226	0.641301	80.385
8.43828	-0.264651	0.601559	88.1113
8.36305	-0.260566	0.595686	90.4009
5.10846	-0.192808	0.430284	199.154
3.60857	-0.121586	0.255067	113.878
3.25605	-0.111998	0.232567	179.938
12.7808	-0.485039	0.966806	1.42794
12.7808	-0.485039	0.966806	1.42794
12.1803	-0.494515	0.944	2.505
9.81623	-0.368244	0.713762	79.8821
9.81623	-0.368244	0.713762	79.8821
9.02018	-0.316972	0.652183	90.7789
9.02018	-0.316972	0.652183	90.7789
8.38425	-0.258366	0.596784	87.3998
8.38425	-0.258366	0.596784	87.3998
4.76176	-0.183934	0.408879	243.463
3.49322	-0.118134	0.246663	108.78
3.49322	-0.118134	0.246663	108.78
12.4442	-0.491259	0.952279	2.30098
12.4442	-0.491259	0.952279	2.30098
12.4442	-0.491259	0.952279	2.30098
9.49788	-0.375266	0.696932	17.4851
9.49788	-0.375266	0.696932	17.4851
9.49788	-0.375266	0.696932	17.4851
8.25051	-0.257924	0.585472	74.1956
8.25051	-0.257924	0.585472	74.1957
8.25051	-0.257924	0.585472	74.1957
7.21294	-0.255033	0.588086	33.7548
3.35504	-0.110539	0.231854	128.393
3.35504	-0.110539	0.231854	128.393
12.5923	-0.501541	0.958527	1.86281
12.4809	-0.495036	0.956148	2.06812
12.4809	-0.495036	0.956148	2.06812
9.85984	-0.408298	0.726781	18.2074
9.33259	-0.364563	0.681067	31.4656
9.33259	-0.364563	0.681067	31.4656
8.43831	-0.263039	0.599077	66.412
8.3912	-0.264706	0.596946	73.867
8.3912	-0.264706	0.596946	73.867
6.51493	-0.234122	0.533652	44.0837
3.39639	-0.113358	0.237676	214.787
2.83828	-0.0935692	0.194495	182.584
12.6765	-0.494352	0.960614	1.58375
12.5042	-0.480732	0.957516	2.01133
12.5042	-0.480732	0.957516	2.01133
10.0851	-0.420454	0.74508	15.1897
9.19368	-0.335618	0.665741	64.7858
9.19368	-0.335618	0.665741	64.7858
8.55189	-0.267052	0.607361	66.3416
8.5147	-0.276993	0.608496	83.369
8.5147	-0.276993	0.608496	83.369
5.93465	-0.21565	0.489333	45.2006
3.61695	-0.126186	0.256486	218.19
2.46611	-0.0838453	0.167591	210.173
12.7037	-0.48997	0.96101	1.4311
12.5122	-0.477883	0.958129	2.01186
12.5122	-0.477883	0.958129	2.01186
10.1617	-0.410787	0.750474	15.9624
9.13253	-0.321936	0.6586	77.5011
9.13253	-0.321936	0.6586	77.5011
8.5899	-0.268129	0.610116	74.3675
8.57061	-0.285494	0.61437	91.4193
8.57061	-0.285494	0.61437	91.4193
5.67891	-0.205961	0.47078	67.7927
3.76089	-0.13244	0.267163	134.095
2.32691	-0.0780445	0.157346	280.203
12.6967	-0.499562	0.967191	1.67523
12.6967	-0.499562	0.967191	1.67523
12.5449	-0.489796	0.961758	1.96785
9.63301	-0.374945	0.704329	34.1944
9.63301	-0.374945	0.704329	34.1943
9.12409	-0.332785	0.66115	75.8992
8.59533	-0.27011	0.61176	73.5167
8.59533	-0.27011	0.61176	73.5167
8.48755	-0.262321	0.603441	78.1039
5.76127	-0.210969	0.473953	67.9987
2.9844	-0.0990618	0.207825	232.412
2.60484	-0.0882455	0.180468	317.797
12.8265	-0.469433	0.971355	1.43604
12.762	-0.482118	0.971553	1.54209
12.5841	-0.490822	0.965534	1.97147
9.81678	-0.386485	0.719041	37.1227
9.43452	-0.344176	0.684004	78.5219
8.96238	-0.306676	0.64489	81.8157
8.7497	-0.283884	0.625832	85.5911
8.71809	-0.273295	0.620667	74.9586
8.57927	-0.268955	0.61133	78.4515
5.12068	-0.191056	0.424165	64.3129
3.06139	-0.104893	0.216121	181.661
2.28982	-0.0789252	0.158464	242.081
12.8699	-0.441333	0.971479	1.34137
12.7842	-0.474368	0.972918	1.51929
12.5972	-0.492532	0.966912	1.97006
9.87861	-0.389354	0.723956	42.7017
9.33939	-0.326685	0.673639	84.3228
8.88815	-0.291384	0.636714	87.2239
8.82979	-0.295012	0.63402	90.7848
8.75907	-0.274495	0.62365	74.1133
8.6297	-0.27636	0.616564	90.6829
4.82551	-0.178153	0.402348	82.1725
3.20108	-0.111346	0.226734	196.026
2.14385	-0.0736198	0.147853	353.106
12.9185	-0.446984	0.977481	1.3397
12.9185	-0.446984	0.977481	1.3397
12.6322	-0.498894	0.970558	1.91351
9.5819	-0.351073	0.695355	72.9206
9.5819	-0.351073	0.695355	72.9202
8.89012	-0.288567	0.636235	81.595
8.89012	-0.288567	0.636235	81.595
8.805	-0.285168	0.630212	89.8243
8.6326	-0.26569	0.614527	88.1412
4.40101	-0.166132	0.367345	129.036
2.73852	-0.0925252	0.192391	266.549
2.38319	-0.0837684	0.170667	289.772
12.9709	-0.424242	0.978715	1.29729
12.9495	-0.431499	0.979011	1.30635
12.6483	-0.498763	0.972049	1.86762
9.6315	-0.353786	0.699213	71.0754
9.46449	-0.330078	0.68277	86.3181
8.98633	-0.301	0.645961	92.2672
8.93683	-0.289941	0.639685	82.9262
8.73409	-0.273067	0.622967	89.2703
8.66811	-0.269435	0.617849	89.035
4.03862	-0.152447	0.340971	183.732
2.8006	-0.0971384	0.197876	160.711
2.36743	-0.0821268	0.169211	281.108
13.0049	-0.419707	0.98122	1.27311
13.0049	-0.419707	0.98122	1.27311
12.6653	-0.502116	0.973859	1.83407
9.50637	-0.331416	0.685837	87.8878
9.50637	-0.331416	0.685837	87.8878
9.03868	-0.303071	0.649968	92.5561
9.03868	-0.303071	0.649968	92.5561
8.68142	-0.266909	0.618273	89.3118
8.68142	-0.266909	0.618273	89.3118
3.58881	-0.14095	0.311928	319.16
2.65162	-0.0907441	0.187068	209.465
2.65162	-0.0907441	0.187068	209.465
12.8152	-0.475088	0.975665	1.50352
12.8152	-0.475088	0.975665	1.50352
12.8152	-0.475088	0.975665	1.50352
9.39436	-0.342961	0.681729	61.8616
9.39436	-0.342961	0.681729	61.8616
9.39436	-0.342961	0.681729	61.8616
8.69021	-0.267256	0.618061	80.9969
8.69021	-0.267256	0.618061	80.9969
8.69021	-0.267256	0.618061	80.9969
4.93922	-0.183886	0.407569	76.6315
2.31283	-0.0779258	0.159706	244.865
2.31283	-0.0779258	0.159706	244.865
12.9795	-0.430676	0.981563	1.31622
12.8881	-0.461	0.980964	1.46296
12.8881	-0.461	0.980964	1.46296
9.55764	-0.352674	0.694466	67.8534
9.19888	-0.314926	0.662551	87.6704
9.19888	-0.314926	0.662551	87.6704
8.81269	-0.270183	0.62689	67.6071
8.79573	-0.274885	0.627037	76.5604
8.79573	-0.274885	0.627037	76.5604
4.22469	-0.160529	0.350662	111.193
2.37796	-0.0821386	0.167287	261.784
1.77618	-0.0602635	0.1209	406.79
13.0346	-0.39098	0.981863	1.30788
12.9126	-0.458242	0.982895	1.45145
12.9126	-0.458242	0.982895	1.45145
9.61225	-0.354084	0.698621	80.3546
9.09895	-0.297659	0.652042	89.3903
9.09895	-0.297659	0.652042	89.3903
8.86505	-0.284221	0.633998	91.7208
8.86505	-0.284221	0.633998	91.7208
8.85365	-0.271538	0.629869	71.6924
3.87692	-0.145153	0.324316	123.383
2.52482	-0.0883343	0.178566	285.323
1.55344	-0.0526705	0.104601	349.302
13.0728	-0.392356	0.986838	1.28012
13.0728	-0.392356	0.986838	1.28012
12.9649	-0.451691	0.98697	1.417
9.34212	-0.320371	0.673308	88.2499
9.34212	-0.320371	0.673308	88.2499
9.0318	-0.29263	0.646881	91.5217
8.92588	-0.278804	0.636504	92.2886
8.92588	-0.278804	0.636504	92.2886
8.84403	-0.27201	0.629838	91.2423
3.41688	-0.130007	0.28469	264.26
1.92923	-0.065743	0.134925	407.529
1.60813	-0.0559995	0.112862	514.166
13.1348	-0.362404	0.98834	1.27391
13.1042	-0.381149	0.988724	1.281
12.9907	-0.448558	0.98899	1.3955
9.39008	-0.322233	0.676918	91.1004
9.22634	-0.301736	0.661324	90.0845
9.00693	-0.289084	0.64454	94.0863
8.96932	-0.280031	0.639659	92.4606
8.9475	-0.279591	0.638443	91.4166
8.88786	-0.276328	0.633863	92.1506
2.98145	-0.114561	0.251435	330.818
1.99657	-0.0696033	0.14094	418.026
1.47944	-0.0516273	0.104316	476.702
13.1684	-0.344498	0.989964	1.2644
13.1684	-0.344498	0.989964	1.2644
13.0168	-0.445925	0.99109	1.38715
9.26896	-0.302985	0.664421	91.1061
9.26896	-0.302985	0.664421	91.1061
9.05434	-0.290645	0.648062	93.7885
9.05434	-0.290645	0.648062	93.7885
8.89574	-0.273421	0.633795	92.4936
8.89574	-0.273421	0.633795	92.4936
2.39999	-0.0952187	0.210536	760.256
1.78302	-0.0617373	0.125712	395.871
1.78302	-0.0617373	0.125712	395.871
13.1667	-0.36007	0.992633	1.27524
13.1667	-0.36007	0.992633	1.27524
13.1667	-0.36007	0.992633	1.27524
9.16861	-0.297407	0.656964	92.2085
9.16861	-0.297407	0.656964	92.2085
9.16861	-0.297407	0.656964	92.2085
8.97173	-0.275892	0.639089	97.197
8.97173	-0.275892	0.639089	97.197
8.97173	-0.275892	0.639089	97.197
2.50802	-0.0965349	0.208638	444.406
1.1797	-0.0404749	0.0814269	512.475
1.1797	-0.0404749	0.0814269	512.475
13.2344	-0.318759	0.993831	1.30938
13.1983	-0.350611	0.994671	1.27707
13.1983	-0.350611	0.994671	1.27707
9.21433	-0.298893	0.66033	94.2213
9.0764	-0.283869	0.647811	96.0973
9.0764	-0.283869	0.647811	96.0973
9.02046	-0.280748	0.643548	97.1773
9.02046	-0.280748	0.643548	97.1773
9.01444	-0.277124	0.642178	97.038
1.96577	-0.0759351	0.165456	647.058
1.26772	-0.0443457	0.089418	673.802
0.77728	-0.0266122	0.0521989	837.546
13.2678	-0.308266	0.995958	1.33672
13.2678	-0.308266	0.995958	1.33672
13.2299	-0.336184	0.996392	1.28428
9.11951	-0.285159	0.650936	97.2544
9.11951	-0.285159	0.650936	97.2544
9.06479	-0.28207	0.646777	97.4583
9.06479	-0.28207	0.646777	97.4583
9.02517	-0.27774	0.643192	98.439
9.02517	-0.27774	0.643192	98.439
1.20204	-0.0481132	0.106073	1644.71
0.896127	-0.0314735	0.0631705	1064.4
0.896127	-0.0314735	0.0631705	1064.4
13.3012	-0.302337	0.998387	1.37637
13.3012	-0.302337	0.998387	1.37637
13.3012	-0.302337	0.998387	1.37637
9.06845	-0.278997	0.646323	98.7441
9.06845	-0.278997	0.646323	98.7441
9.06845	-0.278997	0.646323	98.7441
9.06845	-0.278997	0.646323	98.7441
9.06845	-0.278997	0.646323	98.7441
9.06845	-0.278997	0.646323	98.7441
0	0	0	0
0	0	0	0
0	0	0	0
