1980 Out of 49152 QH, Third, Fourth Freq in rad/ps and Lifetimes in ps for a 16x16x16 Ar Lattice at 10K. (atoms/UC=4)
13.3026	-0.442361	1.03711	2.85161
13.3026	-0.442361	1.03711	2.85161
13.3026	-0.442361	1.03711	2.85161
13.3026	-0.442361	1.03711	2.85161
6.01832	-0.183071	0.417547	108.118
6.01832	-0.183071	0.417547	108.118
6.01832	-0.183071	0.417547	108.118
6.01832	-0.183071	0.417547	108.118
6.01832	-0.183071	0.417547	108.118
6.01832	-0.183071	0.417547	108.118
6.01832	-0.183071	0.417547	108.118
6.01832	-0.183071	0.417547	108.118
13.2572	-0.438691	1.03306	2.69921
13.2572	-0.438691	1.03306	2.69921
13.2572	-0.438691	1.03306	2.69921
13.2572	-0.438691	1.03306	2.69921
6.12245	-0.190689	0.426448	116.45
6.12245	-0.190689	0.426448	116.45
6.12245	-0.190689	0.426448	116.45
6.12245	-0.190689	0.426448	116.45
6.01807	-0.183962	0.417611	105.036
6.01807	-0.183962	0.417611	105.036
6.01807	-0.183962	0.417611	105.036
6.01807	-0.183962	0.417611	105.036
13.1222	-0.428007	1.02172	2.74058
13.1222	-0.428007	1.02172	2.74058
13.1222	-0.428007	1.02172	2.74058
13.1222	-0.428007	1.02172	2.74058
6.41937	-0.21164	0.451701	109.687
6.41937	-0.21164	0.451701	109.687
6.41937	-0.21164	0.451701	109.687
6.41937	-0.21164	0.451701	109.687
6.01738	-0.186213	0.417781	119.319
6.01738	-0.186213	0.417781	119.319
6.01738	-0.186213	0.417781	119.319
6.01738	-0.186213	0.417781	119.319
12.902	-0.418964	1.00375	2.8713
12.902	-0.418964	1.00375	2.8713
12.902	-0.418964	1.00375	2.8713
12.902	-0.418964	1.00375	2.8713
6.869	-0.241214	0.489621	58.1589
6.869	-0.241214	0.489621	58.1589
6.869	-0.241214	0.489621	58.1589
6.869	-0.241214	0.489621	58.1589
6.01634	-0.189173	0.418044	116.616
6.01634	-0.189173	0.418044	116.616
6.01634	-0.189173	0.418044	116.616
6.01634	-0.189173	0.418044	116.616
12.6048	-0.415117	0.97998	2.85015
12.6048	-0.415117	0.97998	2.85015
12.6048	-0.415117	0.97998	2.85015
12.6048	-0.415117	0.97998	2.85015
7.41959	-0.272585	0.535394	51.8878
7.41959	-0.272585	0.535394	51.8878
7.41959	-0.272585	0.535394	51.8878
7.41959	-0.272585	0.535394	51.8878
6.01511	-0.191443	0.418287	116.416
6.01511	-0.191443	0.418287	116.416
6.01511	-0.191443	0.418287	116.416
6.01511	-0.191443	0.418287	116.416
12.2457	-0.414752	0.952013	2.86258
12.2457	-0.414752	0.952013	2.86258
12.2457	-0.414752	0.952013	2.86258
12.2457	-0.414752	0.952013	2.86258
8.01619	-0.304937	0.584434	37.7088
8.01619	-0.304937	0.584434	37.7088
8.01619	-0.304937	0.584434	37.7088
8.01619	-0.304937	0.584434	37.7088
6.01388	-0.194831	0.418544	119.761
6.01388	-0.194831	0.418544	119.761
6.01388	-0.194831	0.418544	119.761
6.01388	-0.194831	0.418544	119.761
11.8551	-0.423356	0.922897	2.81709
11.8551	-0.423356	0.922897	2.81709
11.8551	-0.423356	0.922897	2.81709
11.8551	-0.423356	0.922897	2.81709
8.59752	-0.334765	0.631237	21.8112
8.59752	-0.334765	0.631237	21.8112
8.59752	-0.334765	0.631237	21.8112
8.59752	-0.334765	0.631237	21.8112
6.01284	-0.196545	0.418739	107.175
6.01284	-0.196545	0.418739	107.175
6.01284	-0.196545	0.418739	107.175
6.01284	-0.196545	0.418739	107.175
11.5031	-0.440915	0.898773	3.35506
11.5031	-0.440915	0.898773	3.35506
11.5031	-0.440915	0.898773	3.35506
11.5031	-0.440915	0.898773	3.35506
9.07208	-0.355844	0.667759	17.7409
9.07208	-0.355844	0.667759	17.7409
9.07208	-0.355844	0.667759	17.7409
9.07208	-0.355844	0.667759	17.7409
6.01214	-0.198601	0.418892	122.15
6.01214	-0.198601	0.418892	122.15
6.01214	-0.198601	0.418892	122.15
6.01214	-0.198601	0.418892	122.15
11.3439	-0.439187	0.887862	3.43915
11.3439	-0.439187	0.887862	3.43915
11.3439	-0.439187	0.887862	3.43915
11.3439	-0.439187	0.887862	3.43915
9.2734	-0.368068	0.682345	23.2903
9.2734	-0.368068	0.682345	23.2903
9.2734	-0.368068	0.682345	23.2903
9.2734	-0.368068	0.682345	23.2903
6.0119	-0.19876	0.418925	104.678
6.0119	-0.19876	0.418925	104.678
6.0119	-0.19876	0.418925	104.678
6.0119	-0.19876	0.418925	104.678
13.2574	-0.43992	1.03213	2.71949
13.2574	-0.43992	1.03213	2.71949
13.1669	-0.43234	1.02664	2.8128
13.1669	-0.43234	1.02664	2.8128
6.30711	-0.203472	0.442034	112.156
6.30711	-0.203472	0.442034	112.156
6.11016	-0.188539	0.424603	105.924
6.11016	-0.188539	0.424603	105.924
6.03486	-0.185444	0.419138	110.808
6.03486	-0.185444	0.419138	110.808
6.03008	-0.188023	0.419624	126.771
6.03008	-0.188023	0.419624	126.771
13.1673	-0.438231	1.02378	2.72549
13.1673	-0.438231	1.02378	2.72549
12.9893	-0.422756	1.01299	2.90304
12.9893	-0.422756	1.01299	2.90304
6.67794	-0.228226	0.473131	112.179
6.67794	-0.228226	0.473131	112.179
6.2307	-0.200712	0.436554	110.053
6.2307	-0.200712	0.436554	110.053
6.18772	-0.193565	0.430633	116.966
6.18772	-0.193565	0.430633	116.966
5.96076	-0.185656	0.414195	115.839
5.96076	-0.185656	0.414195	115.839
12.9895	-0.434745	1.00836	2.67828
12.9895	-0.434745	1.00836	2.67828
12.7305	-0.408457	0.992545	2.90327
12.7305	-0.408457	0.992545	2.90327
7.18975	-0.258738	0.515656	69.9862
7.18975	-0.258738	0.515656	69.9862
6.59517	-0.225337	0.467666	88.7517
6.59517	-0.225337	0.467666	88.7517
6.24894	-0.198298	0.4355	111.719
6.24894	-0.198298	0.4355	111.719
5.89703	-0.185926	0.40976	97.0527
5.89703	-0.185926	0.40976	97.0527
12.7303	-0.432289	0.986838	2.70037
12.7303	-0.432289	0.986838	2.70037
12.4008	-0.399459	0.966849	2.99668
12.4008	-0.399459	0.966849	2.99668
7.78485	-0.290709	0.564594	39.5082
7.78485	-0.290709	0.564594	39.5082
7.07926	-0.252296	0.508128	41.4949
7.07926	-0.252296	0.508128	41.4949
6.29949	-0.202407	0.439574	101.339
6.29949	-0.202407	0.439574	101.339
5.84129	-0.187005	0.406006	120.977
5.84129	-0.187005	0.406006	120.977
12.4019	-0.429127	0.960297	2.67556
12.4019	-0.429127	0.960297	2.67556
12.0177	-0.395752	0.937555	2.98914
12.0177	-0.395752	0.937555	2.98914
8.4116	-0.326416	0.615907	28.4025
8.4116	-0.326416	0.615907	28.4025
7.62589	-0.28274	0.553291	40.7165
7.62589	-0.28274	0.553291	40.7165
6.33974	-0.206478	0.442863	114.844
6.33974	-0.206478	0.442863	114.844
5.79525	-0.188748	0.403	114.099
5.79525	-0.188748	0.403	114.099
12.0302	-0.43809	0.931998	2.74175
12.0302	-0.43809	0.931998	2.74175
11.6152	-0.41087	0.908559	3.01576
11.6152	-0.41087	0.908559	3.01576
9.01538	-0.35987	0.664532	21.211
9.01538	-0.35987	0.664532	21.211
8.16829	-0.31591	0.597165	30.7116
8.16829	-0.31591	0.597165	30.7116
6.36913	-0.20983	0.445303	106.451
6.36913	-0.20983	0.445303	106.451
5.76078	-0.18967	0.400769	116.64
5.76078	-0.18967	0.400769	116.64
11.68	-0.452098	0.907145	2.92737
11.68	-0.452098	0.907145	2.92737
11.2666	-0.426344	0.884814	3.5483
11.2666	-0.426344	0.884814	3.5483
9.51221	-0.382242	0.70285	16.498
9.51221	-0.382242	0.70285	16.498
8.60988	-0.329424	0.630855	23.5798
8.60988	-0.329424	0.630855	23.5798
6.38704	-0.211709	0.446791	108.572
6.38704	-0.211709	0.446791	108.572
5.73942	-0.19129	0.399435	112.78
5.73942	-0.19129	0.399435	112.78
11.5138	-0.448063	0.895742	3.17279
11.5138	-0.448063	0.895742	3.17279
11.1151	-0.425997	0.874753	4.13159
11.1151	-0.425997	0.874753	4.13159
9.72836	-0.387311	0.71824	14.3433
9.72836	-0.387311	0.71824	14.3433
8.79388	-0.340537	0.644311	22.9322
8.79388	-0.340537	0.644311	22.9322
6.39306	-0.211846	0.447263	107.685
6.39306	-0.211846	0.447263	107.685
5.73218	-0.190524	0.398939	107.107
5.73218	-0.190524	0.398939	107.107
13.123	-0.440978	1.01823	2.6418
13.123	-0.440978	1.01823	2.6418
12.773	-0.408699	0.996992	2.99947
12.773	-0.408699	0.996992	2.99947
7.0656	-0.251797	0.505267	76.9339
7.0656	-0.251797	0.505267	76.9339
6.3739	-0.202383	0.444828	106.659
6.3739	-0.202383	0.444828	106.659
6.08162	-0.188964	0.423522	117.501
6.08162	-0.188964	0.423522	117.501
6.06387	-0.199863	0.425411	119.416
6.06387	-0.199863	0.425411	119.416
12.9902	-0.444365	1.00588	2.65763
12.9902	-0.444365	1.00588	2.65763
12.4809	-0.397058	0.974942	3.0189
12.4809	-0.397058	0.974942	3.0189
7.58462	-0.283541	0.547958	52.7406
7.58462	-0.283541	0.547958	52.7406
6.52443	-0.210191	0.456514	109.317
6.52443	-0.210191	0.456514	109.317
6.35183	-0.212742	0.448489	94.9842
6.35183	-0.212742	0.448489	94.9842
5.93382	-0.190763	0.414279	116.168
5.93382	-0.190763	0.414279	116.168
12.7733	-0.442338	0.986835	2.63927
12.7733	-0.442338	0.986835	2.63927
12.1248	-0.390778	0.94818	3.12259
12.1248	-0.390778	0.94818	3.12259
8.18391	-0.313734	0.59672	37.5063
8.18391	-0.313734	0.59672	37.5063
6.76101	-0.236239	0.483002	55.0283
6.76101	-0.236239	0.483002	55.0283
6.64077	-0.217639	0.465678	100.782
6.64077	-0.217639	0.465678	100.782
5.81393	-0.188691	0.405573	97.562
5.81393	-0.188691	0.405573	97.562
12.4817	-0.444071	0.962591	2.64837
12.4817	-0.444071	0.962591	2.64837
11.7248	-0.393662	0.918642	3.18844
11.7248	-0.393662	0.918642	3.18844
8.81072	-0.347009	0.647663	29.2505
8.81072	-0.347009	0.647663	29.2505
7.24635	-0.26385	0.523208	49.6356
7.24635	-0.26385	0.523208	49.6356
6.72916	-0.222861	0.472648	103.086
6.72916	-0.222861	0.472648	103.086
5.7152	-0.188001	0.398551	106.388
5.7152	-0.188001	0.398551	106.388
12.1364	-0.449452	0.935322	2.66288
12.1364	-0.449452	0.935322	2.66288
11.3173	-0.399714	0.8893	3.49863
11.3173	-0.399714	0.8893	3.49863
9.41417	-0.37723	0.696073	20.0902
9.41417	-0.37723	0.696073	20.0902
7.7389	-0.286454	0.562708	37.0324
7.7389	-0.286454	0.562708	37.0324
6.79195	-0.226789	0.477624	93.7133
6.79195	-0.226789	0.477624	93.7133
5.64129	-0.188147	0.393379	115.217
5.64129	-0.188147	0.393379	115.217
11.794	-0.463093	0.910411	2.80253
11.794	-0.463093	0.910411	2.80253
10.9765	-0.411765	0.86622	4.12285
10.9765	-0.411765	0.86622	4.12285
9.91845	-0.405179	0.73527	12.842
9.91845	-0.405179	0.73527	12.842
8.14042	-0.307866	0.593597	27.4503
8.14042	-0.307866	0.593597	27.4503
6.82965	-0.229629	0.480629	100.03
6.82965	-0.229629	0.480629	100.03
5.59544	-0.188712	0.390216	102.756
5.59544	-0.188712	0.390216	102.756
11.6218	-0.467393	0.898957	2.85812
11.6218	-0.467393	0.898957	2.85812
10.8332	-0.407326	0.856517	5.11964
10.8332	-0.407326	0.856517	5.11964
10.1458	-0.409205	0.751346	11.0263
10.1458	-0.409205	0.751346	11.0263
8.30565	-0.310326	0.605437	26.5502
8.30565	-0.310326	0.605437	26.5502
6.84224	-0.229842	0.4816	102.913
6.84224	-0.229842	0.4816	102.913
5.5799	-0.189071	0.38916	100.4
5.5799	-0.189071	0.38916	100.4
12.9036	-0.445668	0.996105	2.56294
12.9036	-0.445668	0.996105	2.56294
12.1618	-0.39001	0.95194	3.18575
12.1618	-0.39001	0.95194	3.18575
8.06972	-0.31101	0.587339	59.0269
8.06972	-0.31101	0.587339	59.0269
6.77817	-0.222749	0.476152	96.6
6.77817	-0.222749	0.476152	96.6
6.15065	-0.193896	0.429976	110.903
6.15065	-0.193896	0.429976	110.903
6.11579	-0.21511	0.433749	118.378
6.11579	-0.21511	0.433749	118.378
12.7323	-0.450584	0.980111	2.51131
12.7323	-0.450584	0.980111	2.51131
11.7867	-0.384214	0.924435	3.30539
11.7867	-0.384214	0.924435	3.30539
8.62692	-0.33859	0.632205	36.2891
8.62692	-0.33859	0.632205	36.2891
6.9821	-0.233108	0.492162	104.322
6.9821	-0.233108	0.492162	104.322
6.46808	-0.223437	0.459995	64.2368
6.46808	-0.223437	0.459995	64.2368
5.94156	-0.198848	0.417724	117.719
5.94156	-0.198848	0.417724	117.719
12.4829	-0.452425	0.958439	2.54596
12.4829	-0.452425	0.958439	2.54596
11.3771	-0.386924	0.894854	3.71018
11.3771	-0.386924	0.894854	3.71018
9.21578	-0.368866	0.679679	23.3135
9.21578	-0.368866	0.679679	23.3135
7.13486	-0.241718	0.504282	96.1385
7.13486	-0.241718	0.504282	96.1385
6.88719	-0.244242	0.494752	48.2213
6.88719	-0.244242	0.494752	48.2213
5.78382	-0.193944	0.405909	114.926
5.78382	-0.193944	0.405909	114.926
12.1717	-0.464994	0.933423	2.57299
12.1717	-0.464994	0.933423	2.57299
10.9713	-0.3904	0.865797	4.04532
10.9713	-0.3904	0.865797	4.04532
9.78983	-0.405622	0.725987	16.5702
9.78983	-0.405622	0.725987	16.5702
7.324	-0.266428	0.529796	42.17
7.324	-0.266428	0.529796	42.17
7.241	-0.247397	0.512727	94.0134
7.241	-0.247397	0.512727	94.0134
5.66495	-0.191027	0.397157	100.485
5.66495	-0.191027	0.397157	100.485
11.8451	-0.471885	0.908585	2.72839
11.8451	-0.471885	0.908585	2.72839
10.6421	-0.395411	0.843442	5.17398
10.6421	-0.395411	0.843442	5.17398
10.2819	-0.428951	0.764424	10.6471
10.2819	-0.428951	0.764424	10.6471
7.68173	-0.280226	0.556939	32.9538
7.68173	-0.280226	0.556939	32.9538
7.3037	-0.25149	0.51775	86.0769
7.3037	-0.25149	0.51775	86.0769
5.59089	-0.189549	0.391763	110.6
5.59089	-0.189549	0.391763	110.6
11.6681	-0.48669	0.897128	2.70096
11.6681	-0.48669	0.897128	2.70096
10.5152	-0.435854	0.781135	8.36676
10.5152	-0.435854	0.781135	8.36676
10.5073	-0.385247	0.833764	5.34017
10.5073	-0.385247	0.833764	5.34017
7.82775	-0.283922	0.567404	31.5933
7.82775	-0.283922	0.567404	31.5933
7.32447	-0.252059	0.519388	87.0232
7.32447	-0.252059	0.519388	87.0232
5.56572	-0.188652	0.389927	94.9761
5.56572	-0.188652	0.389927	94.9761
12.6083	-0.452366	0.966963	2.52191
12.6083	-0.452365	0.966963	2.52191
11.4007	-0.385728	0.897192	3.75232
11.4007	-0.385728	0.897192	3.75232
9.1145	-0.362164	0.671052	22.3724
9.1145	-0.362164	0.671052	22.3724
7.27994	-0.248013	0.515675	85.9693
7.27994	-0.248013	0.515675	85.9693
6.23063	-0.198343	0.437415	99.5753
6.23063	-0.198343	0.437415	99.5753
6.18115	-0.222788	0.442526	75.7035
6.18115	-0.222788	0.442526	75.7035
12.406	-0.457574	0.948322	2.43552
12.406	-0.457574	0.948322	2.43552
10.9895	-0.378264	0.867252	4.24233
10.9895	-0.378264	0.867252	4.24233
9.63006	-0.394862	0.712483	18.2354
9.63006	-0.394862	0.712483	18.2354
7.51304	-0.260691	0.534351	88.9546
7.51304	-0.260691	0.534351	88.9546
6.5616	-0.225131	0.468817	69.1384
6.5616	-0.225131	0.468817	69.1384
5.98529	-0.203294	0.423574	91.862
5.98529	-0.203294	0.423574	91.862
12.137	-0.475939	0.926176	2.54284
12.137	-0.475939	0.926176	2.54284
10.5916	-0.384395	0.839508	5.24409
10.5916	-0.384395	0.839508	5.24409
10.1419	-0.423341	0.753615	13.1805
10.1419	-0.423341	0.753615	13.1805
7.67694	-0.269746	0.547601	86.7494
7.67694	-0.269746	0.547601	86.7494
6.94145	-0.241946	0.499165	45.0273
6.94145	-0.241946	0.499165	45.0273
5.81908	-0.19708	0.410803	91.9717
5.81908	-0.19708	0.410803	91.9717
11.8362	-0.488023	0.902701	2.65625
11.8362	-0.488023	0.902701	2.65625
10.5965	-0.454377	0.789806	8.01868
10.5965	-0.454377	0.789806	8.01868
10.2771	-0.37803	0.817419	6.4276
10.2771	-0.37803	0.817419	6.4276
7.77366	-0.275193	0.555463	84.7381
7.77366	-0.275193	0.555463	84.7381
7.25513	-0.256257	0.522934	36.0971
7.25513	-0.256257	0.522934	36.0971
5.71467	-0.192736	0.402872	93.9422
5.71467	-0.192736	0.402872	93.9422
11.6573	-0.505804	0.890943	2.78459
11.6573	-0.505804	0.890943	2.78459
10.8281	-0.453069	0.806274	6.92698
10.8281	-0.453069	0.806274	6.92698
10.151	-0.376921	0.809021	6.67442
10.151	-0.376921	0.809021	6.67442
7.80559	-0.276823	0.558056	89.1139
7.80559	-0.276823	0.558056	89.1139
7.38259	-0.260914	0.532121	46.8959
7.38259	-0.260914	0.532121	46.8959
5.67904	-0.191928	0.400196	89.0518
5.67904	-0.191928	0.400196	89.0518
12.2543	-0.482279	0.933959	2.28896
12.2543	-0.482279	0.933959	2.28896
10.5845	-0.380618	0.838876	4.87392
10.5845	-0.380618	0.838876	4.87392
10.0527	-0.42408	0.74622	15.4416
10.0527	-0.42408	0.74622	15.4416
7.82935	-0.277755	0.559989	87.3018
7.82935	-0.277755	0.559989	87.3018
6.30912	-0.200386	0.444657	81.0739
6.30912	-0.200386	0.444657	81.0739
6.25567	-0.227372	0.450347	104.982
6.25567	-0.227372	0.450347	104.982
12.0361	-0.500233	0.915009	2.57611
12.0361	-0.500233	0.915009	2.57611
10.4729	-0.448549	0.77996	11.9388
10.4729	-0.448549	0.77996	11.9388
10.2003	-0.37697	0.81169	6.53844
10.2003	-0.37697	0.81169	6.53844
8.06276	-0.291146	0.579215	88.5934
8.06276	-0.291146	0.579215	88.5934
6.61178	-0.224923	0.472891	46.7223
6.61178	-0.224923	0.472891	46.7223
6.06751	-0.204351	0.431183	82.2718
6.06751	-0.204351	0.431183	82.2718
11.775	-0.510237	0.893572	2.77611
11.775	-0.510237	0.893572	2.77611
10.86	-0.477728	0.811162	6.88249
10.86	-0.477728	0.811162	6.88249
9.90271	-0.358653	0.790394	8.14661
9.90271	-0.358653	0.790394	8.14661
8.20419	-0.299394	0.590981	83.4509
8.20419	-0.299394	0.590981	83.4509
6.88467	-0.235123	0.493375	32.5805
6.88467	-0.235123	0.493375	32.5805
5.93302	-0.197464	0.420518	83.9466
5.93302	-0.197464	0.420518	83.9466
11.6	-0.522707	0.881244	2.96591
11.6	-0.522707	0.881244	2.96591
11.0779	-0.486197	0.827288	5.86226
11.0779	-0.486197	0.827288	5.86226
9.78538	-0.356779	0.782658	8.79272
9.78538	-0.356779	0.782658	8.79272
8.25138	-0.301774	0.594916	81.3082
8.25138	-0.301774	0.594916	81.3082
6.99546	-0.237073	0.501211	35.3178
6.99546	-0.237073	0.501211	35.3178
5.88688	-0.195355	0.416898	86.2296
5.88688	-0.195355	0.416898	86.2296
11.8764	-0.512498	0.899533	2.80369
11.8764	-0.512498	0.899533	2.80369
10.7854	-0.478255	0.805265	8.28667
10.7854	-0.478255	0.805265	8.28667
9.83396	-0.355258	0.785191	8.63811
9.83396	-0.355258	0.785191	8.63811
8.3653	-0.308825	0.604584	79.7618
8.3653	-0.308825	0.604584	79.7618
6.37452	-0.201602	0.450681	53.8434
6.37452	-0.201602	0.450681	53.8434
6.33415	-0.224107	0.455221	62.5338
6.33415	-0.224107	0.455221	62.5338
11.6737	-0.526229	0.881864	2.98803
11.6737	-0.526229	0.881864	2.98803
11.0747	-0.509409	0.829094	6.05135
11.0747	-0.509409	0.829094	6.05135
9.55409	-0.347444	0.76594	10.7207
9.55409	-0.347444	0.76594	10.7207
8.55802	-0.321033	0.621064	79.7817
8.55802	-0.321033	0.621064	79.7817
6.59555	-0.214711	0.470075	40.6692
6.59555	-0.214711	0.470075	40.6692
6.19069	-0.201409	0.440043	67.8201
6.19069	-0.201409	0.440043	67.8201
11.5165	-0.54016	0.870374	3.32378
11.5165	-0.54016	0.870374	3.32378
11.2598	-0.519218	0.84324	4.63777
11.2598	-0.519218	0.84324	4.63777
9.445	-0.343459	0.758672	11.8954
9.445	-0.343459	0.758672	11.8954
8.62414	-0.325112	0.626772	79.3243
8.62414	-0.325112	0.626772	79.3243
6.6929	-0.217956	0.476894	29.0279
6.6929	-0.217956	0.476894	29.0279
6.13492	-0.198031	0.435476	72.6654
6.13492	-0.198031	0.435476	72.6654
11.5486	-0.545371	0.869966	3.33703
11.5486	-0.545371	0.869966	3.33703
11.2489	-0.539681	0.843993	5.49324
11.2489	-0.539681	0.843993	5.49324
9.28951	-0.341535	0.748077	12.2778
9.28951	-0.341535	0.748077	12.2778
8.79515	-0.336915	0.641822	81.81
8.79515	-0.336915	0.641822	81.81
6.41766	-0.204079	0.454716	51.2042
6.41766	-0.204079	0.454716	51.2042
6.40297	-0.212359	0.456539	54.2972
6.40297	-0.212359	0.456539	54.2972
11.4394	-0.560826	0.861311	3.90614
11.4394	-0.560826	0.861311	3.90614
11.3703	-0.556175	0.853924	4.29096
11.3703	-0.556175	0.853924	4.29096
9.18694	-0.335373	0.741286	13.8969
9.18694	-0.335373	0.741286	13.8969
8.87939	-0.342829	0.649342	81.7953
8.87939	-0.342829	0.649342	81.7953
6.49939	-0.211338	0.461681	47.3432
6.49939	-0.211338	0.461681	47.3432
6.34664	-0.201971	0.450393	96.8729
6.34664	-0.201971	0.450393	96.8729
11.4073	-0.570634	0.857739	4.34781
11.4073	-0.570634	0.857739	4.34781
11.4073	-0.570634	0.857739	4.34781
11.4073	-0.570634	0.857739	4.34781
9.08701	-0.332331	0.734895	20.9777
9.08701	-0.332331	0.734895	20.9777
8.97164	-0.349666	0.657703	77.6017
8.97164	-0.349666	0.657703	77.6017
6.43271	-0.202946	0.45608	80.2196
6.43271	-0.202946	0.45608	80.2196
6.43271	-0.202946	0.45608	80.2196
6.43271	-0.202946	0.45608	80.2196
13.2133	-0.437274	1.02848	2.74739
13.2133	-0.437274	1.02848	2.74739
13.2133	-0.437274	1.02848	2.74739
13.03	-0.415008	1.01692	2.92569
6.35261	-0.208423	0.446346	100.837
6.35261	-0.208423	0.446346	100.837
6.35261	-0.208423	0.446346	100.837
6.16263	-0.190919	0.428653	108.213
6.16263	-0.190919	0.428653	108.213
6.16263	-0.190919	0.428653	108.213
5.90379	-0.181144	0.409533	103.463
5.90379	-0.181144	0.409533	103.463
13.1676	-0.441437	1.02289	2.66325
13.0825	-0.432086	1.01769	2.76292
13.0825	-0.432086	1.01769	2.76292
12.807	-0.403311	1.00054	3.03525
6.83331	-0.238728	0.486191	112.109
6.5817	-0.224122	0.465746	111.329
6.5817	-0.224122	0.465746	111.329
6.2826	-0.196536	0.437669	84.8611
6.21345	-0.195183	0.432989	108.968
6.21345	-0.195183	0.432989	108.968
5.98682	-0.187875	0.417235	111.386
5.77437	-0.178184	0.400195	114.296
13.0305	-0.441282	1.00989	2.62726
12.8693	-0.421686	1.00013	2.76965
12.8693	-0.421686	1.00013	2.76965
12.5056	-0.395903	0.977988	3.1007
7.42352	-0.274693	0.534938	82.1921
6.99449	-0.252412	0.50014	55.8707
6.99449	-0.252412	0.50014	55.8707
6.39086	-0.202328	0.445853	109.779
6.26007	-0.207326	0.441052	71.8209
6.22591	-0.199055	0.434524	101.123
6.22591	-0.199055	0.434524	101.123
5.65191	-0.175326	0.391464	93.9012
12.806	-0.439731	0.990228	2.62619
12.5822	-0.417786	0.977235	2.7337
12.5822	-0.417786	0.977235	2.7337
12.1374	-0.384817	0.949915	3.10849
8.075	-0.308765	0.588275	49.6314
7.51385	-0.277267	0.542785	43.3543
7.51385	-0.277267	0.542785	43.3543
6.67818	-0.229605	0.476431	71.6843
6.48403	-0.208479	0.452993	110.938
6.2289	-0.202558	0.435257	107.704
6.2289	-0.202558	0.435257	107.704
5.54186	-0.176222	0.383815	108.091
12.503	-0.440143	0.964922	2.61401
12.2369	-0.416803	0.950346	2.75546
12.2369	-0.416803	0.950346	2.75546
11.7224	-0.388974	0.919204	3.17831
8.74341	-0.347156	0.642938	33.208
8.08031	-0.305063	0.588938	41.5156
8.08031	-0.305063	0.588938	41.5156
7.18074	-0.261754	0.518442	52.1253
6.55938	-0.211696	0.458717	104.903
6.22928	-0.205707	0.435741	105.617
6.22928	-0.205707	0.435741	105.617
5.44951	-0.176425	0.377456	118.072
12.1413	-0.449828	0.936605	2.68313
11.8639	-0.427199	0.922767	2.81241
11.8639	-0.427199	0.922767	2.81241
11.297	-0.404636	0.889089	3.40708
9.38304	-0.382311	0.69461	20.1735
8.632	-0.334936	0.633177	23.5434
8.632	-0.334936	0.633177	23.5434
7.69492	-0.289753	0.560186	34.372
6.61474	-0.216402	0.463011	100.208
6.22888	-0.207961	0.43606	107.242
6.22888	-0.207961	0.43606	107.242
5.37964	-0.176295	0.37264	124.76
11.7764	-0.467283	0.91032	2.83895
11.5324	-0.435924	0.899526	3.21233
11.5324	-0.435924	0.899526	3.21233
10.9374	-0.406583	0.864078	4.34323
9.92115	-0.407246	0.736416	11.9796
9.07874	-0.35649	0.667533	20.6579
9.07874	-0.35649	0.667533	20.6579
8.11817	-0.307683	0.592658	29.0504
6.64858	-0.217657	0.465588	107.878
6.22843	-0.209753	0.436276	99.3836
6.22843	-0.209753	0.436276	99.3836
5.33605	-0.177663	0.369719	109.353
11.5875	-0.462526	0.897218	2.91047
11.3851	-0.441996	0.889963	3.32947
11.3851	-0.441996	0.889963	3.32947
10.7843	-0.408799	0.853961	5.11389
10.1689	-0.410448	0.75378	11.8191
9.26574	-0.358623	0.68075	16.927
9.26574	-0.358623	0.68075	16.927
8.29422	-0.316201	0.605398	31.65
6.65996	-0.218681	0.466464	85.1076
6.22824	-0.210211	0.436325	112.668
6.22824	-0.210211	0.436325	112.668
5.32124	-0.177117	0.368691	124.57
13.0832	-0.440238	1.01499	2.63749
13.0832	-0.440238	1.01499	2.63749
12.916	-0.424757	1.00495	2.71812
12.5414	-0.393241	0.981809	3.23707
7.09347	-0.256205	0.508025	107.265
7.09347	-0.256205	0.508025	107.265
6.57646	-0.230554	0.467111	125.98
6.42828	-0.203604	0.448908	105.737
6.42828	-0.203604	0.448908	105.737
6.32815	-0.197954	0.441686	99.1074
5.82399	-0.179957	0.404615	119.439
5.71345	-0.179309	0.397079	117.178
12.9908	-0.446153	1.00498	2.61886
12.9172	-0.435354	1.00061	2.69955
12.6739	-0.414007	0.986173	2.84925
12.2012	-0.382583	0.956877	3.35916
7.71503	-0.293228	0.558928	72.2549
7.492	-0.279477	0.540736	53.7638
6.83417	-0.244382	0.488189	94.1982
6.60264	-0.211085	0.462003	97.8985
6.5509	-0.211388	0.458849	103.719
6.33617	-0.203882	0.443649	112.49
5.96723	-0.19266	0.41814	98.6407
5.5561	-0.17522	0.385647	126.456
12.8071	-0.448165	0.987766	2.56568
12.6764	-0.431071	0.980483	2.63213
12.367	-0.404645	0.962304	2.84407
11.7999	-0.380493	0.927512	3.59331
8.38869	-0.326381	0.613657	41.2826
7.99556	-0.300542	0.581269	35.5198
7.26309	-0.26229	0.522841	50.3128
6.74574	-0.218292	0.472812	100.45
6.63699	-0.218742	0.466155	108.801
6.30478	-0.215168	0.447399	61.3095
6.28897	-0.206999	0.441043	94.1389
5.38609	-0.172858	0.3734	106.469
12.5375	-0.449864	0.964299	2.58321
12.374	-0.432974	0.956388	2.64843
12.0132	-0.408057	0.935812	2.86237
11.359	-0.381947	0.895186	3.52297
9.07137	-0.366122	0.669381	27.4763
8.54542	-0.332786	0.625704	27.8959
7.75711	-0.287642	0.562869	47.8938
6.85884	-0.223455	0.481352	94.4518
6.74884	-0.238524	0.484665	71.5494
6.69668	-0.225064	0.471374	92.5266
6.24268	-0.208502	0.438183	101.977
5.24096	-0.170239	0.363033	120.71
12.1955	-0.455925	0.936316	2.58421
12.0374	-0.443094	0.930994	2.79323
11.6469	-0.41299	0.909073	3.11364
10.9171	-0.393799	0.863938	4.1672
9.72444	-0.404428	0.722482	16.108
9.0801	-0.356873	0.668089	22.9784
8.24582	-0.310897	0.60163	30.6923
7.22198	-0.263517	0.523147	43.3376
6.94092	-0.227468	0.487566	96.7001
6.73673	-0.229326	0.47492	101.259
6.20666	-0.20998	0.43594	103.897
5.13021	-0.16957	0.355232	123.167
11.8224	-0.475504	0.9087	2.73442
11.7304	-0.448928	0.908707	2.88266
11.3375	-0.418321	0.887507	3.35504
10.5517	-0.393609	0.838346	5.21826
10.2903	-0.437196	0.76713	10.5561
9.51408	-0.372465	0.701159	14.6866
8.63733	-0.3284	0.631479	21.5805
7.61771	-0.283122	0.553727	37.4621
6.99076	-0.229873	0.491334	89.9829
6.76003	-0.231778	0.477	92.5536
6.18406	-0.210915	0.43454	106.655
5.06072	-0.169239	0.350368	129.18
11.6035	-0.480697	0.894183	2.85681
11.591	-0.454185	0.899502	2.88328
11.2067	-0.433375	0.879752	3.84462
10.5743	-0.442734	0.786984	8.81288
10.399	-0.387607	0.827913	6.09682
9.69707	-0.379766	0.714381	13.3728
8.79685	-0.331167	0.642914	22.9154
7.78248	-0.286843	0.565503	41.9409
7.00747	-0.230843	0.492598	96.1019
6.7677	-0.232581	0.477681	100.036
6.17637	-0.211244	0.434074	98.7766
5.03703	-0.168751	0.348701	130.138
12.8722	-0.444908	0.993575	2.5788
12.8722	-0.444908	0.993575	2.5788
12.4111	-0.406953	0.966851	2.94339
11.8276	-0.368577	0.929823	3.4836
8.08517	-0.312327	0.588848	51.3272
8.08517	-0.312327	0.588848	51.3272
6.82264	-0.222196	0.479288	104.633
6.82264	-0.222196	0.479288	104.633
6.77547	-0.249938	0.486221	83.202
6.50175	-0.205756	0.455681	108.923
5.77736	-0.181035	0.402678	117.986
5.56772	-0.186024	0.39007	103.202
12.7342	-0.450054	0.979282	2.4966
12.68	-0.444023	0.976653	2.53927
12.093	-0.398868	0.943025	2.99751
11.3991	-0.370592	0.899205	3.69314
8.73355	-0.347398	0.641299	36.6793
8.53268	-0.330073	0.624357	38.6238
7.04262	-0.25576	0.506419	65.223
7.03704	-0.231811	0.495561	97.7374
7.00796	-0.234436	0.494404	97.7106
6.46841	-0.212534	0.455446	103.137
5.96764	-0.196312	0.420804	82.9706
5.39644	-0.179093	0.377054	117.592
12.5059	-0.458304	0.958555	2.52498
12.4254	-0.448209	0.955698	2.53487
11.74	-0.404284	0.917445	3.27486
10.9386	-0.374801	0.866032	4.19579
9.39412	-0.383957	0.695018	23.2678
9.02527	-0.353684	0.663441	25.6657
7.45285	-0.271327	0.538589	56.2032
7.20027	-0.238805	0.507964	89.9732
7.14624	-0.244226	0.505978	93.3858
6.37536	-0.213368	0.449516	107.761
6.3406	-0.219199	0.452806	81.1901
5.19885	-0.172523	0.362261	127.426
12.1948	-0.46407	0.93205	2.49198
12.1326	-0.460755	0.933096	2.72655
11.3877	-0.399135	0.891666	3.51756
10.4861	-0.384926	0.834171	5.6687
10.0313	-0.423687	0.747127	15.8863
9.51038	-0.376565	0.701562	18.2844
7.87225	-0.289492	0.57134	35.4463
7.31589	-0.244114	0.516776	89.113
7.24035	-0.251365	0.513988	91.6897
6.76404	-0.242547	0.487466	58.5563
6.29887	-0.213453	0.444305	108.671
5.04342	-0.168708	0.350868	126.739
11.8589	-0.460078	0.91248	2.78834
11.8244	-0.485984	0.903658	2.79705
11.1028	-0.408109	0.872395	3.68753
10.6038	-0.457487	0.793189	8.41994
10.1193	-0.367611	0.807507	6.95968
9.90831	-0.401138	0.73227	14.023
8.20666	-0.299247	0.596226	25.465
7.38511	-0.246975	0.52204	85.5843
7.29496	-0.255725	0.518677	91.4099
7.12641	-0.255989	0.515308	39.0214
6.25036	-0.213199	0.440965	102.323
4.94485	-0.16701	0.343719	118.193
11.7323	-0.465051	0.903805	2.58533
11.5627	-0.500944	0.886627	3.062
10.9871	-0.417517	0.865315	4.29597
10.9339	-0.46578	0.816384	7.06415
10.0777	-0.40327	0.744301	9.94405
9.96835	-0.360525	0.797075	7.31759
8.34038	-0.306017	0.605966	25.178
7.40817	-0.247932	0.523786	90.3223
7.31287	-0.257145	0.520217	95.143
7.27799	-0.265341	0.526471	55.4017
6.23379	-0.213466	0.439831	102.346
4.91108	-0.16603	0.341266	120.111
12.5917	-0.452643	0.965692	2.45371
12.5917	-0.452643	0.965692	2.45371
11.7738	-0.401656	0.920502	3.26778
10.9502	-0.382731	0.868012	4.26705
9.11396	-0.361418	0.671092	24.0684
9.11396	-0.361418	0.671092	24.0684
7.31194	-0.246739	0.517694	89.6042
7.31194	-0.246739	0.517694	89.6042
6.93113	-0.256555	0.500425	97.5806
6.66897	-0.212336	0.469346	83.7309
5.75791	-0.183322	0.403054	96.1842
5.48316	-0.193727	0.388538	94.9367
12.4125	-0.464693	0.948243	2.44017
12.3894	-0.465114	0.948516	2.40355
11.4306	-0.389959	0.895226	3.64733
10.4767	-0.378941	0.833842	5.51886
9.71213	-0.400486	0.719778	18.8025
9.52077	-0.383566	0.702944	21.5894
7.54311	-0.2571	0.53553	87.1273
7.53816	-0.261605	0.536469	90.5077
7.18405	-0.259543	0.517866	58.0466
6.60038	-0.218537	0.46709	87.5736
5.97662	-0.200995	0.423984	75.225
5.31622	-0.182397	0.374736	83.0406
12.1487	-0.469626	0.928854	2.61997
12.1455	-0.487538	0.925246	2.48665
11.0994	-0.392106	0.871937	3.83606
10.2974	-0.4421	0.768123	13.2071
10.0192	-0.366404	0.800253	7.62307
9.92308	-0.402718	0.734119	15.416
7.70466	-0.264274	0.548039	81.985
7.7011	-0.272777	0.550295	85.9452
7.5291	-0.267102	0.543493	47.0251
6.48453	-0.217689	0.459273	90.8153
6.34059	-0.219962	0.454313	73.6591
5.12282	-0.174373	0.359694	111.284
11.9195	-0.476291	0.911328	2.55682
11.799	-0.497517	0.89645	2.80404
10.8423	-0.481918	0.813503	7.30387
10.8411	-0.407924	0.855344	4.36252
10.2566	-0.418248	0.759393	9.85119
9.65419	-0.343537	0.773467	8.39854
7.80766	-0.274855	0.563764	26.7235
7.80022	-0.268445	0.555447	80.2221
7.79798	-0.279573	0.558625	84.3591
6.6664	-0.236476	0.479572	43.931
6.40762	-0.216266	0.453787	97.8882
4.99559	-0.169397	0.350042	114.237
11.8128	-0.485778	0.904153	2.50558
11.4696	-0.509928	0.874214	3.22317
11.239	-0.485775	0.841438	5.27696
10.7393	-0.402551	0.848421	5.10671
10.3994	-0.419062	0.769652	8.75426
9.50585	-0.337324	0.763268	8.80584
7.91781	-0.277931	0.571496	25.7028
7.83187	-0.269469	0.557891	75.9455
7.83001	-0.281944	0.561393	88.3222
6.80416	-0.243836	0.48971	44.8997
6.3811	-0.215763	0.451893	110.249
4.95158	-0.168226	0.34674	120.636
12.2666	-0.482197	0.935063	2.41823
12.2666	-0.482197	0.935063	2.41823
11.1065	-0.382813	0.872287	4.01489
10.024	-0.418867	0.743794	18.2585
10.024	-0.418867	0.743794	18.2585
9.99687	-0.359853	0.798133	7.24309
7.84909	-0.27554	0.560906	85.1585
7.84909	-0.27554	0.560906	85.1585
7.02719	-0.258485	0.508008	90.6091
6.81571	-0.214024	0.48125	55.5163
5.75677	-0.18516	0.404791	88.0812
5.47621	-0.196675	0.391914	106.473
12.0879	-0.490578	0.91974	2.47833
12.0597	-0.501043	0.915833	2.5552
10.8021	-0.390806	0.851849	4.5148
10.5181	-0.455419	0.784813	10.9469
10.3179	-0.434048	0.765949	11.5996
9.53907	-0.339985	0.764319	9.44159
8.08708	-0.291389	0.581205	87.3202
8.07054	-0.286125	0.57845	82.1248
7.23728	-0.252016	0.520282	41.528
6.72551	-0.220331	0.477524	76.5672
5.97824	-0.199681	0.425515	72.816
5.33517	-0.183931	0.378835	112.193
11.9187	-0.504815	0.90671	2.51889
11.7755	-0.515916	0.89072	2.96355
10.9816	-0.503736	0.82519	6.39139
10.5717	-0.395784	0.836791	5.58332
10.5559	-0.447428	0.783641	8.47366
9.17786	-0.32765	0.738799	12.3362
8.23655	-0.302229	0.59424	84.1903
8.20221	-0.292073	0.58891	79.1118
7.46308	-0.254938	0.535804	27.3208
6.6214	-0.219052	0.470187	90.3016
6.26387	-0.213593	0.448028	59.5625
5.1875	-0.175222	0.366765	102.89
11.8417	-0.511092	0.90119	2.57001
11.4829	-0.515582	0.862316	4.37665
11.3353	-0.525297	0.858948	3.43628
10.6559	-0.455472	0.790898	7.14387
10.483	-0.387657	0.830555	5.9116
9.03225	-0.32162	0.728757	12.5603
8.28732	-0.306023	0.598719	84.6427
8.24582	-0.294022	0.59238	79.4692
7.55274	-0.248232	0.541518	30.1767
6.58445	-0.217137	0.467427	90.8871
6.38836	-0.21825	0.457028	34.063
5.13467	-0.173607	0.362631	88.2864
11.9576	-0.516414	0.90631	2.64035
11.9576	-0.516414	0.90631	2.64035
10.6889	-0.472503	0.79711	8.91446
10.6889	-0.472503	0.79711	8.91446
10.528	-0.392038	0.833554	5.98947
9.08436	-0.325153	0.731285	17.615
8.37516	-0.306223	0.60463	81.7199
8.37516	-0.306223	0.60463	81.7199
7.05744	-0.248611	0.507593	64.2091
6.92983	-0.218511	0.49073	54.176
5.76444	-0.184528	0.406831	95.4215
5.55582	-0.197499	0.399046	86.2465
11.8703	-0.530731	0.899184	2.6714
11.7803	-0.532808	0.889254	3.01565
11.0126	-0.515591	0.826193	6.63587
10.8018	-0.480588	0.804375	6.86888
10.3247	-0.387639	0.819878	7.07761
8.72732	-0.312699	0.706168	14.9529
8.5798	-0.321261	0.622777	80.2301
8.55179	-0.315511	0.619138	78.6731
7.19608	-0.239911	0.514224	31.0349
6.84391	-0.220921	0.486413	78.6529
5.94821	-0.197331	0.423229	65.7642
5.4611	-0.181954	0.38851	85.6659
11.8348	-0.535546	0.896388	2.59801
11.6606	-0.545082	0.877779	3.34501
11.1815	-0.548232	0.842975	4.92569
10.8425	-0.49236	0.807141	6.40311
10.2478	-0.386719	0.814846	7.24529
8.65237	-0.326627	0.629328	82.5259
8.61114	-0.31837	0.62403	77.3447
8.5837	-0.310332	0.696725	15.6733
7.26922	-0.237119	0.518741	29.2254
6.79736	-0.219804	0.483005	70.0506
6.06047	-0.200382	0.431325	54.5015
5.40315	-0.178836	0.383574	61.3517
11.8032	-0.552477	0.891157	2.80572
11.8032	-0.552477	0.891157	2.80572
10.9791	-0.513656	0.820461	6.96373
10.9791	-0.513656	0.820461	6.96373
10.1433	-0.374239	0.807358	8.07306
8.79973	-0.334422	0.641438	80.3729
8.79973	-0.334422	0.641438	80.3729
8.3728	-0.301513	0.681824	21.1541
7.0416	-0.231331	0.502141	67.8445
7.0021	-0.218983	0.496729	64.709
5.7727	-0.186202	0.408495	70.7531
5.69451	-0.187325	0.406093	54.6197
11.8149	-0.563253	0.892477	2.69555
11.7686	-0.563679	0.887332	2.75939
11.0487	-0.52977	0.827226	7.38382
10.9557	-0.519621	0.81751	7.52125
10.0752	-0.372639	0.802963	8.61861
8.8915	-0.341692	0.649927	82.1209
8.87563	-0.338953	0.647956	80.1439
8.22963	-0.301987	0.67286	25.8332
7.08882	-0.227088	0.504081	68.3683
6.96322	-0.220119	0.49454	93.8709
5.8492	-0.18782	0.414727	46.7677
5.662	-0.180332	0.401684	66.4376
11.8048	-0.570732	0.890624	2.57362
11.8048	-0.570732	0.890624	2.57362
10.9937	-0.529228	0.821108	8.81275
10.9937	-0.529228	0.821108	8.81275
10.0105	-0.363205	0.798353	9.01262
8.97534	-0.347218	0.65728	81.1383
8.97534	-0.347218	0.65728	81.1383
8.08611	-0.292663	0.663471	20.4199
7.02684	-0.219806	0.49879	93.0189
7.02684	-0.219806	0.49879	93.0189
5.77609	-0.182747	0.408931	88.0621
5.77609	-0.182747	0.408931	88.0621
12.9656	-0.435637	1.00535	2.64405
12.9656	-0.435637	1.00535	2.64405
12.9656	-0.435637	1.00535	2.64405
12.2281	-0.382954	0.959995	3.20286
7.2018	-0.265962	0.517849	115.09
7.2018	-0.265962	0.517849	115.09
7.2018	-0.265962	0.517849	115.09
6.556	-0.207592	0.458569	109.508
6.556	-0.207592	0.458569	109.508
6.556	-0.207592	0.458569	109.508
5.56423	-0.171903	0.385685	112.002
5.56423	-0.171903	0.385685	112.002
12.9194	-0.446006	0.998324	2.6187
12.7748	-0.427621	0.989853	2.67298
12.7748	-0.427621	0.989853	2.67298
11.8431	-0.370723	0.932327	3.57816
7.89275	-0.303684	0.57386	74.6923
7.44717	-0.282647	0.538215	69.7473
7.44717	-0.282647	0.538215	69.7473
6.75886	-0.215756	0.473599	93.3537
6.67166	-0.213775	0.467958	98.0578
6.67166	-0.213775	0.467958	98.0578
5.62809	-0.178724	0.392388	115.4
5.31279	-0.164924	0.367483	115.734
12.7773	-0.452097	0.983695	2.57909
12.52	-0.424113	0.969633	2.62385
12.52	-0.424113	0.969633	2.62385
11.401	-0.365782	0.900179	3.83799
8.60952	-0.343686	0.631954	40.9921
7.83042	-0.293015	0.568323	41.7504
7.83042	-0.293015	0.568323	41.7504
6.93161	-0.222746	0.486432	96.1061
6.7343	-0.221426	0.473946	100.272
6.7343	-0.221426	0.473946	100.272
5.88058	-0.192705	0.414665	84.9215
5.08143	-0.160612	0.350901	90.6349
12.5413	-0.452257	0.961779	2.5023
12.2179	-0.430468	0.946716	2.64513
12.2179	-0.430468	0.946716	2.64513
10.9247	-0.384057	0.866616	4.22231
9.31982	-0.386454	0.6899	22.6409
8.28561	-0.312169	0.604246	34.9891
8.28561	-0.312169	0.604246	34.9891
7.07013	-0.228586	0.496721	84.548
6.76309	-0.227466	0.477246	106.017
6.76309	-0.227466	0.477246	106.017
6.26581	-0.215899	0.447558	70.5932
4.88278	-0.157717	0.336766	124.738
12.2178	-0.462798	0.934448	2.52468
11.8999	-0.43335	0.923047	2.97451
11.8999	-0.43335	0.923047	2.97451
10.4544	-0.380857	0.832454	5.58181
9.996	-0.422707	0.745163	14.2755
8.73805	-0.334783	0.639478	21.9952
8.73805	-0.334783	0.639478	21.9952
7.17129	-0.232448	0.504225	88.6812
6.77627	-0.232114	0.479084	99.3181
6.77627	-0.232114	0.479084	99.3181
6.70406	-0.242376	0.483585	59.8547
4.72939	-0.155916	0.325926	137.669
11.8268	-0.491281	0.904755	2.76833
11.6296	-0.435285	0.903719	3.08302
11.6296	-0.435285	0.903719	3.08302
10.604	-0.458647	0.794334	8.02111
10.0701	-0.360298	0.8044	7.5148
9.09827	-0.345996	0.666548	21.8681
9.09827	-0.345996	0.666548	21.8681
7.23286	-0.234808	0.508789	87.8061
7.08279	-0.259387	0.512953	53.8255
6.78203	-0.234587	0.48002	94.6015
6.78203	-0.234587	0.48002	94.6015
4.63223	-0.154016	0.319052	138.618
11.5344	-0.499185	0.885541	3.16272
11.5154	-0.441459	0.896256	2.90664
11.5154	-0.441459	0.896256	2.90664
10.9696	-0.465215	0.819602	6.52873
9.91065	-0.354747	0.793413	7.35018
9.24386	-0.356952	0.677251	16.0481
9.24386	-0.356952	0.677251	16.0481
7.25354	-0.235035	0.510299	85.8712
7.24271	-0.267882	0.524668	60.2566
6.78365	-0.23553	0.480318	97.3296
6.78365	-0.23553	0.480318	97.3296
4.59893	-0.153496	0.31669	123.974
12.7797	-0.440365	0.986005	2.53106
12.7797	-0.440365	0.986005	2.53106
12.5691	-0.42218	0.974276	2.75008
11.4174	-0.369316	0.902591	3.94291
8.13707	-0.317879	0.593638	37.8012
8.13707	-0.317879	0.593638	37.8012
7.49742	-0.283144	0.543196	51.8712
6.94326	-0.223487	0.487953	93.6102
6.94326	-0.223487	0.487953	93.6102
6.82178	-0.216485	0.479134	99.562
5.39305	-0.168945	0.374691	128.74
5.18506	-0.165752	0.359796	99.1282
12.6869	-0.450546	0.97466	2.49398
12.5796	-0.436864	0.969373	2.4821
12.3114	-0.422107	0.954996	2.75313
10.9396	-0.373661	0.868682	4.12568
8.84987	-0.353245	0.651034	39.6634
8.45797	-0.327204	0.61863	50.8454
7.70922	-0.290777	0.559709	68.1609
7.16408	-0.231639	0.504298	91.0677
7.10735	-0.233913	0.501554	94.2299
6.90371	-0.223374	0.486476	89.1504
5.49864	-0.179314	0.38552	127.999
4.94252	-0.15906	0.342435	138.323
12.4967	-0.459151	0.955956	2.42647
12.3344	-0.447793	0.950536	2.60591
12.0205	-0.423181	0.933462	2.98384
10.4335	-0.381684	0.832444	5.4578
9.5505	-0.39445	0.70818	27.5861
8.83425	-0.340558	0.647469	34.9865
8.04541	-0.300034	0.58499	47.5065
7.33718	-0.238015	0.517132	83.6405
7.22876	-0.244691	0.512309	87.6765
6.91345	-0.229856	0.488869	100.743
5.80785	-0.199331	0.412607	86.9617
4.69164	-0.152775	0.324235	150.28
12.2111	-0.475695	0.930867	2.45619
12.0729	-0.446748	0.930338	2.79964
11.7293	-0.413462	0.91161	3.09275
10.2146	-0.439206	0.763195	14.598
9.94059	-0.359013	0.795478	8.34283
9.21327	-0.357574	0.676225	19.2018
8.40525	-0.311108	0.611859	31.1978
7.46207	-0.243002	0.526402	82.3355
7.30819	-0.25314	0.519702	96.118
6.8989	-0.234339	0.488969	104.721
6.19961	-0.220543	0.445093	67.6748
4.49179	-0.14865	0.309847	136.525
11.8509	-0.450123	0.914151	2.74128
11.8343	-0.499812	0.900185	2.83115
11.496	-0.418082	0.895498	3.21721
10.8236	-0.484	0.814443	6.96976
9.54188	-0.343012	0.766494	9.33963
9.51565	-0.368517	0.698644	13.9414
8.69156	-0.321489	0.632831	19.4683
7.5376	-0.245246	0.531983	78.6651
7.35257	-0.258001	0.523944	94.0305
6.88437	-0.236806	0.488564	102.305
6.55352	-0.23641	0.472612	63.2939
4.3634	-0.146347	0.300642	149.542
11.758	-0.446849	0.907406	2.58902
11.4155	-0.50417	0.871875	3.33305
11.4025	-0.43548	0.890177	3.09819
11.3207	-0.488877	0.848945	5.7424
9.63695	-0.373149	0.707321	12.0076
9.37743	-0.330972	0.754881	10.8471
8.80446	-0.320977	0.640666	19.5989
7.56289	-0.246144	0.533852	83.912
7.36683	-0.260091	0.525339	95.4011
6.87876	-0.237428	0.488362	108.463
6.7057	-0.245799	0.48384	62.5003
4.3191	-0.144853	0.297443	153.347
12.5435	-0.456469	0.962202	2.36578
12.5435	-0.456469	0.962202	2.36578
12.0628	-0.418927	0.93718	3.0911
10.4317	-0.373668	0.832561	5.50368
9.11302	-0.36481	0.671302	34.6163
9.11302	-0.36481	0.671302	34.6163
7.69143	-0.292677	0.5592	97.3864
7.40302	-0.244288	0.523573	88.9336
7.40302	-0.244288	0.523573	88.9336
7.06416	-0.224435	0.498123	86.8818
5.26209	-0.166667	0.367048	121.456
4.89071	-0.166796	0.342418	140.821
12.4118	-0.474917	0.947962	2.43023
12.3612	-0.466549	0.947606	2.56305
11.7937	-0.410373	0.917294	3.23826
9.90146	-0.352404	0.792733	8.66328
9.75927	-0.407302	0.724128	25.9222
9.39387	-0.375016	0.69218	27.3158
7.84935	-0.290685	0.569776	51.0627
7.62779	-0.252238	0.540375	81.868
7.61257	-0.259353	0.541375	84.9104
7.11061	-0.230767	0.503157	88.2631
5.40308	-0.17903	0.38114	122.2
4.67929	-0.158988	0.327006	144.439
12.1873	-0.486581	0.926534	2.43714
12.1658	-0.464127	0.931822	2.63326
11.5361	-0.407003	0.898804	3.21972
10.3674	-0.449845	0.774932	13.2968
9.66791	-0.387976	0.712218	18.0659
9.39066	-0.337491	0.754769	12.2712
8.10111	-0.296178	0.587074	29.9371
7.78647	-0.25843	0.552268	77.637
7.76965	-0.27237	0.555309	88.9669
7.08025	-0.235201	0.50257	96.7125
5.73011	-0.201106	0.4092	74.4908
4.44763	-0.149544	0.309596	128.808
12.0029	-0.470789	0.919767	2.49924
11.8816	-0.50859	0.899648	2.8753
11.3394	-0.412526	0.885807	3.38035
10.9092	-0.504968	0.822572	6.61529
9.88332	-0.388616	0.727141	11.2706
8.98061	-0.317109	0.724732	13.0644
8.31527	-0.297682	0.601644	19.178
7.8812	-0.261424	0.559344	77.4618
7.86483	-0.28109	0.564019	91.4381
7.04509	-0.238001	0.500843	100.089
6.05291	-0.215743	0.434531	63.9795
4.29102	-0.145609	0.298048	147.434
11.9364	-0.470532	0.91491	2.39119
11.619	-0.524606	0.874553	4.35546
11.2636	-0.431748	0.881966	3.41962
11.2515	-0.517663	0.854948	3.49386
9.96839	-0.395009	0.733214	10.0682
8.81209	-0.31195	0.713244	15.4219
8.39956	-0.298548	0.607382	20.1418
7.91272	-0.26291	0.561718	76.8903
7.8965	-0.283928	0.566962	86.3307
7.03139	-0.238352	0.50008	91.5809
6.19577	-0.220741	0.444907	57.381
4.23619	-0.143374	0.293973	142.525
12.3002	-0.480234	0.937885	2.46787
12.3002	-0.480234	0.937885	2.46787
11.5563	-0.404692	0.900672	3.4605
9.94201	-0.411722	0.736829	18.0298
9.94201	-0.411722	0.736829	18.0298
9.35234	-0.339509	0.751889	12.3329
7.90671	-0.270319	0.563745	74.5337
7.90671	-0.270319	0.563745	74.5337
7.76001	-0.286135	0.562858	60.3625
7.2688	-0.231096	0.514306	68.0136
5.16862	-0.166144	0.362323	115.079
4.73021	-0.166953	0.335505	119.161
12.1835	-0.48342	0.928024	2.40409
12.1602	-0.501282	0.923048	2.37363
11.3368	-0.404142	0.885791	3.65156
10.4474	-0.452754	0.77948	11.5066
10.0917	-0.416935	0.746349	13.1908
8.82729	-0.312907	0.712197	16.6493
8.13868	-0.287734	0.584055	82.4633
8.11304	-0.278002	0.579492	74.2553
7.85052	-0.281276	0.566847	36.5868
7.28125	-0.235076	0.516868	77.7303
5.33007	-0.179116	0.377967	77.7418
4.5782	-0.158213	0.323545	132.293
12.0918	-0.492879	0.921219	2.29179
11.9725	-0.528118	0.905468	2.76819
11.1752	-0.413535	0.875755	3.78518
10.8613	-0.502547	0.8167	7.11149
10.1946	-0.42273	0.752461	9.44902
8.40701	-0.29922	0.681817	16.8344
8.29251	-0.300892	0.598045	85.8217
8.23519	-0.282748	0.588823	77.7106
7.99158	-0.272114	0.574746	22.4621
7.23329	-0.238219	0.514553	99.5862
5.60988	-0.193932	0.400573	75.9536
4.41246	-0.150444	0.310494	117.934
12.0563	-0.505201	0.919242	2.29166
11.8577	-0.547598	0.894827	3.12564
11.1146	-0.432908	0.87296	4.10402
11.0526	-0.537979	0.835714	5.39571
10.2322	-0.429635	0.754695	8.7406
8.3464	-0.305355	0.603042	83.6573
8.27564	-0.284697	0.591933	71.354
8.23409	-0.296545	0.670193	21.0019
8.05144	-0.278933	0.578744	19.9233
7.21144	-0.238334	0.513223	101.953
5.74267	-0.197384	0.410184	85.2274
4.35092	-0.147721	0.305734	134.978
12.1403	-0.517038	0.921254	2.31891
12.1403	-0.517038	0.921254	2.31891
11.1559	-0.407447	0.874366	4.01733
10.4616	-0.45516	0.777712	10.3777
10.4616	-0.45516	0.777712	10.3777
8.40429	-0.299532	0.604921	81.5307
8.40429	-0.299532	0.604921	81.5307
8.28984	-0.292362	0.671977	19.4529
7.70879	-0.269344	0.555013	51.134
7.4238	-0.232121	0.52646	68.5795
5.10761	-0.166154	0.359723	99.7738
4.7461	-0.168093	0.340164	145.534
12.1303	-0.530827	0.92085	2.23958
12.0694	-0.54561	0.913267	2.47497
11.0257	-0.425857	0.867144	4.56164
10.734	-0.49073	0.802284	10.058
10.4391	-0.457743	0.773272	10.0468
8.6139	-0.316519	0.624039	81.6523
8.56339	-0.306112	0.617453	78.3539
7.85764	-0.28012	0.641114	23.2441
7.74314	-0.262987	0.554597	43.0171
7.41053	-0.238245	0.52695	69.342
5.2599	-0.174008	0.373475	69.4023
4.67231	-0.159192	0.332584	96.324
12.1277	-0.535927	0.920899	2.25368
12.0317	-0.553502	0.908963	2.44183
10.9776	-0.423292	0.86405	4.95437
10.8398	-0.509088	0.812313	11.0717
10.4237	-0.454943	0.770657	9.97008
8.69196	-0.323496	0.631394	84.571
8.61627	-0.308571	0.621636	76.3757
7.78231	-0.262165	0.556533	39.6139
7.67814	-0.273195	0.628962	26.0904
7.38283	-0.238076	0.525283	82.7653
5.38077	-0.180571	0.382512	95.1407
4.61317	-0.155441	0.327467	101.489
12.1383	-0.555803	0.919036	2.22401
12.1383	-0.555803	0.919036	2.22401
10.9183	-0.422095	0.860305	5.41173
10.5998	-0.479316	0.787085	11.8836
10.5998	-0.479316	0.787085	11.8836
8.81298	-0.3267	0.640352	81.4455
8.81298	-0.3267	0.640352	81.4455
7.60501	-0.248765	0.542817	70.627
7.52038	-0.233893	0.534109	77.325
7.40969	-0.270612	0.60979	29.7337
5.07368	-0.165272	0.358457	69.9837
4.92344	-0.165042	0.351847	86.0846
12.1628	-0.555319	0.920871	2.12132
12.1375	-0.548888	0.917102	2.12063
10.8788	-0.417385	0.857594	5.511
10.6567	-0.479724	0.791807	14.5486
10.5399	-0.47357	0.780307	18.4704
8.91077	-0.336007	0.649717	84.1775
8.88035	-0.330531	0.64592	80.8765
7.61168	-0.241669	0.541783	72.7097
7.50736	-0.235225	0.533674	84.3701
7.21981	-0.264757	0.597412	40.0381
5.145	-0.167879	0.364346	73.5842
4.91432	-0.163	0.34915	69.9181
12.173	-0.545178	0.919629	1.9969
12.173	-0.545178	0.919629	1.9969
10.8424	-0.41193	0.855101	5.65812
10.5789	-0.469732	0.783238	25.1252
10.5789	-0.469732	0.783238	25.1252
8.98588	-0.340637	0.656088	84.2171
8.98588	-0.340637	0.656088	84.2171
7.55317	-0.234806	0.536725	84.6345
7.55317	-0.234806	0.536725	84.6345
7.02239	-0.260126	0.585378	76.1024
5.06286	-0.166906	0.358239	58.0788
5.06286	-0.166906	0.358239	58.0788
12.6313	-0.440812	0.974469	2.56627
12.6313	-0.440812	0.974469	2.56627
12.6313	-0.440812	0.974469	2.56627
10.9429	-0.364092	0.869297	4.17925
8.24147	-0.322537	0.602357	64.2171
8.24147	-0.322537	0.602357	64.2171
8.24147	-0.322537	0.602357	64.2171
7.1036	-0.226911	0.499854	86.5211
7.1036	-0.226911	0.499854	86.5211
7.1036	-0.226911	0.499854	86.5211
5.0117	-0.156308	0.34697	121.867
5.0117	-0.156308	0.34697	121.867
12.5953	-0.451476	0.966806	2.46196
12.4372	-0.443717	0.959653	2.56602
12.4372	-0.443717	0.959653	2.56602
10.4202	-0.382182	0.83326	6.68391
8.97617	-0.360232	0.661138	32.5882
8.4165	-0.326207	0.615683	64.6034
8.4165	-0.326207	0.615683	64.6034
7.34152	-0.234433	0.517292	83.8839
7.25521	-0.233463	0.511989	87.6241
7.25521	-0.233463	0.511989	87.6241
5.05997	-0.162135	0.352866	143.176
4.6507	-0.146574	0.320883	141.916
12.4609	-0.467126	0.952023	2.40125
12.2147	-0.44183	0.942666	2.75831
12.2147	-0.44183	0.942666	2.75831
9.87377	-0.349525	0.791342	9.70903
9.67672	-0.400185	0.718189	32.1953
8.6572	-0.332921	0.633071	33.7808
8.6572	-0.332921	0.633071	33.7808
7.53107	-0.241607	0.531219	79.7351
7.36487	-0.243536	0.52194	92.4327
7.36487	-0.243536	0.52194	92.4327
5.29653	-0.178592	0.374151	93.4043
4.33111	-0.138994	0.297902	142.574
12.2315	-0.480985	0.93019	2.43661
11.9929	-0.436279	0.925895	2.85157
11.9929	-0.436279	0.925895	2.85157
10.3222	-0.447761	0.772211	14.3938
9.34582	-0.337394	0.751968	11.5425
8.91872	-0.338582	0.651496	21.5659
8.91872	-0.338583	0.651496	21.5659
7.66886	-0.246022	0.541312	80.9144
7.43007	-0.252817	0.52867	93.5894
7.43007	-0.252817	0.52867	93.5894
5.64415	-0.196114	0.403395	63.7686
4.07685	-0.133688	0.279671	145.806
11.9207	-0.517428	0.903466	2.71735
11.8186	-0.439883	0.913583	2.71611
11.8186	-0.439883	0.913583	2.71611
10.8871	-0.504659	0.821947	6.45928
9.12875	-0.34336	0.66602	15.4861
9.12875	-0.34336	0.66602	15.4861
8.91978	-0.315812	0.720671	13.6629
7.75248	-0.24831	0.547424	71.9063
7.46275	-0.258968	0.532398	93.2657
7.46275	-0.258968	0.532398	93.2657
5.98038	-0.215963	0.429908	66.1045
3.91178	-0.130618	0.267853	177.279
11.7504	-0.433532	0.908493	2.64365
11.7504	-0.433532	0.908493	2.64365
11.6647	-0.521189	0.878445	4.41124
11.2285	-0.519674	0.854297	3.49836
9.21095	-0.345991	0.671671	14.3808
9.21095	-0.345991	0.671671	14.3808
8.74363	-0.305357	0.708204	11.4176
7.78052	-0.2496	0.549491	76.5399
7.47255	-0.261185	0.533579	100.335
7.47255	-0.261185	0.533579	100.335
6.12978	-0.222458	0.440828	78.778
3.8544	-0.129462	0.263748	149.665
12.4685	-0.462346	0.957022	2.53042
12.4685	-0.462346	0.957022	2.53042
12.2634	-0.440352	0.946964	2.77155
9.85732	-0.359853	0.791204	8.3644
9.11368	-0.364607	0.671269	37.1457
9.11368	-0.364607	0.671269	37.1457
8.42956	-0.325848	0.6165	73.334
7.53909	-0.242347	0.532772	78.8438
7.53909	-0.242347	0.532772	78.8438
7.4093	-0.235442	0.523287	77.6196
4.75808	-0.151291	0.330577	97.169
4.46655	-0.145623	0.309479	173.68
12.4073	-0.472779	0.947015	2.44843
12.3219	-0.45735	0.945147	2.59894
12.075	-0.434904	0.933089	2.86571
9.76663	-0.405159	0.724356	28.1982
9.27541	-0.330862	0.746744	12.8367
9.26001	-0.364748	0.680873	30.0899
8.51357	-0.32734	0.621453	47.6124
7.76031	-0.24972	0.549011	73.1174
7.72435	-0.254564	0.548435	76.8181
7.52406	-0.241454	0.532898	83.2885
4.83754	-0.15843	0.339506	100.718
4.15649	-0.13661	0.287382	170.639
12.2633	-0.488337	0.931309	2.35282
12.1787	-0.45904	0.934362	2.59735
11.8978	-0.428401	0.920208	2.89885
10.3455	-0.448545	0.773012	14.9645
9.4019	-0.364822	0.689375	20.7446
8.7168	-0.309681	0.704514	17.4987
8.64764	-0.320223	0.628881	28.885
7.91923	-0.254927	0.560668	79.4488
7.87048	-0.2681	0.561784	83.1827
7.58349	-0.250281	0.53928	89.2573
5.12034	-0.176993	0.364123	82.5712
3.85981	-0.127951	0.265834	154.177
12.0715	-0.523713	0.913696	2.50117
12.0705	-0.461277	0.926455	2.39911
11.7666	-0.43376	0.911507	2.86622
10.8029	-0.500139	0.813948	8.0068
9.51092	-0.36772	0.695606	12.7145
8.7703	-0.317845	0.635853	14.2868
8.26621	-0.289911	0.6713	18.3264
8.01509	-0.257923	0.567698	69.7903
7.96178	-0.278674	0.570666	89.9678
7.60544	-0.257491	0.542521	90.9221
5.4305	-0.193647	0.388837	73.1119
3.65975	-0.123189	0.251348	158.654
12.0295	-0.455356	0.923179	2.33908
11.9573	-0.55029	0.903724	3.1491
11.7173	-0.430485	0.90797	2.7193
11.0063	-0.540245	0.834046	5.41392
9.5527	-0.371424	0.698094	11.7605
8.81973	-0.316839	0.638643	13.7642
8.07904	-0.28365	0.658305	24.9461
8.04713	-0.25891	0.570059	71.3834
7.99255	-0.282656	0.573764	98.039
7.61033	-0.259593	0.54344	100.989
5.57497	-0.199244	0.399404	58.7219
3.5892	-0.120821	0.246206	176.393
12.347	-0.477185	0.941896	2.43336
12.347	-0.477185	0.941896	2.43336
11.9296	-0.427385	0.922981	2.90285
9.81769	-0.402562	0.726109	20.0221
9.81769	-0.402562	0.726109	20.0221
8.66228	-0.306987	0.700054	20.1588
8.42964	-0.318893	0.613648	41.2251
7.99773	-0.263215	0.568663	76.8125
7.99773	-0.263215	0.568663	76.8125
7.66216	-0.241711	0.54279	79.9542
4.55796	-0.147263	0.318353	116.123
4.0756	-0.138011	0.285381	158.42
12.3047	-0.498337	0.934209	2.21556
12.2923	-0.482869	0.937809	2.3491
11.7979	-0.426824	0.914317	2.99891
10.2913	-0.441725	0.765902	13.3262
9.83396	-0.397605	0.724305	12.8559
8.42338	-0.309947	0.610388	32.6338
8.21112	-0.280428	0.58754	79.617
8.19039	-0.269537	0.58295	76.1065
8.07576	-0.287335	0.655499	22.4321
7.73767	-0.246798	0.549584	75.516
4.66945	-0.156715	0.329859	126.119
3.85601	-0.132593	0.269894	148.084
12.2544	-0.486655	0.935183	2.20378
12.231	-0.535507	0.926395	2.21282
11.704	-0.434213	0.908787	3.06389
10.6295	-0.481969	0.796068	12.1497
9.82929	-0.400079	0.721338	11.6635
8.46244	-0.30614	0.610598	25.2401
8.36361	-0.29546	0.601866	89.6748
8.30521	-0.273167	0.591477	68.1406
7.75619	-0.254205	0.552696	90.9499
7.60066	-0.273278	0.620668	27.8066
4.93564	-0.172549	0.351773	91.2214
3.64888	-0.124488	0.254384	166.54
12.2408	-0.489541	0.934357	2.10713
12.1916	-0.557015	0.922801	2.26715
11.6696	-0.438801	0.906865	2.94546
10.7581	-0.496575	0.807848	11.4263
9.82411	-0.401285	0.719767	12.3099
8.48455	-0.304071	0.611267	22.1278
8.41978	-0.301669	0.607365	92.9302
8.34338	-0.274726	0.594311	69.4779
7.75651	-0.256819	0.553408	95.4079
7.40129	-0.266541	0.606735	22.3656
5.07345	-0.178128	0.361899	107.573
3.57157	-0.121942	0.24864	191.841
12.3462	-0.507476	0.937705	2.05145
12.3462	-0.507476	0.937705	2.05145
11.7076	-0.430358	0.909302	3.24914
10.1849	-0.434324	0.753875	12.6932
10.1849	-0.434324	0.753875	12.6932
8.45155	-0.289023	0.605781	75.9437
8.45155	-0.289023	0.605781	75.9437
8.27588	-0.295198	0.597039	36.7025
7.85099	-0.245625	0.557397	73.9401
7.4616	-0.264622	0.608536	32.1935
4.41435	-0.143477	0.309988	105.125
3.93994	-0.139541	0.280861	158.098
12.3764	-0.515956	0.940591	1.94089
12.3614	-0.53944	0.936804	1.92602
11.6436	-0.441275	0.906312	3.29015
10.4188	-0.453774	0.773843	15.9093
10.0723	-0.425395	0.741238	16.7815
8.65631	-0.307957	0.624834	81.7854
8.59429	-0.293857	0.616628	72.4135
8.22693	-0.28271	0.59041	44.3732
7.88768	-0.250497	0.561249	82.5443
6.95769	-0.247935	0.571391	40.0907
4.53883	-0.152552	0.321703	123.696
3.84916	-0.133094	0.27348	156.124
12.3874	-0.525925	0.942021	1.88098
12.3625	-0.542043	0.935561	1.87627
11.6204	-0.448761	0.905325	3.09623
10.5018	-0.458093	0.780883	15.7697
10.0209	-0.415284	0.735185	24.8705
8.73821	-0.31674	0.63285	84.4759
8.6416	-0.295819	0.620225	73.3049
8.22627	-0.275205	0.5888	70.403
7.8859	-0.253641	0.561904	86.9345
6.74159	-0.24241	0.556582	53.2747
4.66528	-0.159151	0.331264	78.6806
3.78206	-0.12854	0.267934	143.562
12.4446	-0.53461	0.943088	1.75093
12.4446	-0.53461	0.943088	1.75093
11.5995	-0.453311	0.904811	3.41682
10.2261	-0.431322	0.753551	27.3132
10.2261	-0.431322	0.753551	27.3132
8.83352	-0.315689	0.638832	81.0044
8.83352	-0.315689	0.638832	81.0044
8.08896	-0.263532	0.57789	77.229
7.96759	-0.247074	0.566422	82.2418
6.41632	-0.237507	0.532282	56.0258
4.32821	-0.141991	0.305277	110.681
4.10035	-0.142022	0.294024	119.695
12.4731	-0.532171	0.945208	1.70594
12.4664	-0.527887	0.943005	1.72046
11.5833	-0.461811	0.904499	3.42873
10.279	-0.433794	0.757762	31.8062
10.1402	-0.415012	0.743845	43.8113
8.93502	-0.326501	0.648822	86.7469
8.89277	-0.318386	0.643533	78.331
8.06294	-0.254108	0.574373	79.5674
7.97513	-0.249246	0.567514	81.5454
6.17405	-0.231045	0.516386	54.599
4.39477	-0.145203	0.310871	94.3418
4.10962	-0.139227	0.292628	115.957
12.5012	-0.52074	0.945389	1.68779
12.5012	-0.52074	0.945389	1.68779
11.5695	-0.462767	0.904011	3.52174
10.1802	-0.415387	0.746696	45.4641
10.1802	-0.415387	0.746696	45.4641
9.00163	-0.330107	0.654282	86.7406
9.00163	-0.330107	0.654282	86.7406
8.00701	-0.247623	0.569484	82.4639
8.00701	-0.247623	0.569484	82.4639
5.90997	-0.221475	0.500119	64.0717
4.29953	-0.143539	0.303853	76.5838
4.29953	-0.143539	0.303853	76.5838
12.3748	-0.462156	0.950163	2.66392
12.3748	-0.462156	0.950163	2.66392
12.3748	-0.462156	0.950163	2.66392
9.24345	-0.321285	0.744284	15.1215
9.11867	-0.366547	0.670927	34.2411
9.11867	-0.366547	0.670927	34.2411
9.11867	-0.366547	0.670927	34.2411
7.69886	-0.243886	0.544375	72.7969
7.69886	-0.243886	0.544375	72.7969
7.69886	-0.243886	0.544375	72.7969
4.26613	-0.136769	0.295039	156.366
4.26613	-0.136769	0.295039	156.366
12.4019	-0.477154	0.946732	2.44487
12.2746	-0.459315	0.942759	2.63169
12.2746	-0.459315	0.942759	2.63169
9.7335	-0.398752	0.720317	28.5519
9.13023	-0.359552	0.669737	31.3686
9.13023	-0.359552	0.669737	31.3686
8.61438	-0.30157	0.696449	16.2093
7.92849	-0.250978	0.561102	71.7756
7.85689	-0.250626	0.557057	77.2165
7.85689	-0.250626	0.557057	77.2165
4.30518	-0.140554	0.300515	168.988
3.81399	-0.123388	0.262403	164.557
12.3599	-0.492927	0.938606	2.19704
12.1834	-0.460766	0.936451	2.52913
12.1834	-0.460766	0.936451	2.52913
10.2441	-0.440015	0.763065	19.1963
9.14759	-0.349465	0.667959	21.8703
9.14759	-0.349465	0.667959	21.8703
8.09487	-0.256424	0.573229	68.5499
8.01222	-0.284594	0.650748	28.6697
7.98818	-0.262547	0.568962	80.8637
7.98818	-0.262547	0.568962	80.8637
4.53268	-0.15325	0.320768	110.644
3.43884	-0.112418	0.235284	183.677
12.2853	-0.522401	0.930235	2.10649
12.1188	-0.452835	0.931547	2.37619
12.1188	-0.452835	0.931547	2.37619
10.6036	-0.479963	0.794767	10.4718
9.16461	-0.349418	0.666633	16.9905
9.16461	-0.349418	0.666633	16.9905
8.19564	-0.259353	0.580553	67.3018
8.07359	-0.273997	0.577643	87.3767
8.07359	-0.273997	0.577643	87.3767
7.52362	-0.265643	0.614472	26.8105
4.82195	-0.171003	0.34419	99.781
3.1855	-0.106128	0.217	202.355
12.2452	-0.561883	0.92778	2.26054
12.0953	-0.449627	0.929827	2.39927
12.0953	-0.449627	0.929827	2.39927
10.7392	-0.491828	0.807202	12.291
9.17188	-0.348335	0.666058	14.6283
9.17188	-0.348335	0.666058	14.6283
8.22939	-0.260106	0.583011	68.3645
8.10297	-0.278449	0.580835	92.223
8.10297	-0.278449	0.580835	92.223
7.31809	-0.258608	0.599982	38.4592
4.96584	-0.177923	0.354786	109.785
3.09519	-0.103919	0.210474	207.785
12.3976	-0.481536	0.946877	2.38964
12.3976	-0.481536	0.946877	2.38964
12.2249	-0.459471	0.940037	2.53781
9.66484	-0.391967	0.712494	20.3172
9.66484	-0.391967	0.712494	20.3172
9.01523	-0.349178	0.658764	29.5679
8.11528	-0.258233	0.575888	72.925
8.11528	-0.258233	0.575888	72.925
7.99075	-0.25031	0.566593	74.0183
7.94175	-0.280844	0.644879	30.4163
3.94378	-0.127196	0.274097	133.904
3.59022	-0.120115	0.248501	140.011
12.4569	-0.498368	0.946599	2.04078
12.3949	-0.48879	0.947472	2.2418
12.1805	-0.456382	0.937459	2.47961
10.0864	-0.421748	0.747222	14.1293
9.57407	-0.386505	0.702226	18.5493
8.92467	-0.336171	0.648788	24.6176
8.30039	-0.26401	0.5894	70.6428
8.2974	-0.271394	0.591719	79.3134
8.1058	-0.257053	0.576196	69.3266
7.29828	-0.259073	0.595288	35.4894
4.01188	-0.13486	0.282219	100.424
3.2455	-0.108293	0.224026	146.766
12.4743	-0.517217	0.945005	1.80693
12.3936	-0.483177	0.947269	2.04204
12.1495	-0.45405	0.935682	2.44965
10.3617	-0.445322	0.770741	16.4196
9.48842	-0.371354	0.691928	22.5984
8.86652	-0.325522	0.641098	33.8142
8.4406	-0.286749	0.60538	82.2498
8.41183	-0.266955	0.597517	67.8517
8.18382	-0.266816	0.584059	85.7567
6.77098	-0.24118	0.555706	35.3137
4.26074	-0.147698	0.30288	161.625
2.96326	-0.100017	0.203532	218.906
12.4759	-0.538671	0.944928	1.72248
12.3932	-0.47665	0.946965	2.00181
12.1383	-0.451758	0.935078	2.51241
10.4584	-0.454635	0.779083	14.3163
9.45091	-0.364631	0.68722	26.475
8.84642	-0.318558	0.637899	41.2093
8.49774	-0.294446	0.61121	88.1316
8.44905	-0.268144	0.600234	69.5221
8.2115	-0.272649	0.587296	92.6344
6.54495	-0.236959	0.539816	38.1976
4.40207	-0.155981	0.313442	136.099
2.85875	-0.0975577	0.195945	221.415
12.5373	-0.502593	0.953416	1.86675
12.5373	-0.502593	0.953416	1.86675
12.1734	-0.461059	0.938475	2.54803
9.90122	-0.410382	0.72899	22.1014
9.90122	-0.410382	0.72899	22.1014
8.74978	-0.320003	0.632914	50.7992
8.51555	-0.278252	0.60783	72.5626
8.51555	-0.278252	0.60783	72.5626
8.20682	-0.25442	0.583095	76.5045
6.61271	-0.238076	0.541987	42.202
3.69904	-0.121321	0.258854	203.075
3.19387	-0.111475	0.225	226.617
12.6181	-0.5041	0.955767	1.5916
12.5898	-0.503509	0.957809	1.72389
12.1665	-0.468126	0.939241	2.53749
10.1075	-0.423246	0.745845	18.8248
9.7307	-0.380068	0.710619	45.541
8.70278	-0.296404	0.6253	82.5499
8.64553	-0.282037	0.617436	72.0783
8.63636	-0.29583	0.620627	69.3709
8.27674	-0.260333	0.589335	86.6167
6.04022	-0.219678	0.498579	44.5379
3.79824	-0.128384	0.268674	150.855
3.03061	-0.104938	0.213603	191.779
12.6441	-0.504696	0.956412	1.50762
12.6079	-0.497703	0.958899	1.63443
12.1638	-0.467847	0.939368	2.54404
10.1781	-0.42323	0.75153	17.9829
9.65296	-0.366182	0.701859	61.3405
8.78592	-0.306625	0.633665	86.3924
8.68872	-0.283156	0.620625	71.3875
8.59622	-0.283594	0.615507	79.6764
8.30255	-0.265926	0.592404	90.5412
5.78642	-0.21154	0.480571	77.674
3.93019	-0.134597	0.278675	116.694
2.93884	-0.100865	0.206665	212.438
12.7073	-0.49338	0.962335	1.48354
12.7073	-0.49338	0.962335	1.48354
12.1744	-0.480624	0.941535	2.53482
9.88104	-0.38574	0.722284	52.5437
9.88104	-0.38574	0.722284	52.5437
8.85963	-0.301982	0.63725	78.8207
8.85963	-0.301982	0.63725	78.8207
8.48993	-0.27578	0.607122	82.581
8.33951	-0.257411	0.593297	86.1898
5.40813	-0.201266	0.450727	68.0051
3.54558	-0.119133	0.249686	137.579
3.24248	-0.113804	0.233019	231.43
12.7465	-0.486537	0.963617	1.44272
12.7375	-0.491045	0.964633	1.44305
12.1765	-0.483684	0.94228	2.52299
9.93204	-0.389595	0.726298	46.5376
9.77527	-0.367529	0.710721	70.4197
8.9613	-0.314163	0.647458	84.5697
8.9118	-0.30411	0.641233	78.1948
8.43828	-0.264558	0.601512	84.8301
8.36305	-0.260479	0.595641	87.0498
5.10846	-0.192705	0.430215	187.533
3.60857	-0.12162	0.255042	112.304
3.25605	-0.111893	0.232506	175.869
12.7808	-0.483427	0.96622	1.42629
12.7808	-0.483427	0.96622	1.42629
12.1803	-0.49222	0.943495	2.48277
9.81623	-0.36815	0.713703	71.4611
9.81623	-0.36815	0.713703	71.4611
9.02018	-0.316899	0.652115	85.7003
9.02018	-0.316899	0.652115	85.7003
8.38425	-0.25828	0.596741	84.5924
8.38425	-0.25828	0.596741	84.5924
4.76176	-0.183859	0.408826	232.895
3.49322	-0.118025	0.246619	107.596
3.49322	-0.118025	0.246619	107.596
12.4442	-0.48955	0.951885	2.28309
12.4442	-0.48955	0.951885	2.28309
12.4442	-0.48955	0.951885	2.28309
9.49788	-0.37508	0.696806	17.4317
9.49788	-0.37508	0.696806	17.4317
9.49788	-0.37508	0.696806	17.4317
8.25051	-0.2579	0.585434	71.9163
8.25051	-0.2579	0.585434	71.9163
8.25051	-0.2579	0.585434	71.9163
7.21294	-0.255047	0.588058	33.7188
3.35504	-0.110518	0.231817	125.098
3.35504	-0.110518	0.231817	125.098
12.5923	-0.499922	0.957958	1.85667
12.4809	-0.492836	0.955527	2.05606
12.4809	-0.492836	0.955527	2.05606
9.85984	-0.407739	0.726574	18.1507
9.33259	-0.363685	0.680811	30.4284
9.33259	-0.363685	0.680811	30.4284
8.43831	-0.263044	0.599051	65.5449
8.3912	-0.264629	0.596895	72.7203
8.3912	-0.264629	0.596895	72.7203
6.51493	-0.234039	0.533595	43.4572
3.39639	-0.113322	0.237643	210.077
2.83828	-0.0936261	0.194476	177.869
12.6765	-0.492876	0.960045	1.58123
12.5042	-0.47961	0.957101	2.0055
12.5042	-0.47961	0.957101	2.0055
10.0851	-0.419404	0.744685	14.7863
9.19368	-0.335542	0.665684	61.0402
9.19368	-0.335542	0.665684	61.0402
8.55189	-0.266918	0.607303	65.4554
8.5147	-0.276913	0.608444	80.9603
8.5147	-0.276913	0.608444	80.9603
5.93465	-0.215589	0.489274	45.0182
3.61695	-0.126117	0.25643	212.175
2.46611	-0.0837817	0.167547	200.205
12.7037	-0.487645	0.960311	1.42961
12.5122	-0.476886	0.957745	2.00691
12.5122	-0.476886	0.957745	2.00691
10.1617	-0.411782	0.750726	15.1088
9.13253	-0.321887	0.658561	72.0052
9.13253	-0.321887	0.658561	72.0052
8.5899	-0.267893	0.610046	70.9061
8.57061	-0.285408	0.614312	87.5366
8.57061	-0.285408	0.614312	87.5366
5.67891	-0.205886	0.47075	64.7751
3.76089	-0.132415	0.267135	131.471
2.32691	-0.0780686	0.157339	267.717
12.6967	-0.497452	0.966549	1.67002
12.6967	-0.497452	0.966549	1.67002
12.5449	-0.487826	0.961163	1.9588
9.63301	-0.374902	0.704289	34.0378
9.63301	-0.374902	0.704289	34.0378
9.12409	-0.332613	0.661098	67.3868
8.59533	-0.270129	0.611727	71.9524
8.59533	-0.270129	0.611727	71.9524
8.48755	-0.262277	0.603411	76.3191
5.76127	-0.210924	0.473912	66.284
2.9844	-0.099049	0.207798	227.428
2.60484	-0.0882063	0.180434	307.553
12.8265	-0.467933	0.970785	1.43447
12.762	-0.480293	0.97092	1.5393
12.5841	-0.488783	0.964985	1.96095
9.81678	-0.385891	0.718906	36.3233
9.43452	-0.344057	0.683931	70.978
8.96238	-0.306521	0.644827	78.4174
8.7497	-0.283834	0.625794	81.9816
8.71809	-0.273294	0.620644	72.048
8.57927	-0.268737	0.611271	76.6628
5.12068	-0.190926	0.424066	63.6923
3.06139	-0.104864	0.216086	179.814
2.28982	-0.0788915	0.158436	236.356
12.8699	-0.440095	0.970993	1.34102
12.7842	-0.472692	0.972307	1.51677
12.5972	-0.490462	0.966382	1.95897
9.87861	-0.389419	0.72389	37.3585
9.33939	-0.326586	0.673586	78.3914
8.88815	-0.291299	0.636671	82.7636
8.82979	-0.294932	0.63397	86.2564
8.75907	-0.274559	0.623625	71.646
8.6297	-0.276275	0.616517	87.0645
4.82551	-0.178155	0.402321	81.5867
3.20108	-0.111304	0.226692	190.288
2.14385	-0.0736083	0.147833	342.952
12.9185	-0.445397	0.976907	1.33876
12.9185	-0.445397	0.976907	1.33876
12.6322	-0.496104	0.969911	1.90096
9.5819	-0.350858	0.695223	65.1833
9.5819	-0.350858	0.695223	65.183
8.89012	-0.28843	0.636182	78.0564
8.89012	-0.28843	0.636182	78.0564
8.805	-0.285085	0.63017	85.6662
8.6326	-0.265616	0.614491	84.9209
4.40101	-0.166044	0.367264	127.816
2.73852	-0.0924992	0.192361	260.339
2.38319	-0.0837673	0.170649	280.207
12.9709	-0.423023	0.97823	1.29692
12.9495	-0.430103	0.978486	1.30584
12.6483	-0.49626	0.971411	1.85868
9.6315	-0.353407	0.699052	63.2483
9.46449	-0.329983	0.682715	80.1331
8.98633	-0.300912	0.645907	87.4333
8.93683	-0.28986	0.63964	78.7831
8.73409	-0.27299	0.62293	85.5645
8.66811	-0.269365	0.617813	85.7178
4.03862	-0.152422	0.340954	177.866
2.8006	-0.0970969	0.197838	158.328
2.36743	-0.0821068	0.169185	276.428
13.0049	-0.418378	0.980719	1.27288
13.0049	-0.418378	0.980719	1.27288
12.6653	-0.499289	0.973184	1.82488
9.50637	-0.331307	0.685778	81.5202
9.50637	-0.331307	0.685778	81.5202
9.03868	-0.302974	0.649913	87.6165
9.03868	-0.302974	0.649913	87.6165
8.68142	-0.266831	0.618236	85.9608
8.68142	-0.266831	0.618236	85.9608
3.58881	-0.140891	0.311885	303.613
2.65162	-0.0907325	0.187039	208.607
2.65162	-0.0907325	0.187039	208.607
12.8152	-0.473372	0.975047	1.50151
12.8152	-0.473372	0.975047	1.50151
12.8152	-0.473372	0.975047	1.50151
9.39436	-0.343284	0.681718	60.0923
9.39436	-0.343284	0.681718	60.0923
9.39436	-0.343284	0.681718	60.0923
8.69021	-0.267263	0.618061	77.0977
8.69021	-0.267263	0.618061	77.0977
8.69021	-0.267263	0.618061	77.0977
4.93922	-0.183719	0.407474	75.8421
2.31283	-0.0778986	0.159677	236.898
2.31283	-0.0778986	0.159677	236.898
12.9795	-0.42918	0.981018	1.31562
12.8881	-0.459381	0.980383	1.46079
12.8881	-0.459381	0.980383	1.46079
9.55764	-0.352189	0.694319	62.5338
9.19888	-0.31483	0.662498	82.0328
9.19888	-0.31483	0.662498	82.0328
8.81269	-0.27034	0.626935	65.3017
8.79573	-0.274747	0.626995	74.554
8.79573	-0.274747	0.626995	74.554
4.22469	-0.160435	0.350588	109.666
2.37796	-0.0820953	0.16725	256.387
1.77618	-0.0602363	0.120876	391.511
13.0346	-0.390325	0.98154	1.30783
12.9126	-0.456509	0.982298	1.4492
12.9126	-0.456509	0.982298	1.4492
9.61225	-0.353955	0.69855	71.2456
9.09895	-0.297564	0.651996	84.5652
9.09895	-0.297564	0.651996	84.5652
8.86505	-0.284133	0.633953	87.7053
8.86505	-0.284133	0.633953	87.7053
8.85365	-0.271662	0.629909	66.8628
3.87692	-0.145237	0.324314	118.55
2.52482	-0.0883021	0.178531	278.516
1.55344	-0.0526625	0.104587	339.52
13.0728	-0.391387	0.986427	1.2799
13.0728	-0.391387	0.986427	1.2799
12.9649	-0.449872	0.986362	1.41505
9.34212	-0.320269	0.673256	82.3822
9.34212	-0.320269	0.673256	82.3822
9.0318	-0.292541	0.646838	86.7656
8.92588	-0.278688	0.636453	87.2344
8.92588	-0.278688	0.636453	87.2344
8.84403	-0.271933	0.629803	87.4111
3.41688	-0.129955	0.284649	257.941
1.92923	-0.0657258	0.134904	396.716
1.60813	-0.0559856	0.112843	500.469
13.1348	-0.361711	0.988008	1.27383
13.1042	-0.380253	0.988335	1.28076
12.9907	-0.446593	0.988352	1.39372
9.39008	-0.322127	0.676864	84.5309
9.22634	-0.301638	0.661279	85.2109
9.00693	-0.288992	0.644496	89.5998
8.96932	-0.279927	0.639613	87.3802
8.9475	-0.279515	0.638408	87.204
8.88786	-0.276253	0.633829	88.1632
2.98145	-0.114507	0.251391	313.824
1.99657	-0.0695659	0.140911	406.077
1.47944	-0.0516112	0.104296	463.139
13.1684	-0.343918	0.989703	1.26446
13.1684	-0.343918	0.989703	1.26446
13.0168	-0.443982	0.990482	1.38546
9.26896	-0.302894	0.664378	85.9595
9.26896	-0.302894	0.664378	85.9595
9.05434	-0.290557	0.64802	89.176
9.05434	-0.290557	0.64802	89.176
8.89574	-0.273351	0.633764	88.4436
8.89574	-0.273351	0.633764	88.4436
2.39999	-0.095176	0.210499	692.762
1.78302	-0.0617332	0.125692	382.43
1.78302	-0.0617332	0.125692	382.43
13.1667	-0.359322	0.992297	1.2751
13.1667	-0.359322	0.992296	1.2751
13.1667	-0.359322	0.992296	1.2751
9.16861	-0.297313	0.656923	87.3544
9.16861	-0.297313	0.656923	87.3544
9.16861	-0.297313	0.656923	87.3544
8.97173	-0.275801	0.639052	92.4643
8.97173	-0.275801	0.639052	92.4643
8.97173	-0.275801	0.639052	92.4643
2.50802	-0.0964789	0.208597	430.302
1.1797	-0.0404791	0.0814158	496.922
1.1797	-0.0404791	0.0814158	496.922
13.2344	-0.318374	0.993658	1.3093
13.1983	-0.349881	0.994345	1.27691
13.1983	-0.349881	0.994345	1.27691
9.21433	-0.298802	0.66029	88.8873
9.0764	-0.283774	0.647773	91.3269
9.0764	-0.283774	0.647773	91.3269
9.02046	-0.280654	0.64351	92.4765
9.02046	-0.280654	0.64351	92.4765
9.01444	-0.277038	0.642145	92.191
1.96577	-0.075897	0.165427	625.938
1.26772	-0.0443387	0.089404	649.258
0.77728	-0.0266058	0.0521896	797.905
13.2678	-0.307901	0.995802	1.33654
13.2678	-0.307901	0.995802	1.33654
13.2299	-0.335605	0.996138	1.28416
9.11951	-0.285068	0.650899	92.158
9.11951	-0.285068	0.650899	92.158
9.06479	-0.281981	0.646742	92.5438
9.06479	-0.281981	0.646742	92.5438
9.02517	-0.277644	0.643156	93.6662
9.02517	-0.277644	0.643157	93.6662
1.20204	-0.0481011	0.10606	1514.82
0.896127	-0.031456	0.0631564	1013.69
0.896127	-0.031456	0.0631564	1013.69
13.3012	-0.30205	0.998234	1.37607
13.3012	-0.30205	0.998234	1.37607
13.3012	-0.30205	0.998234	1.37607
9.06845	-0.278908	0.64629	93.772
9.06845	-0.278908	0.64629	93.772
9.06845	-0.278908	0.64629	93.772
9.06845	-0.278908	0.64629	93.772
9.06845	-0.278908	0.64629	93.772
9.06845	-0.278908	0.64629	93.772
0	0	0	0
0	0	0	0
0	0	0	0
