1980 Out of 49152 QH, Third, Fourth Freq in rad/ps and Lifetimes in ps for a 16x16x16 Ar Lattice at 10K. (atoms/UC=4)
13.3026	-0.443471	1.03716	2.87336
13.3026	-0.443471	1.03716	2.87336
13.3026	-0.443471	1.03716	2.87336
13.3026	-0.443471	1.03716	2.87336
6.01832	-0.183056	0.417554	110.596
6.01832	-0.183056	0.417554	110.596
6.01832	-0.183056	0.417554	110.596
6.01832	-0.183056	0.417554	110.596
6.01832	-0.183056	0.417554	110.596
6.01832	-0.183056	0.417554	110.596
6.01832	-0.183056	0.417554	110.596
6.01832	-0.183056	0.417554	110.596
13.2572	-0.439608	1.03331	2.7089
13.2572	-0.439608	1.03331	2.7089
13.2572	-0.439608	1.03331	2.7089
13.2572	-0.439608	1.03331	2.7089
6.12245	-0.190707	0.42646	118.529
6.12245	-0.190707	0.42646	118.529
6.12245	-0.190707	0.42646	118.529
6.12245	-0.190707	0.42646	118.529
6.01807	-0.183969	0.417627	106.689
6.01807	-0.183969	0.417627	106.689
6.01807	-0.183969	0.417627	106.689
6.01807	-0.183969	0.417627	106.689
13.1222	-0.428629	1.02185	2.75022
13.1222	-0.428629	1.02185	2.75022
13.1222	-0.428629	1.02185	2.75022
13.1222	-0.428629	1.02185	2.75022
6.41937	-0.211632	0.451726	111.127
6.41937	-0.211632	0.451726	111.127
6.41937	-0.211632	0.451726	111.127
6.41937	-0.211632	0.451726	111.127
6.01738	-0.18626	0.417814	123.092
6.01738	-0.18626	0.417814	123.092
6.01738	-0.18626	0.417814	123.092
6.01738	-0.18626	0.417814	123.092
12.902	-0.419497	1.00378	2.8831
12.902	-0.419497	1.00378	2.8831
12.902	-0.419497	1.00378	2.8831
12.902	-0.419497	1.00378	2.8831
6.869	-0.241368	0.489652	59.4432
6.869	-0.241368	0.489652	59.4432
6.869	-0.241368	0.489652	59.4432
6.869	-0.241368	0.489652	59.4432
6.01634	-0.189209	0.418067	120.161
6.01634	-0.189209	0.418067	120.161
6.01634	-0.189209	0.418067	120.161
6.01634	-0.189209	0.418067	120.161
12.6048	-0.415683	0.980132	2.85904
12.6048	-0.415683	0.980132	2.85904
12.6048	-0.415683	0.980132	2.85904
12.6048	-0.415683	0.980132	2.85904
7.41959	-0.272719	0.535469	51.8536
7.41959	-0.272719	0.535469	51.8536
7.41959	-0.272719	0.535469	51.8536
7.41959	-0.272719	0.535469	51.8536
6.01511	-0.191439	0.418289	120.977
6.01511	-0.191439	0.418289	120.977
6.01511	-0.191439	0.418289	120.977
6.01511	-0.191439	0.418289	120.977
12.2457	-0.415311	0.952179	2.87202
12.2457	-0.415311	0.952179	2.87202
12.2457	-0.415311	0.952179	2.87202
12.2457	-0.415311	0.952179	2.87202
8.01619	-0.30498	0.584509	37.8866
8.01619	-0.30498	0.584509	37.8866
8.01619	-0.30498	0.584509	37.8866
8.01619	-0.30498	0.584509	37.8866
6.01388	-0.194876	0.418585	121.77
6.01388	-0.194876	0.418585	121.77
6.01388	-0.194876	0.418585	121.77
6.01388	-0.194876	0.418585	121.77
11.8551	-0.423765	0.923121	2.82126
11.8551	-0.423765	0.923121	2.82126
11.8551	-0.423765	0.923121	2.82126
11.8551	-0.423765	0.923121	2.82126
8.59752	-0.334832	0.631301	21.933
8.59752	-0.334832	0.631301	21.933
8.59752	-0.334832	0.631301	21.933
8.59752	-0.334832	0.631301	21.933
6.01284	-0.196521	0.41876	108.925
6.01284	-0.196521	0.41876	108.925
6.01284	-0.196521	0.41876	108.925
6.01284	-0.196521	0.41876	108.925
11.5031	-0.441681	0.898953	3.37402
11.5031	-0.441681	0.898953	3.37402
11.5031	-0.441681	0.898953	3.37402
11.5031	-0.441681	0.898953	3.37402
9.07208	-0.355823	0.667801	17.8169
9.07208	-0.355823	0.667801	17.8169
9.07208	-0.355823	0.667801	17.8169
9.07208	-0.355823	0.667801	17.8169
6.01214	-0.198646	0.418937	124.478
6.01214	-0.198646	0.418937	124.478
6.01214	-0.198646	0.418937	124.478
6.01214	-0.198646	0.418937	124.478
11.3439	-0.439871	0.888171	3.44836
11.3439	-0.439871	0.888171	3.44836
11.3439	-0.439871	0.888171	3.44836
11.3439	-0.439871	0.888171	3.44836
9.2734	-0.368393	0.68264	25.3995
9.2734	-0.368393	0.68264	25.3995
9.2734	-0.368393	0.68264	25.3995
9.2734	-0.368393	0.68264	25.3995
6.0119	-0.198755	0.418962	106.119
6.0119	-0.198755	0.418962	106.119
6.0119	-0.198755	0.418962	106.119
6.0119	-0.198755	0.418962	106.119
13.2574	-0.440721	1.03226	2.73006
13.2574	-0.440721	1.03226	2.73006
13.1669	-0.433145	1.02682	2.82212
13.1669	-0.433145	1.02682	2.82212
6.30711	-0.203464	0.442051	115.011
6.30711	-0.203464	0.442051	115.011
6.11016	-0.188567	0.424613	107.175
6.11016	-0.188567	0.424613	107.175
6.03486	-0.185495	0.419169	112.678
6.03486	-0.185495	0.419169	112.678
6.03008	-0.188064	0.419653	129.884
6.03008	-0.188064	0.419653	129.884
13.1673	-0.439022	1.02389	2.73773
13.1673	-0.439022	1.02389	2.73773
12.9893	-0.423673	1.01315	2.91832
12.9893	-0.423673	1.01315	2.91832
6.67794	-0.228246	0.473162	115.273
6.67794	-0.228246	0.473162	115.273
6.2307	-0.200737	0.436574	111.842
6.2307	-0.200737	0.436574	111.842
6.18772	-0.1936	0.430657	119.17
6.18772	-0.1936	0.430657	119.17
5.96076	-0.18569	0.414222	118.501
5.96076	-0.18569	0.414222	118.501
12.9895	-0.435484	1.00856	2.68658
12.9895	-0.435484	1.00856	2.68658
12.7305	-0.40887	0.992672	2.9096
12.7305	-0.40887	0.992672	2.9096
7.18975	-0.258842	0.515668	73.1318
7.18975	-0.258842	0.515668	73.1318
6.59517	-0.225362	0.46767	90.938
6.59517	-0.225362	0.46767	90.938
6.24894	-0.198331	0.435526	114.346
6.24894	-0.198331	0.435526	114.346
5.89703	-0.185949	0.409785	98.1624
5.89703	-0.185949	0.409785	98.1624
12.7303	-0.433043	0.987071	2.70975
12.7303	-0.433043	0.987071	2.70975
12.4008	-0.399841	0.966964	3.00466
12.4008	-0.399841	0.966964	3.00466
7.78485	-0.290814	0.56465	39.7957
7.78485	-0.290814	0.56465	39.7957
7.07926	-0.252391	0.508191	41.9321
7.07926	-0.252391	0.508191	41.9321
6.29949	-0.202381	0.439588	102.654
6.29949	-0.202381	0.439588	102.654
5.84129	-0.187029	0.406033	124.151
5.84129	-0.187029	0.406033	124.151
12.4019	-0.42961	0.960501	2.68138
12.4019	-0.42961	0.960501	2.68138
12.0177	-0.395986	0.937652	2.99423
12.0177	-0.395986	0.937652	2.99423
8.4116	-0.326632	0.616022	28.5853
8.4116	-0.326632	0.616022	28.5853
7.62589	-0.282847	0.553348	41.2681
7.62589	-0.282847	0.553348	41.2681
6.33974	-0.20651	0.442898	117.229
6.33974	-0.20651	0.442898	117.229
5.79525	-0.188783	0.403037	115.225
5.79525	-0.188783	0.403037	115.225
12.0302	-0.438638	0.932227	2.74948
12.0302	-0.438638	0.932227	2.74948
11.6152	-0.411225	0.908764	3.019
11.6152	-0.411225	0.908764	3.019
9.01538	-0.360151	0.664739	21.6287
9.01538	-0.360151	0.664739	21.6287
8.16829	-0.316391	0.597389	31.458
8.16829	-0.316391	0.597389	31.458
6.36913	-0.20987	0.44535	108.242
6.36913	-0.20987	0.44535	108.242
5.76078	-0.18967	0.400794	119.416
5.76078	-0.18967	0.400794	119.416
11.68	-0.452812	0.907466	2.93572
11.68	-0.452812	0.907466	2.93572
11.2666	-0.426936	0.885076	3.55909
11.2666	-0.426936	0.885076	3.55909
9.51221	-0.38271	0.703058	16.8237
9.51221	-0.38271	0.703058	16.8237
8.60988	-0.329377	0.630885	23.7435
8.60988	-0.329377	0.630885	23.7435
6.38704	-0.211775	0.44684	110.902
6.38704	-0.211775	0.44684	110.902
5.73942	-0.191353	0.399485	113.988
5.73942	-0.191353	0.399485	113.988
11.5138	-0.44853	0.895952	3.1821
11.5138	-0.44853	0.895952	3.1821
11.1151	-0.426628	0.874931	4.15238
11.1151	-0.426628	0.874931	4.15238
9.72836	-0.387345	0.718407	14.5373
9.72836	-0.387345	0.718407	14.5373
8.79388	-0.340732	0.644468	23.0028
8.79388	-0.340732	0.644468	23.0028
6.39306	-0.211898	0.44731	109.427
6.39306	-0.211898	0.44731	109.427
5.73218	-0.190519	0.398958	108.433
5.73218	-0.190519	0.398958	108.433
13.123	-0.441681	1.01839	2.65074
13.123	-0.441681	1.01839	2.65074
12.773	-0.409273	0.997123	3.00975
12.773	-0.409273	0.997123	3.00975
7.0656	-0.251883	0.505314	78.6053
7.0656	-0.251883	0.505314	78.6053
6.3739	-0.20245	0.444877	108.839
6.3739	-0.20245	0.444877	108.839
6.08162	-0.188981	0.423538	120.396
6.08162	-0.188981	0.423538	120.396
6.06387	-0.199851	0.425437	122.18
6.06387	-0.199851	0.425437	122.18
12.9902	-0.445344	1.00608	2.67291
12.9902	-0.445344	1.00608	2.67291
12.4809	-0.397467	0.975114	3.02461
12.4809	-0.397467	0.975114	3.02461
7.58462	-0.28369	0.548055	53.193
7.58462	-0.28369	0.548055	53.193
6.52443	-0.210218	0.456545	111.162
6.52443	-0.210218	0.456545	111.162
6.35183	-0.212735	0.448483	97.9722
6.35183	-0.212735	0.448483	97.9722
5.93382	-0.190744	0.414294	118.659
5.93382	-0.190744	0.414294	118.659
12.7733	-0.443057	0.987014	2.65026
12.7733	-0.443057	0.987014	2.65026
12.1248	-0.391164	0.948344	3.12927
12.1248	-0.391164	0.948344	3.12927
8.18391	-0.313736	0.596787	37.7716
8.18391	-0.313736	0.596787	37.7717
6.76101	-0.23624	0.483032	55.4239
6.76101	-0.23624	0.483032	55.4239
6.64077	-0.217698	0.465722	102.212
6.64077	-0.217698	0.465722	102.212
5.81393	-0.188667	0.405578	101.172
5.81393	-0.188667	0.405578	101.172
12.4817	-0.444742	0.962817	2.65805
12.4817	-0.444742	0.962817	2.65805
11.7248	-0.394024	0.918848	3.19315
11.7248	-0.394024	0.918848	3.19315
8.81072	-0.34687	0.647682	29.6566
8.81072	-0.34687	0.647682	29.6566
7.24635	-0.263912	0.523281	50.1588
7.24635	-0.263912	0.523281	50.1588
6.72916	-0.222901	0.472688	105.263
6.72916	-0.222901	0.472688	105.263
5.7152	-0.187982	0.398568	107.978
5.7152	-0.187982	0.398568	107.978
12.1364	-0.449974	0.935553	2.66957
12.1364	-0.449974	0.935553	2.66957
11.3173	-0.400025	0.889471	3.50447
11.3173	-0.400025	0.889471	3.50447
9.41417	-0.377278	0.696087	20.508
9.41417	-0.377278	0.696087	20.508
7.7389	-0.28646	0.562747	37.5667
7.7389	-0.28646	0.562747	37.5667
6.79195	-0.226779	0.47766	95.3374
6.79195	-0.226779	0.47766	95.3374
5.64129	-0.188179	0.393413	116.94
5.64129	-0.188179	0.393413	116.94
11.794	-0.463867	0.910757	2.81201
11.794	-0.463867	0.910757	2.81201
10.9765	-0.412256	0.866392	4.13656
10.9765	-0.412256	0.866392	4.13656
9.91845	-0.405547	0.735483	13.1136
9.91845	-0.405547	0.735483	13.1136
8.14042	-0.308055	0.593766	27.6734
8.14042	-0.308055	0.593766	27.6734
6.82965	-0.229679	0.48068	101.877
6.82965	-0.229679	0.48068	101.877
5.59544	-0.188766	0.390268	103.921
5.59544	-0.188766	0.390268	103.921
11.6218	-0.468068	0.89926	2.86575
11.6218	-0.468068	0.89926	2.86575
10.8332	-0.407798	0.856526	5.16868
10.8332	-0.407798	0.856526	5.16868
10.1458	-0.409538	0.751542	11.0812
10.1458	-0.409538	0.751542	11.0812
8.30565	-0.310327	0.60547	26.8212
8.30565	-0.310327	0.60547	26.8212
6.84224	-0.229884	0.481641	105.297
6.84224	-0.229884	0.481641	105.297
5.5799	-0.189154	0.389215	101.15
5.5799	-0.189154	0.389215	101.15
12.9036	-0.446306	0.996293	2.57144
12.9036	-0.446306	0.996293	2.57144
12.1618	-0.390499	0.952134	3.1945
12.1618	-0.390499	0.952134	3.1945
8.06972	-0.3113	0.587481	61.6838
8.06972	-0.3113	0.587481	61.6838
6.77817	-0.22283	0.476212	98.5128
6.77817	-0.22283	0.476212	98.5128
6.15065	-0.193918	0.430003	113.602
6.15065	-0.193918	0.430003	113.602
6.11579	-0.215141	0.433778	123.045
6.11579	-0.215141	0.433778	123.045
12.7323	-0.451301	0.980392	2.51798
12.7323	-0.451301	0.980392	2.51798
11.7867	-0.384553	0.924616	3.31027
11.7867	-0.384553	0.924616	3.31027
8.62692	-0.338843	0.632342	37.2062
8.62692	-0.338843	0.632342	37.2062
6.9821	-0.233165	0.492208	106.714
6.9821	-0.233165	0.492208	106.714
6.46808	-0.223481	0.460082	65.6811
6.46808	-0.223481	0.460082	65.6811
5.94156	-0.198901	0.417769	121.22
5.94156	-0.198901	0.417769	121.22
12.4829	-0.453001	0.958668	2.55377
12.4829	-0.453001	0.958668	2.55377
11.3771	-0.387163	0.894965	3.71793
11.3771	-0.387163	0.894965	3.71793
9.21578	-0.369014	0.679766	23.5888
9.21578	-0.369014	0.679766	23.5888
7.13486	-0.241775	0.504336	98.0158
7.13486	-0.241775	0.504336	98.0158
6.88719	-0.24423	0.494779	48.8906
6.88719	-0.24423	0.494779	48.8906
5.78382	-0.193978	0.40595	116.732
5.78382	-0.193978	0.40595	116.732
12.1717	-0.465626	0.933727	2.57906
12.1717	-0.465626	0.933727	2.57906
10.9713	-0.390763	0.86599	4.05291
10.9713	-0.390763	0.86599	4.05291
9.78983	-0.406268	0.726288	17.0705
9.78983	-0.406268	0.726288	17.0705
7.324	-0.266483	0.529872	43.6492
7.324	-0.266483	0.529872	43.6492
7.241	-0.247446	0.512773	96.4572
7.241	-0.247446	0.512773	96.4572
5.66495	-0.191065	0.3972	101.444
5.66495	-0.191065	0.3972	101.444
11.8451	-0.472489	0.908875	2.73619
11.8451	-0.472489	0.908875	2.73619
10.6421	-0.395655	0.843471	5.19379
10.6421	-0.395655	0.843471	5.19379
10.2819	-0.429345	0.764652	10.7441
10.2819	-0.429345	0.764652	10.7441
7.68173	-0.280401	0.557068	33.139
7.68173	-0.280401	0.557068	33.139
7.3037	-0.251599	0.517814	87.1153
7.3037	-0.251599	0.517814	87.1153
5.59089	-0.18959	0.391805	112.276
5.59089	-0.18959	0.391805	112.276
11.6681	-0.487677	0.897561	2.71022
11.6681	-0.487677	0.897561	2.71022
10.5152	-0.436205	0.78138	8.40077
10.5152	-0.436205	0.78138	8.40077
10.5073	-0.385409	0.83382	5.34858
10.5073	-0.385409	0.83382	5.34858
7.82775	-0.284034	0.567511	31.88
7.82775	-0.284034	0.567511	31.88
7.32447	-0.252076	0.519432	88.452
7.32447	-0.252076	0.519432	88.452
5.56572	-0.188633	0.389951	96.6526
5.56572	-0.188633	0.389951	96.6526
12.6083	-0.452944	0.967129	2.53168
12.6083	-0.452944	0.967129	2.53168
11.4007	-0.386093	0.897385	3.75836
11.4007	-0.386093	0.897385	3.75836
9.1145	-0.362174	0.671131	22.5791
9.1145	-0.362174	0.671131	22.5791
7.27994	-0.248022	0.515722	86.5869
7.27994	-0.248022	0.515722	86.5869
6.23063	-0.198419	0.437464	101.533
6.23063	-0.198419	0.437464	101.533
6.18115	-0.222816	0.442567	76.5201
6.18115	-0.222816	0.442567	76.5201
12.406	-0.457979	0.948504	2.44092
12.406	-0.457979	0.948504	2.44092
10.9895	-0.378547	0.867401	4.2516
10.9895	-0.378547	0.867401	4.2516
9.63006	-0.395326	0.712727	18.4836
9.63006	-0.395326	0.712727	18.4836
7.51304	-0.260772	0.534409	90.5159
7.51304	-0.260772	0.534409	90.5159
6.5616	-0.225125	0.468826	71.4526
6.5616	-0.225125	0.468826	71.4526
5.98529	-0.203361	0.423625	92.632
5.98529	-0.203361	0.423625	92.632
12.137	-0.476457	0.926419	2.54956
12.137	-0.476457	0.926419	2.54956
10.5916	-0.384819	0.839599	5.27111
10.5916	-0.384819	0.839599	5.27111
10.1419	-0.423519	0.753788	13.3168
10.1419	-0.423519	0.753788	13.3168
7.67694	-0.269849	0.547666	88.5804
7.67694	-0.269849	0.547666	88.5804
6.94145	-0.24193	0.499182	45.4068
6.94145	-0.24193	0.499182	45.4068
5.81908	-0.197162	0.410863	92.3059
5.81908	-0.197162	0.410863	92.3059
11.8362	-0.488648	0.903021	2.66222
11.8362	-0.488648	0.903021	2.66222
10.5965	-0.454948	0.790131	8.08819
10.5965	-0.454948	0.790131	8.08819
10.2771	-0.378375	0.817564	6.44812
10.2771	-0.378375	0.817564	6.44812
7.77366	-0.275255	0.555529	86.049
7.77366	-0.275255	0.555529	86.049
7.25513	-0.256469	0.523052	36.431
7.25513	-0.256469	0.523052	36.431
5.71467	-0.192731	0.402899	95.5468
5.71467	-0.192731	0.402899	95.5468
11.6573	-0.506967	0.891392	2.79664
11.6573	-0.506967	0.891392	2.79664
10.8281	-0.452943	0.806307	6.97502
10.8281	-0.452943	0.806307	6.97502
10.151	-0.37732	0.809198	6.72214
10.151	-0.37732	0.809198	6.72214
7.80559	-0.276886	0.55812	91.7193
7.80559	-0.276886	0.55812	91.7193
7.38259	-0.260986	0.53222	49.0264
7.38259	-0.260986	0.53222	49.0264
5.67904	-0.191967	0.400236	89.1407
5.67904	-0.191967	0.400236	89.1407
12.2543	-0.483129	0.934388	2.29261
12.2543	-0.483129	0.934388	2.29261
10.5845	-0.380967	0.839039	4.88318
10.5845	-0.380967	0.839039	4.88318
10.0527	-0.424827	0.74658	15.8682
10.0527	-0.424827	0.74658	15.8682
7.82935	-0.27782	0.560053	89.6881
7.82935	-0.27782	0.560053	89.6881
6.30912	-0.20046	0.444685	83.5539
6.30912	-0.20046	0.444685	83.5539
6.25567	-0.227382	0.450398	107.286
6.25567	-0.227382	0.450398	107.286
12.0361	-0.501294	0.91542	2.58782
12.0361	-0.501294	0.91542	2.58782
10.4729	-0.448647	0.780106	12.4043
10.4729	-0.448647	0.780106	12.4043
10.2003	-0.377554	0.811932	6.55757
10.2003	-0.377554	0.811932	6.55757
8.06276	-0.291245	0.57929	91.9103
8.06276	-0.291245	0.57929	91.9103
6.61178	-0.224963	0.472952	46.9946
6.61178	-0.224963	0.472952	46.9946
6.06751	-0.204363	0.431208	83.2023
6.06751	-0.204363	0.431208	83.2023
11.775	-0.511244	0.893984	2.78757
11.775	-0.511244	0.893984	2.78757
10.86	-0.478124	0.811422	6.93463
10.86	-0.478124	0.811422	6.93463
9.90271	-0.358904	0.790482	8.18265
9.90271	-0.358904	0.790482	8.18265
8.20419	-0.299511	0.591063	85.8874
8.20419	-0.299511	0.591063	85.8874
6.88467	-0.235269	0.493475	32.6749
6.88467	-0.235269	0.493475	32.6749
5.93302	-0.197472	0.420554	84.9462
5.93302	-0.197472	0.420554	84.9462
11.6	-0.524089	0.881728	2.98894
11.6	-0.524089	0.881728	2.98894
11.0779	-0.486874	0.827569	5.95806
11.0779	-0.486874	0.827569	5.95806
9.78538	-0.356906	0.782722	8.81083
9.78538	-0.356906	0.782722	8.81083
8.25138	-0.301832	0.594985	83.9946
8.25138	-0.301832	0.594985	83.9946
6.99546	-0.237074	0.501233	35.9729
6.99546	-0.237074	0.501233	35.9729
5.88688	-0.195374	0.416946	87.3256
5.88688	-0.195374	0.416946	87.3256
11.8764	-0.513438	0.899844	2.8212
11.8764	-0.513438	0.899844	2.8212
10.7854	-0.478558	0.805468	8.33748
10.7854	-0.478558	0.805468	8.33748
9.83396	-0.355286	0.785156	8.67058
9.83396	-0.355286	0.785156	8.67058
8.3653	-0.308895	0.604654	82.0632
8.3653	-0.308895	0.604654	82.0632
6.37452	-0.201628	0.450712	54.229
6.37452	-0.201628	0.450712	54.229
6.33415	-0.224332	0.455338	63.4532
6.33415	-0.224332	0.455338	63.4532
11.6737	-0.527355	0.882301	3.00491
11.6737	-0.527355	0.882301	3.00491
11.0747	-0.510219	0.82947	6.13292
11.0747	-0.510219	0.82947	6.13292
9.55409	-0.347659	0.765985	10.799
9.55409	-0.347659	0.765985	10.799
8.55802	-0.321103	0.621148	81.7658
8.55802	-0.321103	0.621148	81.7658
6.59555	-0.214684	0.4701	41.1083
6.59555	-0.214684	0.4701	41.1083
6.19069	-0.20139	0.440057	69.7107
6.19069	-0.20139	0.440057	69.7107
11.5165	-0.541279	0.870722	3.35402
11.5165	-0.541279	0.870722	3.35402
11.2598	-0.520342	0.84366	4.68557
11.2598	-0.520342	0.84366	4.68557
9.445	-0.343944	0.758732	12.1566
9.445	-0.343944	0.758732	12.1566
8.62414	-0.325176	0.626853	81.4199
8.62414	-0.325176	0.626853	81.4199
6.6929	-0.218016	0.476951	29.2116
6.6929	-0.218016	0.476951	29.2116
6.13492	-0.198091	0.435531	73.5234
6.13492	-0.198091	0.435531	73.5234
11.5486	-0.546881	0.870447	3.36644
11.5486	-0.546881	0.870447	3.36644
11.2489	-0.541306	0.844434	5.6339
11.2489	-0.541306	0.844434	5.6339
9.28951	-0.341944	0.748241	12.4034
9.28951	-0.341944	0.748241	12.4034
8.79515	-0.337008	0.641915	85.0656
8.79515	-0.337008	0.641915	85.0656
6.41766	-0.204267	0.45482	52.2154
6.41766	-0.204267	0.45482	52.2154
6.40297	-0.212382	0.456576	55.5758
6.40297	-0.212382	0.456576	55.5758
11.4394	-0.563061	0.861892	3.97392
11.4394	-0.563061	0.861892	3.97392
11.3703	-0.558915	0.854606	4.39679
11.3703	-0.558915	0.854606	4.39679
9.18694	-0.335468	0.741359	13.9759
9.18694	-0.335468	0.741359	13.9759
8.87939	-0.342919	0.649437	85.2573
8.87939	-0.342919	0.649437	85.2573
6.49939	-0.21148	0.461758	48.0329
6.49939	-0.21148	0.461758	48.0329
6.34664	-0.202044	0.450447	99.8083
6.34664	-0.202044	0.450447	99.8083
11.4073	-0.573947	0.858419	4.50357
11.4073	-0.573947	0.858419	4.50357
11.4073	-0.573947	0.858419	4.50357
11.4073	-0.573947	0.858419	4.50357
9.08701	-0.33253	0.734924	21.929
9.08701	-0.33253	0.734924	21.929
8.97164	-0.349737	0.657799	80.28
8.97164	-0.349737	0.657799	80.28
6.43271	-0.202961	0.456122	80.7688
6.43271	-0.202961	0.456122	80.7688
6.43271	-0.202961	0.456122	80.7688
6.43271	-0.202961	0.456122	80.7688
13.2133	-0.438095	1.02858	2.76031
13.2133	-0.438095	1.02858	2.76031
13.2133	-0.438095	1.02858	2.76031
13.03	-0.415597	1.01697	2.93776
6.35261	-0.208398	0.446355	103.3
6.35261	-0.208398	0.446355	103.3
6.35261	-0.208398	0.446355	103.3
6.16263	-0.19093	0.42867	110.334
6.16263	-0.19093	0.42867	110.334
6.16263	-0.19093	0.42867	110.334
5.90379	-0.181196	0.409566	103.642
5.90379	-0.181196	0.409566	103.642
13.1676	-0.44221	1.02303	2.67355
13.0825	-0.432902	1.01785	2.77456
13.0825	-0.432902	1.01785	2.77456
12.807	-0.403771	1.00059	3.04675
6.83331	-0.238748	0.486217	116.562
6.5817	-0.224162	0.465781	114.211
6.5817	-0.224162	0.465781	114.211
6.2826	-0.196485	0.437671	84.7854
6.21345	-0.195225	0.433015	110.416
6.21345	-0.195225	0.433015	110.416
5.98682	-0.187929	0.417266	112.275
5.77437	-0.178227	0.400232	116.617
13.0305	-0.442032	1.01009	2.6376
12.8693	-0.422264	1.00028	2.77845
12.8693	-0.422264	1.00028	2.77845
12.5056	-0.396312	0.978134	3.10716
7.42352	-0.274702	0.534979	86.8114
6.99449	-0.252688	0.500336	59.798
6.99449	-0.252688	0.500336	59.798
6.39086	-0.202333	0.445877	111.79
6.26007	-0.207332	0.441071	74.7442
6.22591	-0.199053	0.43455	102.378
6.22591	-0.199053	0.43455	102.378
5.65191	-0.175234	0.391461	95.2907
12.806	-0.440375	0.990415	2.63504
12.5822	-0.41829	0.977458	2.73916
12.5822	-0.41829	0.977458	2.73916
12.1374	-0.385064	0.950057	3.11273
8.075	-0.308644	0.588296	51.9541
7.51385	-0.277535	0.54292	44.086
7.51385	-0.277535	0.54292	44.086
6.67818	-0.229565	0.476425	73.4286
6.48403	-0.208554	0.453039	114.229
6.2289	-0.202584	0.435292	108.996
6.2289	-0.202584	0.435292	108.996
5.54186	-0.176291	0.383859	109.376
12.503	-0.440688	0.965171	2.62078
12.2369	-0.417258	0.950564	2.75994
12.2369	-0.417258	0.950564	2.75994
11.7224	-0.389359	0.919439	3.18322
8.74341	-0.34725	0.643023	35.01
8.08031	-0.305204	0.589008	43.6602
8.08031	-0.305204	0.589008	43.6602
7.18074	-0.261979	0.518561	53.0119
6.55938	-0.211709	0.45873	108.522
6.22928	-0.205738	0.435779	107.088
6.22928	-0.205738	0.435779	107.088
5.44951	-0.17646	0.377487	121.723
12.1413	-0.450538	0.936874	2.69437
11.8639	-0.427656	0.923034	2.81623
11.8639	-0.427656	0.923034	2.81623
11.297	-0.40507	0.889323	3.41267
9.38304	-0.382724	0.694766	20.3687
8.632	-0.335078	0.633293	23.6542
8.632	-0.335078	0.633293	23.6542
7.69492	-0.289812	0.560258	34.8438
6.61474	-0.216489	0.463072	102.486
6.22888	-0.208001	0.436101	108.827
6.22888	-0.208001	0.436101	108.827
5.37964	-0.176346	0.372677	127.121
11.7764	-0.468231	0.91066	2.85267
11.5324	-0.436481	0.899739	3.22314
11.5324	-0.436481	0.899739	3.22314
10.9374	-0.40686	0.864157	4.35681
9.92115	-0.407452	0.736585	12.0551
9.07874	-0.356612	0.667667	20.858
9.07874	-0.356612	0.667667	20.858
8.11817	-0.30781	0.592752	29.3578
6.64858	-0.217674	0.465622	110.605
6.22843	-0.209775	0.436317	100.983
6.22843	-0.209775	0.436317	100.983
5.33605	-0.177756	0.369782	110.243
11.5875	-0.463084	0.897522	2.9157
11.3851	-0.442636	0.890233	3.3382
11.3851	-0.442636	0.890233	3.3382
10.7843	-0.409612	0.854162	5.16318
10.1689	-0.410611	0.753912	11.9324
9.26574	-0.358747	0.680855	16.9942
9.26574	-0.358747	0.680855	16.9942
8.29422	-0.316565	0.605622	32.3967
6.65996	-0.218794	0.46652	85.0662
6.22824	-0.210303	0.436381	114.666
6.22824	-0.210303	0.436381	114.666
5.32124	-0.177141	0.368735	126.479
13.0832	-0.441063	1.01521	2.64562
13.0832	-0.441063	1.01521	2.64562
12.916	-0.425468	1.00523	2.72433
12.5414	-0.393631	0.981884	3.24457
7.09347	-0.256316	0.508097	111.435
7.09347	-0.256316	0.508097	111.435
6.57646	-0.230619	0.467166	130.092
6.42828	-0.203664	0.448943	107.153
6.42828	-0.203664	0.448943	107.153
6.32815	-0.197967	0.441699	101.185
5.82399	-0.179981	0.404635	121.967
5.71345	-0.179342	0.397102	119.555
12.9908	-0.447079	1.00519	2.63108
12.9172	-0.436228	1.00076	2.71395
12.6739	-0.414611	0.986348	2.85725
12.2012	-0.382927	0.956988	3.36768
7.71503	-0.293425	0.559028	76.6063
7.492	-0.279636	0.540827	54.68
6.83417	-0.244512	0.488257	97.9365
6.60264	-0.211077	0.462019	99.284
6.5509	-0.211431	0.458879	105.708
6.33617	-0.203926	0.443686	114.658
5.96723	-0.192682	0.418146	101.654
5.5561	-0.175237	0.385672	128.885
12.8071	-0.448834	0.987997	2.57396
12.6764	-0.431632	0.980667	2.63946
12.367	-0.404988	0.962464	2.84886
11.7999	-0.380949	0.927626	3.60714
8.38869	-0.32631	0.613685	42.4484
7.99556	-0.300568	0.581316	35.818
7.26309	-0.262509	0.522942	51.5243
6.74574	-0.218331	0.472853	102.3
6.63699	-0.2188	0.46619	111.423
6.30478	-0.21524	0.447473	62.208
6.28897	-0.207059	0.441101	94.8442
5.38609	-0.172894	0.373445	109.896
12.5375	-0.450478	0.964538	2.59101
12.374	-0.433469	0.956586	2.65526
12.0132	-0.408462	0.93603	2.86572
11.359	-0.382204	0.895354	3.52695
9.07137	-0.366074	0.669463	27.8422
8.54542	-0.333139	0.625897	28.2804
7.75711	-0.287816	0.562989	49.1821
6.85884	-0.2235	0.48139	96.0232
6.74884	-0.23855	0.484691	74.5594
6.69668	-0.225147	0.471425	93.8012
6.24268	-0.208545	0.438227	103.205
5.24096	-0.170278	0.363062	121.542
12.1955	-0.456462	0.936591	2.59029
12.0374	-0.443639	0.931195	2.80147
11.6469	-0.413322	0.909266	3.11829
10.9171	-0.394154	0.864105	4.17397
9.72444	-0.404485	0.722605	16.2596
9.0801	-0.356973	0.668195	23.1043
8.24582	-0.310996	0.601744	30.9518
7.22198	-0.263479	0.52317	43.8187
6.94092	-0.22752	0.487606	98.6517
6.73673	-0.229384	0.474972	102.994
6.20666	-0.210039	0.435991	105.817
5.13021	-0.16959	0.35527	125.363
11.8224	-0.476264	0.909041	2.74368
11.7304	-0.449609	0.909023	2.89107
11.3375	-0.418641	0.887685	3.36101
10.5517	-0.394131	0.838587	5.23587
10.2903	-0.437912	0.767467	10.7942
9.51408	-0.372374	0.70117	14.8218
8.63733	-0.328529	0.631586	21.6595
7.61771	-0.283143	0.553775	38.2934
6.99076	-0.229911	0.491379	91.0313
6.76003	-0.231783	0.477046	93.9411
6.18406	-0.210957	0.434592	108.253
5.06072	-0.169273	0.350406	131.599
11.6035	-0.481403	0.894521	2.8636
11.591	-0.45487	0.899815	2.89032
11.2067	-0.434205	0.879949	3.87046
10.5743	-0.443466	0.787377	8.92785
10.399	-0.388091	0.828046	6.13737
9.69707	-0.379759	0.714451	13.4446
8.79685	-0.330886	0.64291	23.2705
7.78248	-0.286813	0.565548	43.0255
7.00747	-0.230918	0.492655	97.8764
6.7677	-0.232639	0.47773	101.888
6.17637	-0.211273	0.434118	99.9103
5.03703	-0.168751	0.348726	132.695
12.8722	-0.445659	0.993779	2.58927
12.8722	-0.445659	0.993779	2.58927
12.4111	-0.407437	0.967002	2.95129
11.8276	-0.368765	0.929929	3.48683
8.08517	-0.312547	0.588963	53.5523
8.08517	-0.312547	0.588963	53.5523
6.82264	-0.222248	0.47932	106.922
6.82264	-0.222248	0.47932	106.922
6.77547	-0.249908	0.486243	88.9302
6.50175	-0.205791	0.45571	111.152
5.77736	-0.181074	0.402704	119.783
5.56772	-0.186089	0.390122	106.182
12.7342	-0.450606	0.979488	2.50306
12.68	-0.444669	0.976876	2.5468
12.093	-0.399175	0.943168	3.00211
11.3991	-0.370794	0.89932	3.69732
8.73355	-0.347682	0.641461	38.219
8.53268	-0.330087	0.624424	39.6307
7.04262	-0.255879	0.506505	65.9257
7.03704	-0.231863	0.495602	99.6246
7.00796	-0.234515	0.494458	99.168
6.46841	-0.21257	0.455489	105.188
5.96764	-0.196277	0.420802	84.8504
5.39644	-0.179125	0.377098	119.319
12.5059	-0.458983	0.958823	2.5346
12.4254	-0.448759	0.955926	2.54225
11.74	-0.404708	0.91762	3.28209
10.9386	-0.375075	0.866186	4.20027
9.39412	-0.38405	0.69513	23.4745
9.02527	-0.353682	0.663494	25.8178
7.45285	-0.271533	0.538722	58.2473
7.20027	-0.23888	0.508011	91.2421
7.14624	-0.244301	0.506034	94.7732
6.37536	-0.213429	0.449557	110.876
6.3406	-0.219236	0.452848	83.2217
5.19885	-0.172566	0.362298	130.555
12.1948	-0.464483	0.932282	2.49648
12.1326	-0.461604	0.933401	2.73851
11.3877	-0.399397	0.891787	3.52528
10.4861	-0.385567	0.834335	5.71207
10.0313	-0.423996	0.747311	16.3109
9.51038	-0.376523	0.70159	18.5442
7.87225	-0.289607	0.571433	35.8254
7.31589	-0.244197	0.51683	90.5326
7.24035	-0.251416	0.514043	93.5246
6.76404	-0.242738	0.487559	60.0675
6.29887	-0.213518	0.444361	111.204
5.04342	-0.168721	0.350902	128.616
11.8589	-0.460627	0.912676	2.79933
11.8244	-0.486589	0.903921	2.80718
11.1028	-0.408414	0.872545	3.6944
10.6038	-0.457878	0.793439	8.53516
10.1193	-0.367842	0.807621	6.97505
9.90831	-0.401456	0.732436	14.4748
8.20666	-0.299325	0.596321	25.774
7.38511	-0.247028	0.522089	86.9697
7.29496	-0.255767	0.518735	93.5702
7.12641	-0.25594	0.51532	39.4666
6.25036	-0.213259	0.441013	103.638
4.94485	-0.167055	0.343765	119.741
11.7323	-0.465565	0.904103	2.58908
11.5627	-0.502065	0.886993	3.08653
10.9871	-0.417939	0.865469	4.30767
10.9339	-0.466295	0.816695	7.13371
10.0777	-0.403434	0.744449	9.98845
9.96835	-0.360653	0.797141	7.33643
8.34038	-0.306049	0.606076	25.9209
7.40817	-0.248015	0.523843	92.8841
7.31287	-0.257209	0.520278	97.5354
7.27799	-0.265362	0.526546	56.4433
6.23379	-0.213532	0.439893	102.826
4.91108	-0.166067	0.341302	122.646
12.5917	-0.453134	0.96589	2.46063
12.5917	-0.453134	0.96589	2.46063
11.7738	-0.402108	0.92074	3.27398
10.9502	-0.383441	0.868323	4.28403
9.11396	-0.361358	0.67112	24.2482
9.11396	-0.361358	0.67112	24.2482
7.31194	-0.246757	0.51773	91.3056
7.31194	-0.246757	0.51773	91.3056
6.93113	-0.256629	0.500494	100.319
6.66897	-0.212353	0.469375	85.7904
5.75791	-0.183417	0.403106	98.2133
5.48316	-0.193791	0.388598	98.9111
12.4125	-0.465285	0.948482	2.44797
12.3894	-0.465793	0.948844	2.40851
11.4306	-0.390259	0.895394	3.65267
10.4767	-0.379334	0.833978	5.54088
9.71213	-0.40078	0.719933	18.8576
9.52077	-0.383627	0.703052	21.8494
7.54311	-0.257184	0.535587	88.7563
7.53816	-0.26171	0.536535	92.1898
7.18405	-0.259749	0.517999	59.8345
6.60038	-0.218589	0.467131	89.1139
5.97662	-0.201075	0.424035	76.2097
5.31622	-0.182444	0.374795	83.71
12.1487	-0.470231	0.929082	2.62993
12.1455	-0.488458	0.925634	2.49506
11.0994	-0.392485	0.872135	3.842
10.2974	-0.442544	0.768366	13.46
10.0192	-0.366749	0.800388	7.66145
9.92308	-0.402682	0.734186	15.6605
7.70466	-0.264375	0.5481	83.3595
7.7011	-0.272845	0.55036	87.7948
7.5291	-0.267118	0.543538	48.5417
6.48453	-0.217736	0.459336	91.4079
6.34059	-0.220061	0.454357	75.2878
5.12282	-0.174451	0.359762	114.283
11.9195	-0.476881	0.911624	2.56271
11.799	-0.498188	0.896793	2.81184
10.8423	-0.482554	0.813785	7.40232
10.8411	-0.40861	0.855569	4.38444
10.2566	-0.418341	0.759479	9.92811
9.65419	-0.343637	0.773531	8.42517
7.80766	-0.275	0.563848	26.8842
7.80022	-0.268519	0.555506	81.669
7.79798	-0.279617	0.558685	86.0836
6.6664	-0.236645	0.479695	44.3271
6.40762	-0.216334	0.453848	99.6767
4.99559	-0.169432	0.350082	115.809
11.8128	-0.486371	0.904459	2.50907
11.4696	-0.510717	0.874526	3.2419
11.239	-0.486094	0.841637	5.29148
10.7393	-0.402889	0.848459	5.14162
10.3994	-0.418775	0.769535	8.9118
9.50585	-0.337445	0.763313	8.82465
7.91781	-0.278174	0.571623	25.9573
7.83187	-0.269468	0.557935	77.1966
7.83001	-0.282003	0.561461	90.7928
6.80416	-0.243966	0.489808	45.4363
6.3811	-0.2158	0.451937	113.448
4.95158	-0.168266	0.346788	122.624
12.2666	-0.483136	0.935433	2.42709
12.2666	-0.483136	0.935433	2.42709
11.1065	-0.383032	0.872372	4.02235
10.024	-0.419087	0.743964	18.7982
10.024	-0.419087	0.743964	18.7982
9.99687	-0.360222	0.798349	7.26166
7.84909	-0.275595	0.560961	87.1917
7.84909	-0.275595	0.560961	87.1917
7.02719	-0.258565	0.508093	93.3499
6.81571	-0.214008	0.481267	55.9131
5.75677	-0.185256	0.404856	90.185
5.47621	-0.19671	0.391952	107.689
12.0879	-0.491414	0.920103	2.48638
12.0597	-0.501884	0.916168	2.56426
10.8021	-0.391126	0.85196	4.53129
10.5181	-0.45568	0.784972	11.1088
10.3179	-0.434159	0.766114	11.7501
9.53907	-0.340161	0.764422	9.46301
8.08708	-0.291455	0.581268	90.4763
8.07054	-0.286219	0.57852	84.1026
7.23728	-0.25214	0.520354	41.8416
6.72551	-0.220278	0.477532	78.2117
5.97824	-0.199758	0.42556	74.2315
5.33517	-0.183972	0.378884	114.155
11.9187	-0.505817	0.907128	2.52874
11.7755	-0.516947	0.891133	2.97944
10.9816	-0.50448	0.825532	6.48889
10.5717	-0.395994	0.836872	5.59751
10.5559	-0.447596	0.783773	8.57752
9.17786	-0.32762	0.738749	12.455
8.23655	-0.302312	0.594315	86.4005
8.20221	-0.292139	0.588976	81.1997
7.46308	-0.255055	0.535887	27.3749
6.6214	-0.21913	0.470241	92.1923
6.26387	-0.213658	0.448097	60.8303
5.1875	-0.175289	0.366819	104.938
11.8417	-0.512026	0.901588	2.57846
11.4829	-0.516088	0.862552	4.41433
11.3353	-0.526226	0.859361	3.45347
10.6559	-0.45614	0.791186	7.24453
10.483	-0.387724	0.830532	5.93753
9.03225	-0.321754	0.728805	12.5928
8.28732	-0.306087	0.598796	87.287
8.24582	-0.294114	0.592444	81.8888
7.55274	-0.247984	0.541451	30.9837
6.58445	-0.217151	0.467461	92.958
6.38836	-0.218321	0.457096	34.3989
5.13467	-0.173698	0.362701	89.4684
11.9576	-0.517495	0.906686	2.65553
11.9576	-0.517495	0.906686	2.65553
10.6889	-0.473168	0.797408	9.04097
10.6889	-0.473168	0.797408	9.04097
10.528	-0.392577	0.833635	6.05824
9.08436	-0.325592	0.731319	18.3072
8.37516	-0.306283	0.604697	84.1787
8.37516	-0.306283	0.604697	84.1787
7.05744	-0.248635	0.507638	66.6095
6.92983	-0.218645	0.490818	54.881
5.76444	-0.184571	0.40686	97.4756
5.55582	-0.197583	0.39912	88.0999
11.8703	-0.531921	0.899594	2.68718
11.7803	-0.533842	0.88962	3.03593
11.0126	-0.516535	0.826535	6.79554
10.8018	-0.481065	0.804637	6.91626
10.3247	-0.38809	0.820022	7.11673
8.72732	-0.312786	0.706217	14.9788
8.5798	-0.321333	0.622853	82.5777
8.55179	-0.315589	0.619208	81.0158
7.19608	-0.239943	0.514274	31.3229
6.84391	-0.221025	0.486465	80.1052
5.94821	-0.197476	0.423318	66.5696
5.4611	-0.182008	0.388554	86.5148
11.8348	-0.536766	0.896876	2.60729
11.6606	-0.546718	0.878362	3.37512
11.1815	-0.550498	0.843563	5.08145
10.8425	-0.493813	0.807634	6.51847
10.2478	-0.387265	0.815051	7.2893
8.65237	-0.326684	0.629403	85.7414
8.61114	-0.318335	0.624088	79.645
8.5837	-0.310523	0.696824	15.7064
7.26922	-0.237168	0.518768	29.3675
6.79736	-0.219888	0.483065	70.586
6.06047	-0.200512	0.431416	56.5771
5.40315	-0.178908	0.383639	62.1286
11.8032	-0.554053	0.891662	2.82412
11.8032	-0.554053	0.891662	2.82412
10.9791	-0.514606	0.820784	7.07797
10.9791	-0.514606	0.820784	7.07797
10.1433	-0.374327	0.807379	8.1068
8.79973	-0.334528	0.641531	83.4604
8.79973	-0.334528	0.641531	83.4604
8.3728	-0.30156	0.681786	21.6354
7.0416	-0.231441	0.502196	71.1471
7.0021	-0.218975	0.496751	65.7603
5.7727	-0.186352	0.408583	72.2856
5.69451	-0.187352	0.406128	55.1422
11.8149	-0.56553	0.8931	2.72047
11.7686	-0.565849	0.888018	2.78067
11.0487	-0.531269	0.827575	7.56115
10.9557	-0.521307	0.817948	7.74577
10.0752	-0.372731	0.802981	8.65876
8.8915	-0.341784	0.650018	85.2775
8.87563	-0.339052	0.648044	83.2588
8.22963	-0.302171	0.672905	26.1499
7.08882	-0.227164	0.504118	70.7464
6.96322	-0.220188	0.494584	96.7642
5.8492	-0.187893	0.414775	47.0043
5.662	-0.180293	0.401677	68.1849
11.8048	-0.573081	0.891314	2.59085
11.8048	-0.573081	0.891314	2.59085
10.9937	-0.53092	0.82143	9.1422
10.9937	-0.53092	0.82143	9.1422
10.0105	-0.363199	0.798256	9.037
8.97534	-0.347284	0.65737	84.3917
8.97534	-0.347284	0.65737	84.3917
8.08611	-0.292625	0.663471	20.5624
7.02684	-0.219876	0.498833	95.3871
7.02684	-0.219876	0.498833	95.3871
5.77609	-0.182786	0.408964	90.2316
5.77609	-0.182786	0.408964	90.2316
12.9656	-0.436393	1.0056	2.65174
12.9656	-0.436393	1.0056	2.65174
12.9656	-0.436393	1.0056	2.65174
12.2281	-0.383356	0.960261	3.20676
7.2018	-0.266032	0.517913	120.353
7.2018	-0.266032	0.517913	120.353
7.2018	-0.266032	0.517913	120.353
6.556	-0.20764	0.458603	111.596
6.556	-0.20764	0.458603	111.596
6.556	-0.20764	0.458603	111.596
5.56423	-0.171898	0.385703	113.663
5.56423	-0.171898	0.385703	113.663
12.9194	-0.44697	0.998531	2.63295
12.7748	-0.428208	0.990017	2.68125
12.7748	-0.428208	0.990017	2.68125
11.8431	-0.370939	0.932429	3.58508
7.89275	-0.303609	0.573871	80.7746
7.44717	-0.282885	0.538376	75.3735
7.44717	-0.282885	0.538376	75.3735
6.75886	-0.215866	0.47365	95.5171
6.67166	-0.213812	0.467989	99.1338
6.67166	-0.213812	0.467989	99.1338
5.62809	-0.178751	0.39241	117.104
5.31279	-0.164933	0.367494	117.742
12.7773	-0.452996	0.983914	2.59258
12.52	-0.424638	0.969865	2.62878
12.52	-0.424638	0.969865	2.62878
11.401	-0.365964	0.90024	3.84875
8.60952	-0.343984	0.632091	42.5235
7.83042	-0.293159	0.568415	42.0242
7.83042	-0.293159	0.568415	42.0242
6.93161	-0.222778	0.486472	97.9555
6.7343	-0.221468	0.473984	102.541
6.7343	-0.221468	0.473984	102.541
5.88058	-0.192685	0.414634	90.2428
5.08143	-0.160611	0.350934	93.6389
12.5413	-0.4528	0.962011	2.50799
12.2179	-0.431022	0.946997	2.64964
12.2179	-0.431022	0.946997	2.64964
10.9247	-0.3846	0.86682	4.234
9.31982	-0.387216	0.690196	23.1025
8.28561	-0.312162	0.60427	35.6497
8.28561	-0.312162	0.60427	35.6497
7.07013	-0.228655	0.496773	85.4653
6.76309	-0.227522	0.477292	108.896
6.76309	-0.227522	0.477292	108.896
6.26581	-0.215926	0.447533	73.9858
4.88278	-0.157793	0.336816	126.833
12.2178	-0.463337	0.934737	2.52983
11.8999	-0.433998	0.923271	2.98587
11.8999	-0.433998	0.923271	2.98587
10.4544	-0.381167	0.832609	5.59207
9.996	-0.422982	0.745336	14.3957
8.73805	-0.335096	0.639684	22.308
8.73805	-0.335096	0.639684	22.308
7.17129	-0.232516	0.504269	89.8455
6.77627	-0.232185	0.479141	101.011
6.77627	-0.232185	0.479141	101.011
6.70406	-0.242519	0.483693	62.3518
4.72939	-0.155954	0.325971	141.197
11.8268	-0.492153	0.90509	2.78165
11.6296	-0.435835	0.90393	3.09323
11.6296	-0.435835	0.90393	3.09323
10.604	-0.458901	0.794542	8.09287
10.0701	-0.360412	0.804352	7.57348
9.09827	-0.345931	0.66658	22.6216
9.09827	-0.345931	0.66658	22.6216
7.23286	-0.23486	0.508833	89.5365
7.08279	-0.259369	0.512982	55.8092
6.78203	-0.234632	0.480074	96.4278
6.78203	-0.234632	0.480074	96.4278
4.63223	-0.154004	0.319068	140.803
11.5344	-0.500302	0.885855	3.19401
11.5154	-0.441994	0.896544	2.91095
11.5154	-0.441994	0.896544	2.91095
10.9696	-0.465689	0.819882	6.54967
9.91065	-0.354786	0.793406	7.38787
9.24386	-0.357291	0.677484	16.2729
9.24386	-0.357291	0.677484	16.2729
7.25354	-0.235052	0.510328	87.5953
7.24271	-0.26792	0.524742	62.8699
6.78365	-0.235568	0.480372	98.7781
6.78365	-0.235568	0.480372	98.7781
4.59893	-0.153516	0.316714	126.064
12.7797	-0.440979	0.986221	2.53742
12.7797	-0.440979	0.986221	2.53742
12.5691	-0.422884	0.974449	2.76065
11.4174	-0.369703	0.902762	3.9536
8.13707	-0.31818	0.593825	38.7701
8.13707	-0.31818	0.593825	38.7701
7.49742	-0.283254	0.543279	52.3944
6.94326	-0.223535	0.487991	94.898
6.94326	-0.223535	0.487991	94.898
6.82178	-0.216516	0.479163	101.219
5.39305	-0.168973	0.374728	129.202
5.18506	-0.165856	0.359873	101.752
12.6869	-0.451197	0.974879	2.50241
12.5796	-0.437282	0.969555	2.48584
12.3114	-0.422656	0.955209	2.75968
10.9396	-0.374054	0.868889	4.1305
8.84987	-0.353253	0.651125	41.287
8.45797	-0.327081	0.618689	53.1781
7.70922	-0.290829	0.559798	70.6007
7.16408	-0.231709	0.504342	92.5721
7.10735	-0.233947	0.501591	95.884
6.90371	-0.223426	0.486524	90.1117
5.49864	-0.179348	0.385555	132.49
4.94252	-0.15911	0.342479	142.483
12.4967	-0.45972	0.956229	2.43167
12.3344	-0.448427	0.950763	2.6133
12.0205	-0.423751	0.933643	2.99335
10.4335	-0.382334	0.832748	5.47311
9.5505	-0.394381	0.708267	28.4201
8.83425	-0.340507	0.64752	35.816
8.04541	-0.300103	0.585052	48.1553
7.33718	-0.238072	0.517171	85.117
7.22876	-0.244724	0.512356	88.968
6.91345	-0.22993	0.48892	103.138
5.80785	-0.199462	0.412678	88.7598
4.69164	-0.152825	0.324279	153.65
12.2111	-0.476474	0.931246	2.46312
12.0729	-0.447299	0.930524	2.80855
11.7293	-0.41371	0.911722	3.09838
10.2146	-0.439503	0.763371	14.955
9.94059	-0.359206	0.795559	8.38071
9.21327	-0.357938	0.676412	19.4594
8.40525	-0.311176	0.61195	31.8191
7.46207	-0.243089	0.526453	83.5486
7.30819	-0.253184	0.519756	98.3251
6.8989	-0.234406	0.489026	107.22
6.19961	-0.220655	0.445177	68.7984
4.49179	-0.148692	0.309888	138.936
11.8509	-0.450692	0.914396	2.74957
11.8343	-0.500534	0.900509	2.84195
11.496	-0.418332	0.895604	3.22421
10.8236	-0.484474	0.814713	7.05499
9.54188	-0.343214	0.766623	9.3635
9.51565	-0.368534	0.698741	14.0554
8.69156	-0.321662	0.632954	19.5493
7.5376	-0.245275	0.532016	80.1308
7.35257	-0.258028	0.523993	96.1556
6.88437	-0.236889	0.488621	103.887
6.55352	-0.236422	0.472673	64.655
4.3634	-0.146376	0.300686	152.748
11.758	-0.447193	0.90762	2.59165
11.4155	-0.504777	0.872128	3.35544
11.4025	-0.436138	0.890485	3.1048
11.3207	-0.489051	0.849061	5.79127
9.63695	-0.373293	0.707463	12.0875
9.37743	-0.331066	0.754853	10.9576
8.80446	-0.32095	0.640696	20.1455
7.56289	-0.246185	0.533887	86.2538
7.36683	-0.260147	0.525402	97.935
6.87876	-0.237467	0.488413	111.075
6.7057	-0.24598	0.48396	63.5327
4.3191	-0.144869	0.297469	156.718
12.5435	-0.4571	0.962513	2.36997
12.5435	-0.4571	0.962513	2.36997
12.0628	-0.419482	0.937277	3.1055
10.4317	-0.373801	0.832672	5.51191
9.11302	-0.36495	0.671431	35.6803
9.11302	-0.36495	0.671431	35.6803
7.69143	-0.292781	0.559322	104.872
7.40302	-0.244329	0.523611	90.8573
7.40302	-0.244329	0.523611	90.8573
7.06416	-0.224469	0.498149	88.863
5.26209	-0.166701	0.367076	124.614
4.89071	-0.166838	0.342452	146.323
12.4118	-0.475918	0.948307	2.44102
12.3612	-0.467454	0.947879	2.57436
11.7937	-0.410812	0.91746	3.24713
9.90146	-0.35253	0.792754	8.71296
9.75927	-0.407384	0.724316	27.4357
9.39387	-0.37513	0.692317	27.9102
7.84935	-0.290814	0.569853	51.3658
7.62779	-0.252266	0.540408	83.6775
7.61257	-0.2594	0.541432	86.1137
7.11061	-0.230852	0.503209	90.6678
5.40308	-0.179104	0.381195	125.447
4.67929	-0.159043	0.32705	149.23
12.1873	-0.487287	0.926864	2.44379
12.1658	-0.464815	0.932063	2.64323
11.5361	-0.407441	0.899057	3.22444
10.3674	-0.450128	0.775107	13.4403
9.66791	-0.388168	0.712404	18.7555
9.39066	-0.337696	0.754845	12.4744
8.10111	-0.296501	0.587242	30.2406
7.78647	-0.258483	0.552319	78.442
7.76965	-0.272468	0.555376	90.952
7.08025	-0.235237	0.502613	99.0139
5.73011	-0.201284	0.409319	77.3552
4.44763	-0.149574	0.309625	130.501
12.0029	-0.471543	0.920097	2.50623
11.8816	-0.509266	0.89996	2.88579
11.3394	-0.412803	0.885943	3.38559
10.9092	-0.506229	0.823067	6.77129
9.88332	-0.388588	0.72718	11.3422
8.98061	-0.317091	0.724759	13.1234
8.31527	-0.297951	0.601825	19.3443
7.8812	-0.261455	0.559385	79.1852
7.86483	-0.281197	0.564095	93.4792
7.04509	-0.238078	0.500902	101.967
6.05291	-0.215813	0.434614	64.8787
4.29102	-0.145651	0.298088	149.352
11.9364	-0.471061	0.9152	2.39442
11.619	-0.525818	0.874994	4.43575
11.2636	-0.432354	0.882236	3.42858
11.2515	-0.518348	0.855309	3.50391
9.96839	-0.395069	0.733304	10.1715
8.81209	-0.312178	0.713199	15.8611
8.39956	-0.298676	0.607489	20.2916
7.91272	-0.262991	0.561769	78.3788
7.8965	-0.283992	0.567027	88.3949
7.03139	-0.238359	0.500124	93.2048
6.19577	-0.220755	0.444963	57.8178
4.23619	-0.143393	0.294004	144.292
12.3002	-0.48122	0.938221	2.47996
12.3002	-0.48122	0.938221	2.47996
11.5563	-0.405185	0.900855	3.47134
9.94201	-0.411895	0.736979	18.3105
9.94201	-0.411895	0.736979	18.3105
9.35234	-0.340032	0.752084	12.5559
7.90671	-0.270424	0.563802	75.1989
7.90671	-0.270424	0.563802	75.1989
7.76001	-0.285989	0.562869	61.7415
7.2688	-0.231161	0.514348	69.4848
5.16862	-0.166165	0.362355	117.55
4.73021	-0.166946	0.335538	119.682
12.1835	-0.484271	0.928384	2.41197
12.1602	-0.502217	0.923444	2.38059
11.3368	-0.40446	0.885933	3.66108
10.4474	-0.452762	0.779576	11.5792
10.0917	-0.417335	0.746529	13.456
8.82729	-0.313278	0.712267	17.0362
8.13868	-0.287808	0.584117	84.3541
8.11304	-0.278008	0.579539	75.9281
7.85052	-0.281422	0.566942	36.9257
7.28125	-0.235136	0.516902	79.8786
5.33007	-0.179212	0.378022	78.3811
4.5782	-0.158263	0.323595	133.292
12.0918	-0.493671	0.921601	2.29637
11.9725	-0.529247	0.905863	2.78627
11.1752	-0.413786	0.87587	3.79321
10.8613	-0.503	0.816971	7.16218
10.1946	-0.422949	0.75263	9.52009
8.40701	-0.299466	0.681947	16.8835
8.29251	-0.300962	0.598118	88.3326
8.23519	-0.282847	0.588885	79.7184
7.99158	-0.272111	0.574729	22.6283
7.23329	-0.238289	0.514606	102.811
5.60988	-0.194043	0.400661	77.9616
4.41246	-0.150481	0.310535	119.384
12.0563	-0.506378	0.919696	2.29858
11.8577	-0.549236	0.895396	3.15204
11.1146	-0.434152	0.873305	4.13411
11.0526	-0.539694	0.836149	5.51405
10.2322	-0.430486	0.755044	8.94647
8.3464	-0.305395	0.603104	85.9475
8.27564	-0.284794	0.592005	72.2406
8.23409	-0.296957	0.67031	21.5169
8.05144	-0.279332	0.57887	20.2155
7.21144	-0.238389	0.513268	105.015
5.74267	-0.197429	0.41023	87.4894
4.35092	-0.147753	0.305773	136.302
12.1403	-0.518239	0.921697	2.32795
12.1403	-0.518239	0.921697	2.32795
11.1559	-0.4077	0.874439	4.02913
10.4616	-0.455627	0.777979	10.626
10.4616	-0.455627	0.777979	10.626
8.40429	-0.299627	0.604995	83.8246
8.40429	-0.299627	0.604995	83.8246
8.28984	-0.292304	0.672	19.5735
7.70879	-0.269144	0.554976	53.0154
7.4238	-0.232167	0.526463	71.3718
5.10761	-0.166252	0.359784	100.921
4.7461	-0.168133	0.340214	148.572
12.1303	-0.532418	0.921373	2.24968
12.0694	-0.547266	0.913762	2.49261
11.0257	-0.426799	0.86741	4.59826
10.734	-0.491125	0.802461	10.3899
10.4391	-0.458409	0.773508	10.3735
8.6139	-0.316573	0.624106	84.2808
8.56339	-0.306193	0.61752	80.7182
7.85764	-0.280084	0.641086	23.4537
7.74314	-0.263197	0.554661	44.3125
7.41053	-0.238395	0.527036	70.5624
5.2599	-0.173995	0.373498	70.8251
4.67231	-0.159213	0.33262	97.3724
12.1277	-0.537591	0.921397	2.26567
12.0317	-0.555063	0.909544	2.45337
10.9776	-0.423909	0.86419	4.98678
10.8398	-0.510096	0.812598	11.6686
10.4237	-0.455372	0.770835	10.1137
8.69196	-0.32354	0.631462	88.0024
8.61627	-0.308669	0.621709	79.0088
7.78231	-0.262458	0.556597	40.1465
7.67814	-0.273091	0.628876	26.6187
7.38283	-0.238184	0.525345	85.6821
5.38077	-0.180635	0.382578	96.591
4.61317	-0.155482	0.327511	102.848
12.1383	-0.558156	0.919627	2.24079
12.1383	-0.558156	0.919627	2.24079
10.9183	-0.422853	0.860492	5.45765
10.5998	-0.480436	0.78746	12.2584
10.5998	-0.480436	0.78746	12.2584
8.81298	-0.326741	0.64042	84.4254
8.81298	-0.326741	0.64042	84.4254
7.60501	-0.248791	0.542811	73.8468
7.52038	-0.233953	0.534132	79.4229
7.40969	-0.270692	0.6098	30.2001
5.07368	-0.165371	0.358547	70.9057
4.92344	-0.165048	0.351881	88.6195
12.1628	-0.557569	0.921472	2.13389
12.1375	-0.550124	0.917585	2.12662
10.8788	-0.417857	0.85774	5.53969
10.6567	-0.480058	0.791977	15.2314
10.5399	-0.474594	0.780651	21.3282
8.91077	-0.336066	0.649796	87.7155
8.88035	-0.330602	0.646	84.1891
7.61168	-0.241758	0.541823	73.8062
7.50736	-0.235285	0.533703	86.8066
7.21981	-0.265019	0.597519	41.1986
5.145	-0.168017	0.364429	74.8377
4.91432	-0.163047	0.349201	70.7028
12.173	-0.546447	0.920141	2.00104
12.173	-0.546447	0.920141	2.00104
10.8424	-0.411929	0.855152	5.66404
10.5789	-0.468539	0.783234	28.2093
10.5789	-0.468539	0.783234	28.2093
8.98588	-0.340738	0.656177	87.4611
8.98588	-0.340738	0.656177	87.4611
7.55317	-0.23488	0.536765	86.745
7.55317	-0.23488	0.536765	86.745
7.02239	-0.260232	0.585382	82.2756
5.06286	-0.167046	0.358321	59.0585
5.06286	-0.167046	0.358321	59.0585
12.6313	-0.441627	0.974702	2.57596
12.6313	-0.441627	0.974702	2.57596
12.6313	-0.441627	0.974702	2.57596
10.9429	-0.364337	0.869445	4.18102
8.24147	-0.322672	0.602518	70.5574
8.24147	-0.322672	0.602518	70.5574
8.24147	-0.322672	0.602518	70.5574
7.1036	-0.226958	0.499893	87.6685
7.1036	-0.226958	0.499893	87.6685
7.1036	-0.226958	0.499893	87.6685
5.0117	-0.156281	0.346983	122.516
5.0117	-0.156281	0.346983	122.516
12.5953	-0.452055	0.966973	2.46988
12.4372	-0.444484	0.959924	2.57309
12.4372	-0.444484	0.959924	2.57309
10.4202	-0.383169	0.833328	6.79276
8.97617	-0.360546	0.661291	32.8755
8.4165	-0.326175	0.615757	68.6776
8.4165	-0.326175	0.615757	68.6776
7.34152	-0.234465	0.517315	85.7458
7.25521	-0.233505	0.512023	89.1411
7.25521	-0.233505	0.512023	89.1411
5.05997	-0.162168	0.352886	150.417
4.6507	-0.146603	0.320911	144.353
12.4609	-0.467832	0.95232	2.40859
12.2147	-0.442464	0.942878	2.76717
12.2147	-0.442464	0.942878	2.76717
9.87377	-0.349607	0.791267	9.82882
9.67672	-0.400039	0.718219	34.2824
8.6572	-0.33309	0.63322	34.3185
8.6572	-0.33309	0.63322	34.3185
7.53107	-0.241722	0.531271	81.181
7.36487	-0.243613	0.521989	94.4779
7.36487	-0.243613	0.521989	94.4779
5.29653	-0.178765	0.374237	96.0076
4.33111	-0.138997	0.297927	144.212
12.2315	-0.481725	0.930542	2.44376
11.9929	-0.436765	0.926056	2.86065
11.9929	-0.436765	0.926056	2.86065
10.3222	-0.447888	0.772352	14.7264
9.34582	-0.337835	0.752163	11.6235
8.91872	-0.33889	0.651659	21.6961
8.91872	-0.33889	0.65166	21.6962
7.66886	-0.246084	0.541359	82.14
7.43007	-0.25287	0.528726	95.6003
7.43007	-0.25287	0.528726	95.6003
5.64415	-0.196066	0.403375	65.7069
4.07685	-0.133718	0.279699	147.123
11.9207	-0.518927	0.904029	2.73398
11.8186	-0.440361	0.913838	2.72081
11.8186	-0.440361	0.913838	2.72081
10.8871	-0.505785	0.822439	6.55914
9.12875	-0.343697	0.666206	15.6457
9.12875	-0.343697	0.666206	15.6457
8.91978	-0.315776	0.720717	13.6886
7.75248	-0.24833	0.547454	72.8059
7.46275	-0.25903	0.532457	95.3022
7.46275	-0.25903	0.532457	95.3022
5.98038	-0.21609	0.430005	67.67
3.91178	-0.130646	0.267893	179.664
11.7504	-0.43375	0.90864	2.64641
11.7504	-0.43375	0.90864	2.64641
11.6647	-0.522137	0.878747	4.47118
11.2285	-0.520649	0.85475	3.51619
9.21095	-0.346276	0.671846	14.7267
9.21095	-0.346276	0.671846	14.7267
8.74363	-0.305407	0.708222	11.4969
7.78052	-0.249651	0.549531	77.8581
7.47255	-0.261255	0.533647	103.629
7.47255	-0.261255	0.533647	103.629
6.12978	-0.222544	0.440917	80.4376
3.8544	-0.129461	0.263783	153.399
12.4685	-0.463336	0.957295	2.54248
12.4685	-0.463336	0.957295	2.54248
12.2634	-0.441055	0.947186	2.78085
9.85732	-0.360139	0.791359	8.3921
9.11368	-0.364813	0.671393	37.5263
9.11368	-0.364813	0.671393	37.5263
8.42956	-0.325782	0.616562	78.1761
7.53909	-0.24235	0.532795	80.3541
7.53909	-0.24235	0.532795	80.3541
7.4093	-0.235519	0.523323	78.7033
4.75808	-0.151242	0.330612	98.4959
4.46655	-0.145668	0.30952	178.639
12.4073	-0.473587	0.947285	2.45726
12.3219	-0.457952	0.945353	2.60664
12.075	-0.435507	0.933323	2.87288
9.76663	-0.405329	0.724487	29.2254
9.27541	-0.330975	0.746804	12.885
9.26001	-0.364564	0.680921	30.9488
8.51357	-0.327669	0.621646	49.4705
7.76031	-0.249713	0.549041	74.3789
7.72435	-0.254572	0.548466	78.2507
7.52406	-0.241491	0.53293	85.2532
4.83754	-0.158428	0.339523	103.371
4.15649	-0.136648	0.287415	174.505
12.2633	-0.489173	0.931673	2.3603
12.1787	-0.459638	0.934572	2.60492
11.8978	-0.428852	0.92038	2.90592
10.3455	-0.448563	0.773108	15.2635
9.4019	-0.364888	0.689426	21.3274
8.7168	-0.30969	0.704563	17.627
8.64764	-0.320443	0.62897	29.422
7.91923	-0.254996	0.560712	81.3897
7.87048	-0.268107	0.561827	84.644
7.58349	-0.250324	0.539322	91.4291
5.12034	-0.177128	0.364201	84.483
3.85981	-0.127936	0.265852	157.085
12.0715	-0.524833	0.914162	2.51095
12.0705	-0.461931	0.926789	2.4032
11.7666	-0.434232	0.911725	2.87245
10.8029	-0.500716	0.81422	8.15343
9.51092	-0.368081	0.695794	12.9047
8.7703	-0.318123	0.635998	14.3679
8.26621	-0.289991	0.671286	18.5477
8.01509	-0.257993	0.56774	70.8627
7.96178	-0.278726	0.570724	92.3835
7.60544	-0.257561	0.542582	92.9882
5.4305	-0.193752	0.388921	74.2531
3.65975	-0.123196	0.251375	161.611
12.0295	-0.455805	0.923444	2.34141
11.9573	-0.551801	0.904162	3.18439
11.7173	-0.430802	0.90818	2.72127
11.0063	-0.543171	0.834745	5.56775
9.5527	-0.372099	0.69834	12.0858
8.81973	-0.317266	0.638835	13.9067
8.07904	-0.283645	0.658277	25.4964
8.04713	-0.25895	0.570088	72.9236
7.99255	-0.28272	0.573829	101.67
7.61033	-0.259675	0.5435	104.764
5.57497	-0.199248	0.399444	59.3039
3.5892	-0.120818	0.246225	179.473
12.347	-0.478118	0.942194	2.44427
12.347	-0.478118	0.942194	2.44427
11.9296	-0.427851	0.923207	2.90695
9.81769	-0.402749	0.726247	20.3962
9.81769	-0.402749	0.726247	20.3962
8.66228	-0.307051	0.700084	20.5123
8.42964	-0.319229	0.613805	41.7049
7.99773	-0.263257	0.568697	78.2469
7.99773	-0.263257	0.568697	78.2469
7.66216	-0.241791	0.542827	82.1945
4.55796	-0.147267	0.318373	118.802
4.0756	-0.138015	0.285405	166.844
12.3047	-0.499395	0.934621	2.22377
12.2923	-0.483818	0.938128	2.35885
11.7979	-0.427306	0.914536	3.00462
10.2913	-0.442162	0.766109	13.4678
9.83396	-0.397716	0.724388	12.8873
8.42338	-0.309972	0.610491	33.2696
8.21112	-0.280512	0.587597	81.4606
8.19039	-0.269618	0.582995	78.1623
8.07576	-0.287473	0.65562	22.6147
7.73767	-0.246824	0.549607	77.1181
4.66945	-0.156772	0.329909	127.602
3.85601	-0.132633	0.269935	151.588
12.2544	-0.487453	0.935507	2.20911
12.231	-0.537146	0.926931	2.22386
11.704	-0.434662	0.908975	3.07134
10.6295	-0.482838	0.796305	12.6046
9.82929	-0.400423	0.72151	11.7251
8.46244	-0.30662	0.610749	26.4199
8.36361	-0.29557	0.601936	92.9103
8.30521	-0.273151	0.591511	68.8175
7.75619	-0.254279	0.552744	93.2971
7.60066	-0.273503	0.620781	28.2418
4.93564	-0.17266	0.351856	93.0314
3.64888	-0.124525	0.25442	169.571
12.2408	-0.490374	0.934727	2.11121
12.1916	-0.559128	0.92343	2.28178
11.6696	-0.439285	0.907106	2.95055
10.7581	-0.497694	0.808061	11.7772
9.82411	-0.402272	0.720026	12.6582
8.48455	-0.304165	0.611299	22.8066
8.41978	-0.301752	0.607435	96.8777
8.34338	-0.274899	0.594367	70.973
7.75651	-0.256847	0.553452	97.9925
7.40129	-0.266687	0.606878	22.5114
5.07345	-0.178203	0.36196	108.698
3.57157	-0.121974	0.248675	195.593
12.3462	-0.508595	0.938149	2.05713
12.3462	-0.508595	0.938149	2.05713
11.7076	-0.430835	0.909488	3.25993
10.1849	-0.434781	0.754106	12.9043
10.1849	-0.434781	0.754106	12.9043
8.45155	-0.289102	0.605838	78.0575
8.45155	-0.289102	0.605838	78.0575
8.27588	-0.295483	0.59714	37.9603
7.85099	-0.245713	0.557447	75.9842
7.4616	-0.264805	0.608602	32.5528
4.41435	-0.143512	0.310029	106
3.93994	-0.139595	0.280908	159.911
12.3764	-0.517261	0.941059	1.94625
12.3614	-0.541558	0.937404	1.93445
11.6436	-0.441807	0.906503	3.3001
10.4188	-0.454394	0.774052	16.6467
10.0723	-0.426108	0.741477	16.8694
8.65631	-0.308051	0.624899	84.3298
8.59429	-0.29389	0.616668	74.4979
8.22693	-0.282656	0.590461	45.561
7.88768	-0.250602	0.561302	85.0902
6.95769	-0.248021	0.571386	41.1788
4.53883	-0.152613	0.321755	125.039
3.84916	-0.133137	0.273524	159.234
12.3874	-0.528003	0.942629	1.88814
12.3625	-0.543676	0.936134	1.88183
11.6204	-0.449508	0.905676	3.10166
10.5018	-0.458178	0.781079	16.3986
10.0209	-0.415486	0.735239	27.9438
8.73821	-0.316855	0.632919	87.1018
8.6416	-0.295976	0.620284	75.5444
8.22627	-0.275312	0.588818	73.6544
7.8859	-0.25373	0.561954	90.2576
6.74159	-0.242509	0.556554	55.6587
4.66528	-0.15924	0.331323	80.3771
3.78206	-0.128545	0.267963	145.389
12.4446	-0.536706	0.9437	1.75627
12.4446	-0.536706	0.9437	1.75627
11.5995	-0.454163	0.905111	3.42939
10.2261	-0.431333	0.753641	29.7067
10.2261	-0.431333	0.753641	29.7067
8.83352	-0.315768	0.638896	84.129
8.83352	-0.315768	0.638896	84.129
8.08896	-0.263602	0.577925	80.3646
7.96759	-0.247155	0.566459	84.8535
6.41632	-0.237652	0.532366	56.3235
4.32821	-0.142038	0.305318	112.109
4.10035	-0.142079	0.294075	122.277
12.4731	-0.534157	0.945809	1.71029
12.4664	-0.529308	0.943527	1.72411
11.5833	-0.463156	0.904878	3.44693
10.279	-0.434146	0.7579	35.5591
10.1402	-0.415001	0.743881	49.2379
8.93502	-0.326576	0.648891	90.9464
8.89277	-0.318443	0.643597	80.5065
8.06294	-0.254193	0.574408	81.7045
7.97513	-0.24929	0.567546	83.6579
6.17405	-0.231114	0.51645	55.2236
4.39477	-0.145235	0.310911	95.5443
4.10962	-0.139308	0.29268	117.45
12.5012	-0.521887	0.945848	1.6904
12.5012	-0.521887	0.945848	1.6904
11.5695	-0.463899	0.904287	3.53664
10.1802	-0.415687	0.74681	49.5419
10.1802	-0.415687	0.74681	49.5419
9.00163	-0.3302	0.654356	90.9699
9.00163	-0.3302	0.654356	90.9699
8.00701	-0.247687	0.569518	84.55
8.00701	-0.247687	0.569518	84.55
5.90997	-0.221382	0.500134	65.6796
4.29953	-0.14365	0.303929	78.1529
4.29953	-0.14365	0.303929	78.1529
12.3748	-0.463286	0.950396	2.68136
12.3748	-0.463286	0.950396	2.68136
12.3748	-0.463286	0.950396	2.68136
9.24345	-0.321475	0.744182	15.576
9.11867	-0.367021	0.671197	35.2167
9.11867	-0.367021	0.671197	35.2167
9.11867	-0.367021	0.671197	35.2167
7.69886	-0.243884	0.544397	73.7988
7.69886	-0.243884	0.544397	73.7988
7.69886	-0.243884	0.544397	73.7988
4.26613	-0.136831	0.295087	161.84
4.26613	-0.136831	0.295087	161.84
12.4019	-0.478224	0.947029	2.45778
12.2746	-0.460209	0.943013	2.64315
12.2746	-0.460209	0.943013	2.64315
9.7335	-0.398856	0.720431	29.729
9.13023	-0.359777	0.669901	32.5833
9.13023	-0.359777	0.669901	32.5833
8.61438	-0.301605	0.696434	16.3285
7.92849	-0.250989	0.561134	73.1762
7.85689	-0.250639	0.557082	78.949
7.85689	-0.250639	0.557082	78.949
4.30518	-0.140579	0.300548	172.299
3.81399	-0.123402	0.262432	167.123
12.3599	-0.493972	0.939043	2.20347
12.1834	-0.461695	0.936776	2.53766
12.1834	-0.461695	0.936776	2.53766
10.2441	-0.44022	0.763272	20.5223
9.14759	-0.34944	0.667966	22.4648
9.14759	-0.34944	0.667966	22.4648
8.09487	-0.256532	0.573277	69.903
8.01222	-0.28497	0.650817	29.39
7.98818	-0.262668	0.569012	82.4776
7.98818	-0.262668	0.569012	82.4776
4.53268	-0.153258	0.320778	114.382
3.43884	-0.112425	0.235311	188.449
12.2853	-0.52347	0.930694	2.11167
12.1188	-0.453392	0.931851	2.37944
12.1188	-0.453392	0.931851	2.37944
10.6036	-0.480752	0.795144	10.6003
9.16461	-0.349849	0.666754	17.2939
9.16461	-0.349849	0.666754	17.2939
8.19564	-0.259493	0.580605	69.1949
8.07359	-0.274075	0.577703	90.0443
8.07359	-0.274075	0.577703	90.0443
7.52362	-0.265552	0.614434	27.2218
4.82195	-0.171067	0.344259	101.815
3.1855	-0.106137	0.217021	206.328
12.2452	-0.564635	0.928362	2.2814
12.0953	-0.450053	0.930064	2.40214
12.0953	-0.450053	0.930064	2.40214
10.7392	-0.492208	0.807272	13.211
9.17188	-0.34868	0.666173	14.8063
9.17188	-0.34868	0.666173	14.8063
8.22939	-0.260117	0.583043	69.8988
8.10297	-0.278495	0.580887	95.1067
8.10297	-0.278495	0.580887	95.1067
7.31809	-0.258622	0.599974	39.0224
4.96584	-0.178025	0.354854	111.56
3.09519	-0.103918	0.210492	210.946
12.3976	-0.482771	0.947176	2.40351
12.3976	-0.482771	0.947176	2.40351
12.2249	-0.460399	0.940366	2.54578
9.66484	-0.39223	0.712676	20.6732
9.66484	-0.39223	0.712676	20.6732
9.01523	-0.349504	0.659007	30.9013
8.11528	-0.258262	0.575914	74.7707
8.11528	-0.258262	0.575914	74.7707
7.99075	-0.250344	0.566608	76.1327
7.94175	-0.280893	0.644898	30.6975
3.94378	-0.127228	0.274124	136.474
3.59022	-0.120193	0.248544	142.525
12.4569	-0.499588	0.947049	2.0477
12.3949	-0.49017	0.947832	2.25308
12.1805	-0.457138	0.937777	2.48511
10.0864	-0.421945	0.747402	14.3327
9.57407	-0.38715	0.702527	19.0846
8.92467	-0.336501	0.648943	24.719
8.30039	-0.26406	0.589437	72.1396
8.2974	-0.271423	0.591754	81.5292
8.1058	-0.257107	0.576242	69.6671
7.29828	-0.259107	0.59531	36.1527
4.01188	-0.135032	0.282291	104.51
3.2455	-0.108284	0.224032	152.85
12.4743	-0.518607	0.945528	1.81107
12.3936	-0.484147	0.947685	2.04641
12.1495	-0.454648	0.935978	2.45354
10.3617	-0.445777	0.770872	17.0161
9.48842	-0.371482	0.692007	22.7206
8.86652	-0.325834	0.641224	34.638
8.4406	-0.286763	0.605421	84.5819
8.41183	-0.266986	0.597544	68.7179
8.18382	-0.266864	0.584098	87.5201
6.77098	-0.241176	0.555713	35.9623
4.26074	-0.147745	0.30293	165.201
2.96326	-0.100015	0.203549	222.848
12.4759	-0.541112	0.945567	1.72805
12.3932	-0.477421	0.947343	2.0048
12.1383	-0.452135	0.935229	2.51718
10.4584	-0.455183	0.779329	14.451
9.45091	-0.364635	0.687278	26.597
8.84642	-0.319107	0.638002	42.0258
8.49774	-0.294534	0.61127	91.0578
8.44905	-0.268147	0.600265	71.3283
8.2115	-0.272762	0.587349	95.9453
6.54495	-0.237095	0.539914	38.447
4.40207	-0.156023	0.313492	138.586
2.85875	-0.0975879	0.195981	227.586
12.5373	-0.504007	0.953902	1.87236
12.5373	-0.504007	0.953902	1.87236
12.1734	-0.462025	0.938802	2.55687
9.90122	-0.41073	0.729161	23.0821
9.90122	-0.41073	0.729161	23.0821
8.74978	-0.32018	0.632977	54.0212
8.51555	-0.278291	0.607871	74.1137
8.51555	-0.278291	0.607871	74.1137
8.20682	-0.254408	0.583113	78.964
6.61271	-0.23812	0.54203	42.6553
3.69904	-0.121351	0.258888	207.354
3.19387	-0.111501	0.225031	229.979
12.6181	-0.505685	0.956328	1.59428
12.5898	-0.505127	0.958312	1.72834
12.1665	-0.46925	0.939613	2.54712
10.1075	-0.423832	0.746087	19.3115
9.7307	-0.379911	0.710615	50.6222
8.70278	-0.296497	0.625352	86.0426
8.64553	-0.282041	0.617461	74.6098
8.63636	-0.295941	0.620674	71.7605
8.27674	-0.260418	0.589374	90.0453
6.04022	-0.21973	0.498614	44.8539
3.79824	-0.1284	0.268702	154.32
3.03061	-0.104964	0.213636	194.622
12.6441	-0.506528	0.956991	1.50983
12.6079	-0.499197	0.959436	1.63722
12.1638	-0.468732	0.939669	2.55248
10.1781	-0.42319	0.751626	18.7411
9.65296	-0.366286	0.701888	67.5862
8.78592	-0.306729	0.633722	90.0859
8.68872	-0.283085	0.620639	73.2112
8.59622	-0.283684	0.615535	83.0861
8.30255	-0.265999	0.592439	93.8516
5.78642	-0.211592	0.480578	80.7742
3.93019	-0.134598	0.278689	119.759
2.93884	-0.100886	0.206697	216.173
12.7073	-0.494994	0.962888	1.48531
12.7073	-0.494994	0.962888	1.48531
12.1744	-0.482275	0.941967	2.54854
9.88104	-0.385833	0.722307	59.8088
9.88104	-0.385833	0.722307	59.8088
8.85963	-0.302023	0.637292	82.0547
8.85963	-0.302023	0.637292	82.0547
8.48993	-0.275884	0.607164	85.7919
8.33951	-0.257486	0.593327	89.0213
5.40813	-0.201315	0.450788	68.3217
3.54558	-0.119202	0.249739	140.109
3.24248	-0.113849	0.233061	237.158
12.7465	-0.487914	0.964118	1.44399
12.7375	-0.492847	0.965199	1.4447
12.1765	-0.485305	0.942657	2.53724
9.93204	-0.390444	0.726432	49.7041
9.77527	-0.367635	0.710763	77.4803
8.9613	-0.314222	0.647507	87.9857
8.9118	-0.30421	0.641285	80.2566
8.43828	-0.264638	0.601543	87.7289
8.36305	-0.260553	0.595671	90.005
5.10846	-0.192793	0.430273	197.426
3.60857	-0.121595	0.255066	113.698
3.25605	-0.111976	0.23256	179.44
12.7808	-0.484825	0.966721	1.4277
12.7808	-0.484825	0.966721	1.4277
12.1803	-0.494251	0.943856	2.50061
9.81623	-0.368233	0.713745	78.8116
9.81623	-0.368233	0.713745	78.8116
9.02018	-0.316962	0.652169	90.1559
9.02018	-0.316962	0.652169	90.1559
8.38425	-0.258353	0.596769	87.0749
8.38425	-0.258353	0.596769	87.0749
4.76176	-0.183924	0.408869	241.909
3.49322	-0.118118	0.246654	109.061
3.49322	-0.118118	0.246654	109.061
12.4442	-0.491076	0.952168	2.29796
12.4442	-0.491076	0.952168	2.29796
12.4442	-0.491076	0.952168	2.29796
9.49788	-0.375236	0.696915	17.4846
9.49788	-0.375236	0.696915	17.4846
9.49788	-0.375236	0.696915	17.4846
8.25051	-0.257916	0.585461	73.9102
8.25051	-0.257916	0.585461	73.9102
8.25051	-0.257916	0.585461	73.9102
7.21294	-0.255038	0.588076	33.7525
3.35504	-0.110526	0.231851	128.771
3.35504	-0.110526	0.231851	128.771
12.5923	-0.501334	0.958439	1.86193
12.4809	-0.494748	0.956025	2.06599
12.4809	-0.494748	0.956025	2.06599
9.85984	-0.408234	0.726743	18.1865
9.33259	-0.364443	0.681014	31.2447
9.33259	-0.364443	0.681014	31.2447
8.43831	-0.263046	0.599066	66.2839
8.3912	-0.264704	0.596932	73.7589
8.3912	-0.264704	0.596932	73.7589
6.51493	-0.234114	0.533638	43.9829
3.39639	-0.113352	0.237672	214.092
2.83828	-0.0935874	0.194494	183.616
12.6765	-0.494157	0.960536	1.58344
12.5042	-0.480599	0.95745	2.01057
12.5042	-0.480599	0.95745	2.01057
10.0851	-0.420256	0.745029	15.1321
9.19368	-0.335611	0.665726	64.3857
9.19368	-0.335611	0.665726	64.3857
8.55189	-0.267039	0.607344	66.1589
8.5147	-0.276982	0.608481	83.1136
8.5147	-0.276982	0.608481	83.1136
5.93465	-0.215636	0.489324	45.2448
3.61695	-0.126175	0.25648	217.276
2.46611	-0.0838166	0.167588	209.377
12.7037	-0.489623	0.960888	1.4307
12.5122	-0.477764	0.958069	2.01125
12.5122	-0.477764	0.958069	2.01125
10.1617	-0.411093	0.750491	15.8084
9.13253	-0.32193	0.658585	76.8195
9.13253	-0.32193	0.658585	76.8195
8.5899	-0.268091	0.610093	73.8145
8.57061	-0.285481	0.614356	90.9665
8.57061	-0.285481	0.614356	90.9665
5.67891	-0.205964	0.470766	67.2123
3.76089	-0.132444	0.267157	133.896
2.32691	-0.0780501	0.157344	278.25
12.6967	-0.499292	0.967075	1.67426
12.6967	-0.499292	0.967075	1.67426
12.5449	-0.489542	0.961648	1.96632
9.63301	-0.374932	0.704315	34.1383
9.63301	-0.374932	0.704315	34.1383
9.12409	-0.332771	0.661128	74.5555
8.59533	-0.270113	0.611751	73.222
8.59533	-0.270113	0.611751	73.222
8.48755	-0.262314	0.603427	77.932
5.76127	-0.210971	0.473942	67.7656
2.9844	-0.099061	0.207822	231.544
2.60484	-0.0882391	0.180465	316.084
12.8265	-0.469232	0.971277	1.43584
12.762	-0.481876	0.971457	1.54166
12.5841	-0.490574	0.965414	1.96958
9.81678	-0.386414	0.718996	36.9427
9.43452	-0.34416	0.683987	77.5763
8.96238	-0.306656	0.644871	81.4418
8.7497	-0.283877	0.625819	85.187
8.71809	-0.273295	0.620656	74.5056
8.57927	-0.268926	0.611307	78.0626
5.12068	-0.191025	0.424156	64.2618
3.06139	-0.104889	0.216117	181.934
2.28982	-0.0789194	0.158461	242.153
12.8699	-0.441163	0.971412	1.3414
12.7842	-0.474145	0.97283	1.51893
12.5972	-0.492286	0.966788	1.96803
9.87861	-0.389363	0.72395	41.5692
9.33939	-0.326673	0.673622	83.6307
8.88815	-0.291373	0.636698	86.7046
8.82979	-0.295	0.634005	90.2342
8.75907	-0.274504	0.623643	73.6543
8.6297	-0.276347	0.616549	90.2645
4.82551	-0.178152	0.402342	82.0615
3.20108	-0.11134	0.22673	195.061
2.14385	-0.0736172	0.14785	351.67
12.9185	-0.44676	0.977397	1.33958
12.9185	-0.44676	0.977397	1.33958
12.6322	-0.49855	0.970393	1.91073
9.5819	-0.351042	0.695336	71.7839
9.5819	-0.351042	0.695336	71.7836
8.89012	-0.288548	0.636217	81.1093
8.89012	-0.288548	0.636217	81.1093
8.805	-0.285156	0.630196	89.3449
8.6326	-0.26568	0.614512	87.7638
4.40101	-0.166114	0.367338	129.376
2.73852	-0.0925226	0.192388	265.625
2.38319	-0.0837725	0.170665	289.226
12.9709	-0.424073	0.97865	1.29731
12.9495	-0.431299	0.978938	1.30636
12.6483	-0.498454	0.971904	1.86573
9.6315	-0.353731	0.699186	69.7816
9.46449	-0.330066	0.682753	85.5961
8.98633	-0.300988	0.645945	91.6992
8.93683	-0.289926	0.63967	82.449
8.73409	-0.273056	0.622952	88.8353
8.66811	-0.269425	0.617834	88.6467
4.03862	-0.152449	0.340962	182.935
2.8006	-0.0971265	0.197872	160.758
2.36743	-0.0821232	0.169208	280.424
13.0049	-0.419524	0.981148	1.27309
13.0049	-0.419524	0.981148	1.27309
12.6653	-0.501763	0.973694	1.83186
9.50637	-0.331402	0.68582	87.1601
9.50637	-0.331402	0.68582	87.1601
9.03868	-0.303057	0.649952	91.989
9.03868	-0.303057	0.649952	91.989
8.68142	-0.266898	0.618257	88.9196
8.68142	-0.266898	0.618257	88.9196
3.58881	-0.140942	0.31192	316.624
2.65162	-0.0907421	0.187065	209.967
2.65162	-0.0907421	0.187065	209.967
12.8152	-0.474861	0.975575	1.50323
12.8152	-0.474861	0.975575	1.50323
12.8152	-0.474861	0.975575	1.50323
9.39436	-0.342996	0.681736	61.3419
9.39436	-0.342996	0.681736	61.3419
9.39436	-0.342996	0.681736	61.3419
8.69021	-0.267257	0.618048	80.4955
8.69021	-0.267257	0.618048	80.4955
8.69021	-0.267257	0.618048	80.4955
4.93922	-0.183855	0.407557	76.5534
2.31283	-0.07792	0.159703	243.555
2.31283	-0.07792	0.159703	243.555
12.9795	-0.430461	0.981484	1.31617
12.8881	-0.460785	0.980878	1.46263
12.8881	-0.460785	0.980878	1.46263
9.55764	-0.352613	0.69443	67.0083
9.19888	-0.314914	0.662535	87.0211
9.19888	-0.314914	0.662535	87.0211
8.81269	-0.270196	0.626884	67.2344
8.79573	-0.274875	0.627017	76.2146
8.79573	-0.274875	0.627017	76.2146
4.22469	-0.160512	0.350654	110.955
2.37796	-0.0821275	0.167284	261.734
1.77618	-0.0602579	0.120898	404.823
13.0346	-0.3909	0.981822	1.30795
12.9126	-0.458012	0.982802	1.45106
12.9126	-0.458012	0.982802	1.45106
9.61225	-0.354069	0.698603	79.1665
9.09895	-0.297646	0.652025	88.8369
9.09895	-0.297646	0.652025	88.8369
8.86505	-0.284209	0.633982	91.2595
8.86505	-0.284209	0.633982	91.2595
8.85365	-0.271562	0.62986	70.9359
3.87692	-0.145182	0.324313	122.999
2.52482	-0.0883282	0.178563	284.291
1.55344	-0.0526703	0.104599	348.02
13.0728	-0.39222	0.986783	1.2802
13.0728	-0.39222	0.986783	1.2802
12.9649	-0.451446	0.986873	1.41663
9.34212	-0.320359	0.673291	87.5793
9.34212	-0.320359	0.673291	87.5793
9.0318	-0.292618	0.646864	90.9728
8.92588	-0.278789	0.636487	91.7096
8.92588	-0.278789	0.636487	91.7096
8.84403	-0.272	0.629822	90.7916
3.41688	-0.13	0.284683	263.403
1.92923	-0.0657409	0.134922	405.854
1.60813	-0.0559977	0.11286	512.5
13.1348	-0.362312	0.988298	1.27399
13.1042	-0.381023	0.988673	1.28109
12.9907	-0.448286	0.988885	1.39514
9.39008	-0.322219	0.6769	90.3411
9.22634	-0.301724	0.661306	89.5342
9.00693	-0.289072	0.644524	93.5799
8.96932	-0.280017	0.639642	91.8153
8.9475	-0.27958	0.638427	90.9213
8.88786	-0.276318	0.633847	91.6854
2.98145	-0.114548	0.25143	327.937
1.99657	-0.0695973	0.140937	416.251
1.47944	-0.0516231	0.104314	474.969
13.1684	-0.344423	0.989924	1.26452
13.1684	-0.344423	0.989924	1.26452
13.0168	-0.445659	0.990984	1.38673
9.26896	-0.302974	0.664404	90.5187
9.26896	-0.302974	0.664404	90.5187
9.05434	-0.290633	0.648045	93.2628
9.05434	-0.290633	0.648045	93.2628
8.89574	-0.273412	0.633779	92.0103
8.89574	-0.273412	0.633779	92.0103
2.39999	-0.0952111	0.210532	749.197
1.78302	-0.0617365	0.12571	394.416
1.78302	-0.0617365	0.12571	394.416
13.1667	-0.359967	0.992588	1.27534
13.1667	-0.359967	0.992588	1.27534
13.1667	-0.359967	0.992588	1.27534
9.16861	-0.297395	0.656947	91.6594
9.16861	-0.297395	0.656947	91.6594
9.16861	-0.297395	0.656947	91.6594
8.97173	-0.27588	0.639072	96.6542
8.97173	-0.27588	0.639072	96.6542
8.97173	-0.27588	0.639072	96.6542
2.50802	-0.0965261	0.208633	442.385
1.1797	-0.0404782	0.0814261	515.353
1.1797	-0.0404782	0.0814261	515.353
13.2344	-0.318707	0.993798	1.30946
13.1983	-0.350507	0.994626	1.27719
13.1983	-0.350507	0.994626	1.27719
9.21433	-0.298881	0.660313	93.6063
9.0764	-0.283857	0.647794	95.5556
9.0764	-0.283857	0.647794	95.5556
9.02046	-0.280736	0.643531	96.6421
9.02046	-0.280736	0.643531	96.6421
9.01444	-0.277113	0.642161	96.4747
1.96577	-0.0759287	0.165452	644.913
1.26772	-0.0443463	0.0894165	671.194
0.77728	-0.0266112	0.0521981	835.413
13.2678	-0.308215	0.995924	1.33679
13.2678	-0.308215	0.995924	1.33679
13.2299	-0.336105	0.996351	1.28438
9.11951	-0.285148	0.650918	96.6656
9.11951	-0.285148	0.650918	96.6656
9.06479	-0.282059	0.64676	96.8921
9.06479	-0.282059	0.64676	96.8921
9.02517	-0.277728	0.643175	97.8986
9.02517	-0.277728	0.643175	97.8986
1.20204	-0.0481109	0.106071	1623.05
0.896127	-0.0314699	0.0631692	1057.38
0.896127	-0.0314699	0.0631692	1057.38
13.3012	-0.302298	0.998358	1.37637
13.3012	-0.302298	0.998358	1.37637
13.3012	-0.302298	0.998358	1.37637
9.06845	-0.278986	0.646306	98.1686
9.06845	-0.278986	0.646306	98.1686
9.06845	-0.278986	0.646306	98.1686
9.06845	-0.278986	0.646306	98.1686
9.06845	-0.278986	0.646306	98.1686
9.06845	-0.278986	0.646306	98.1686
0	0	0	0
0	0	0	0
0	0	0	0
