1980 Out of 49152 QH, Third, Fourth Freq in rad/ps and Lifetimes in ps for a 16x16x16 Ar Lattice at 10K. (atoms/UC=4)
13.3026	-0.422123	1.08133	2.21223
13.3026	-0.422123	1.08133	2.21223
13.3026	-0.422123	1.08133	2.21223
13.3026	-0.422123	1.08133	2.21223
6.01832	-0.196381	0.43293	32.5254
6.01832	-0.196381	0.43293	32.5254
6.01832	-0.196381	0.43293	32.5254
6.01832	-0.196381	0.43293	32.5254
6.01832	-0.196381	0.43293	32.5254
6.01832	-0.196381	0.43293	32.5254
6.01832	-0.196381	0.43293	32.5254
6.01832	-0.196381	0.43293	32.5254
13.2572	-0.420778	1.07744	2.22244
13.2572	-0.420778	1.07744	2.22244
13.2572	-0.420778	1.07744	2.22244
13.2572	-0.420778	1.07744	2.22244
6.12245	-0.203956	0.441971	31.6549
6.12245	-0.203956	0.441971	31.6549
6.12245	-0.203956	0.441971	31.6549
6.12245	-0.203956	0.441971	31.6549
6.01807	-0.19709	0.432949	32.6314
6.01807	-0.19709	0.432949	32.6314
6.01807	-0.19709	0.432949	32.6314
6.01807	-0.19709	0.432949	32.6314
13.1222	-0.417276	1.06591	2.26054
13.1222	-0.417276	1.06591	2.26054
13.1222	-0.417276	1.06591	2.26054
13.1222	-0.417276	1.06591	2.26054
6.41937	-0.224689	0.467657	28.5778
6.41937	-0.224689	0.467657	28.5778
6.41937	-0.224689	0.467657	28.5778
6.41937	-0.224689	0.467657	28.5778
6.01738	-0.199015	0.433	32.8194
6.01738	-0.199015	0.433	32.8194
6.01738	-0.199015	0.433	32.8194
6.01738	-0.199015	0.433	32.8194
12.902	-0.413114	1.04715	2.32032
12.902	-0.413114	1.04715	2.32032
12.902	-0.413114	1.04715	2.32032
12.902	-0.413114	1.04715	2.32032
6.869	-0.254183	0.50632	23.0228
6.869	-0.254183	0.50632	23.0228
6.869	-0.254183	0.50632	23.0228
6.869	-0.254183	0.50632	23.0228
6.01634	-0.201834	0.433078	33.2866
6.01634	-0.201834	0.433078	33.2866
6.01634	-0.201834	0.433078	33.2866
6.01634	-0.201834	0.433078	33.2866
12.6048	-0.41096	1.02198	2.37799
12.6048	-0.41096	1.02198	2.37799
12.6048	-0.41096	1.02198	2.37799
12.6048	-0.41096	1.02198	2.37799
7.41959	-0.286231	0.553302	18.1462
7.41959	-0.286231	0.553302	18.1462
7.41959	-0.286231	0.553302	18.1462
7.41959	-0.286231	0.553302	18.1462
6.01511	-0.204891	0.433171	33.9089
6.01511	-0.204891	0.433171	33.9089
6.01511	-0.204891	0.433171	33.9089
6.01511	-0.204891	0.433171	33.9089
12.2457	-0.413404	0.991935	2.43393
12.2457	-0.413404	0.991935	2.43393
12.2457	-0.413404	0.991935	2.43393
12.2457	-0.413404	0.991935	2.43393
8.01619	-0.319615	0.603655	14.6077
8.01619	-0.319615	0.603655	14.6077
8.01619	-0.319615	0.603655	14.6077
8.01619	-0.319615	0.603655	14.6077
6.01388	-0.207735	0.433263	34.6808
6.01388	-0.207735	0.433263	34.6808
6.01388	-0.207735	0.433263	34.6808
6.01388	-0.207735	0.433263	34.6808
11.8551	-0.422819	0.960064	2.52245
11.8551	-0.422819	0.960064	2.52245
11.8551	-0.422819	0.960064	2.52245
11.8551	-0.422819	0.960064	2.52245
8.59752	-0.349699	0.65174	11.6572
8.59752	-0.349699	0.65174	11.6572
8.59752	-0.349699	0.65174	11.6572
8.59752	-0.349699	0.65174	11.6572
6.01284	-0.210063	0.433341	35.2099
6.01284	-0.210063	0.433341	35.2099
6.01284	-0.210063	0.433341	35.2099
6.01284	-0.210063	0.433341	35.2099
11.5031	-0.43191	0.932834	2.74634
11.5031	-0.43191	0.932834	2.74634
11.5031	-0.43191	0.932834	2.74634
11.5031	-0.43191	0.932834	2.74634
9.07208	-0.37113	0.689355	10.0128
9.07208	-0.37113	0.689355	10.0128
9.07208	-0.37113	0.689355	10.0128
9.07208	-0.37113	0.689355	10.0128
6.01214	-0.211599	0.433394	35.7439
6.01214	-0.211599	0.433394	35.7439
6.01214	-0.211599	0.433394	35.7439
6.01214	-0.211599	0.433394	35.7439
11.3439	-0.431569	0.921423	2.89365
11.3439	-0.431569	0.921423	2.89365
11.3439	-0.431569	0.921423	2.89365
11.3439	-0.431569	0.921423	2.89365
9.2734	-0.379205	0.704338	9.66866
9.2734	-0.379205	0.704338	9.66866
9.2734	-0.379205	0.704338	9.66866
9.2734	-0.379205	0.704338	9.66866
6.0119	-0.212085	0.433412	35.9255
6.0119	-0.212085	0.433412	35.9255
6.0119	-0.212085	0.433412	35.9255
6.0119	-0.212085	0.433412	35.9255
13.2574	-0.42339	1.07618	2.19666
13.2574	-0.42339	1.07618	2.19666
13.1669	-0.41588	1.07098	2.28203
13.1669	-0.41588	1.07098	2.28203
6.30711	-0.217254	0.457828	29.8335
6.30711	-0.217254	0.457828	29.8335
6.11016	-0.201344	0.44011	32.1177
6.11016	-0.201344	0.44011	32.1177
6.03486	-0.197925	0.434505	32.5648
6.03486	-0.197925	0.434505	32.5648
6.03008	-0.201027	0.434874	32.4569
6.03008	-0.201027	0.434874	32.4569
13.1673	-0.423415	1.06726	2.19857
13.1673	-0.423415	1.06726	2.19857
12.9893	-0.409721	1.05704	2.35865
12.9893	-0.409721	1.05704	2.35865
6.67794	-0.241954	0.489508	25.9608
6.67794	-0.241954	0.489508	25.9608
6.2307	-0.213866	0.452167	30.4891
6.2307	-0.213866	0.452167	30.4891
6.18772	-0.206307	0.446237	31.6833
6.18772	-0.206307	0.446237	31.6833
5.96076	-0.198224	0.429219	33.3211
5.96076	-0.198224	0.429219	33.3211
12.9895	-0.42228	1.05096	2.2203
12.9895	-0.42228	1.05096	2.2203
12.7305	-0.404126	1.03611	2.44377
12.7305	-0.404126	1.03611	2.44377
7.18975	-0.273826	0.533002	20.52
7.18975	-0.273826	0.533002	20.52
6.59517	-0.238394	0.48386	25.5908
6.59517	-0.238394	0.48386	25.5908
6.24894	-0.211366	0.451129	31.5029
6.24894	-0.211366	0.451129	31.5029
5.89703	-0.198488	0.424464	34.2167
5.89703	-0.198488	0.424464	34.2167
12.7303	-0.421999	1.02798	2.25757
12.7303	-0.421999	1.02798	2.25757
12.4008	-0.4011	1.00915	2.52728
12.4008	-0.4011	1.00915	2.52728
7.78485	-0.30715	0.583321	16.0185
7.78485	-0.30715	0.583321	16.0185
7.07926	-0.267024	0.525479	20.5286
7.07926	-0.267024	0.525479	20.5286
6.29949	-0.216137	0.4552	31.4759
6.29949	-0.216137	0.4552	31.4759
5.84129	-0.199672	0.420389	35.4002
5.84129	-0.199672	0.420389	35.4002
12.4019	-0.425073	0.999604	2.30251
12.4019	-0.425073	0.999604	2.30251
12.0177	-0.403538	0.977935	2.60741
12.0177	-0.403538	0.977935	2.60741
8.4116	-0.341344	0.635922	12.6808
8.4116	-0.341344	0.635922	12.6808
7.62589	-0.297971	0.57181	16.8896
7.62589	-0.297971	0.57181	16.8896
6.33974	-0.22021	0.458467	31.6556
6.33974	-0.22021	0.458467	31.6556
5.79525	-0.2012	0.417077	36.7148
5.79525	-0.2012	0.417077	36.7148
12.0302	-0.433655	0.968528	2.37969
12.0302	-0.433655	0.968528	2.37969
11.6152	-0.412906	0.945777	2.74567
11.6152	-0.412906	0.945777	2.74567
9.01538	-0.372093	0.685803	9.93781
9.01538	-0.372093	0.685803	9.93781
8.16829	-0.326432	0.616699	13.8232
8.16829	-0.326432	0.616699	13.8232
6.36913	-0.223344	0.460866	31.7958
6.36913	-0.223344	0.460866	31.7958
5.76078	-0.202604	0.414626	37.7557
5.76078	-0.202604	0.414626	37.7557
11.68	-0.442615	0.940904	2.54338
11.68	-0.442615	0.940904	2.54338
11.2666	-0.419786	0.91922	3.02586
11.2666	-0.419786	0.91922	3.02586
9.51221	-0.393783	0.725275	8.26957
9.51221	-0.393783	0.725275	8.26957
8.60988	-0.346926	0.651642	12.1006
8.60988	-0.346926	0.651642	12.1006
6.38704	-0.225321	0.462334	32.0295
6.38704	-0.225321	0.462334	32.0295
5.73942	-0.203635	0.41312	38.5453
5.73942	-0.203635	0.41312	38.5453
11.5138	-0.443403	0.928897	2.6573
11.5138	-0.443403	0.928897	2.6573
11.1151	-0.419492	0.908405	3.21155
11.1151	-0.419492	0.908405	3.21155
9.72836	-0.401622	0.741333	7.87713
9.72836	-0.401622	0.741333	7.87713
8.79388	-0.354845	0.665373	11.7584
8.79388	-0.354845	0.665373	11.7584
6.39306	-0.225944	0.462828	32.1101
6.39306	-0.225944	0.462828	32.1101
5.73218	-0.203985	0.412612	38.8832
5.73218	-0.203985	0.412612	38.8832
13.123	-0.427285	1.06103	2.16164
13.123	-0.427285	1.06103	2.16164
12.773	-0.401917	1.04093	2.47455
12.773	-0.401917	1.04093	2.47455
7.0656	-0.26699	0.52237	22.2992
7.0656	-0.26699	0.52237	22.2992
6.3739	-0.215183	0.46085	30.3956
6.3739	-0.215183	0.46085	30.3956
6.08162	-0.201622	0.43897	32.5896
6.08162	-0.201622	0.43897	32.5896
6.06387	-0.213108	0.440355	31.8804
6.06387	-0.213108	0.440355	31.8804
12.9902	-0.429601	1.04744	2.15462
12.9902	-0.429601	1.04744	2.15462
12.4809	-0.396203	1.01819	2.58965
12.4809	-0.396203	1.01819	2.58965
7.58462	-0.297495	0.566002	17.8244
7.58462	-0.297495	0.566002	17.8244
6.52443	-0.223775	0.472808	29.3137
6.52443	-0.223775	0.472808	29.3137
6.35183	-0.225707	0.464174	28.3552
6.35183	-0.225707	0.464174	28.3552
5.93382	-0.203924	0.429016	33.8352
5.93382	-0.203924	0.429016	33.8352
12.7733	-0.431818	1.027	2.17123
12.7733	-0.431818	1.027	2.17123
12.1248	-0.394057	0.989927	2.70709
12.1248	-0.394057	0.989927	2.70709
8.18391	-0.329477	0.616162	14.0608
8.18391	-0.329477	0.616162	14.0608
6.76101	-0.250025	0.499637	23.482
6.76101	-0.250025	0.499637	23.482
6.64077	-0.231247	0.482125	28.5963
6.64077	-0.231247	0.482125	28.5963
5.81393	-0.201785	0.419842	35.5464
5.81393	-0.201785	0.419842	35.5464
12.4817	-0.436275	1.00078	2.20909
12.4817	-0.436275	1.00078	2.20909
11.7248	-0.397335	0.95804	2.84828
11.7248	-0.397335	0.95804	2.84828
8.81072	-0.362701	0.668418	11.0685
8.81072	-0.362701	0.668418	11.0685
7.24635	-0.277157	0.540903	19.6857
7.24635	-0.277157	0.540903	19.6857
6.72916	-0.237202	0.489228	28.2116
6.72916	-0.237202	0.489228	28.2116
5.7152	-0.20097	0.412402	37.3667
5.7152	-0.20097	0.412402	37.3667
12.1364	-0.444881	0.97103	2.28532
12.1364	-0.444881	0.97103	2.28532
11.3173	-0.403059	0.926064	3.08566
11.3173	-0.403059	0.926064	3.08566
9.41417	-0.393211	0.718196	8.53979
9.41417	-0.393211	0.718196	8.53979
7.7389	-0.302729	0.581647	16.4099
7.7389	-0.302729	0.581647	16.4099
6.79195	-0.241538	0.494284	28.0077
6.79195	-0.241538	0.494284	28.0077
5.64129	-0.200864	0.406887	39.0201
5.64129	-0.200864	0.406887	39.0201
11.794	-0.452945	0.943378	2.41312
11.794	-0.452945	0.943378	2.41312
10.9765	-0.407182	0.900429	3.41507
10.9765	-0.407182	0.900429	3.41507
9.91845	-0.41493	0.758413	6.87892
9.91845	-0.41493	0.758413	6.87892
8.14042	-0.321606	0.613355	14.5113
8.14042	-0.321606	0.613355	14.5113
6.82965	-0.244179	0.497323	27.9656
6.82965	-0.244179	0.497323	27.9656
5.59544	-0.201002	0.40349	40.0632
5.59544	-0.201002	0.40349	40.0632
11.6218	-0.456287	0.930757	2.48093
11.6218	-0.456287	0.930757	2.48093
10.8332	-0.406255	0.890228	3.6424
10.8332	-0.406255	0.890228	3.6424
10.1458	-0.42233	0.775305	6.42829
10.1458	-0.42233	0.775305	6.42829
8.30565	-0.328842	0.625707	14.0721
8.30565	-0.328842	0.625707	14.0721
6.84224	-0.245027	0.498338	27.9844
6.84224	-0.245027	0.498338	27.9844
5.5799	-0.201103	0.402342	40.4259
5.5799	-0.201103	0.402342	40.4259
12.9036	-0.434947	1.03668	2.11957
12.9036	-0.434947	1.03668	2.11957
12.1618	-0.391029	0.994104	2.74807
12.1618	-0.391029	0.994104	2.74807
8.06972	-0.324368	0.606357	14.899
8.06972	-0.324368	0.606357	14.899
6.77817	-0.236506	0.493001	27.3504
6.77817	-0.236506	0.493001	27.3504
6.15065	-0.2061	0.445592	31.9874
6.15065	-0.2061	0.445592	31.9874
6.11579	-0.227678	0.448363	30.399
6.11579	-0.227678	0.448363	30.399
12.7323	-0.439852	1.01909	2.11365
12.7323	-0.439852	1.01909	2.11365
11.7867	-0.390363	0.965031	2.92995
11.7867	-0.390363	0.965031	2.92995
8.62692	-0.352967	0.652529	12.148
8.62692	-0.352967	0.652529	12.148
6.9821	-0.247823	0.509423	25.915
6.9821	-0.247823	0.509423	25.915
6.46808	-0.235018	0.475932	27.0686
6.46808	-0.235018	0.475932	27.0686
5.94156	-0.211283	0.43227	33.8629
5.94156	-0.211283	0.43227	33.8629
12.4829	-0.446173	0.995503	2.1371
12.4829	-0.446173	0.995503	2.1371
11.3771	-0.392054	0.933022	3.20377
11.3771	-0.392054	0.933022	3.20377
9.21578	-0.383701	0.701259	9.64675
9.21578	-0.383701	0.701259	9.64675
7.13486	-0.256789	0.521824	24.9595
7.13486	-0.256789	0.521824	24.9595
6.88719	-0.257891	0.511728	23.0728
6.88719	-0.257891	0.511728	23.0728
5.78382	-0.206523	0.419963	36.5031
5.78382	-0.206523	0.419963	36.5031
12.1717	-0.456227	0.967691	2.21587
12.1717	-0.456227	0.967691	2.21587
10.9713	-0.393568	0.901678	3.53153
10.9713	-0.393568	0.901678	3.53153
9.78983	-0.413238	0.748528	7.38353
9.78983	-0.413238	0.748528	7.38353
7.324	-0.279707	0.547806	19.3252
7.324	-0.279707	0.547806	19.3252
7.241	-0.263157	0.530473	24.3802
7.241	-0.263157	0.530473	24.3802
5.66495	-0.203823	0.410807	38.6283
5.66495	-0.203823	0.410807	38.6283
11.8451	-0.464184	0.940467	2.33001
11.8451	-0.464184	0.940467	2.33001
10.6421	-0.394454	0.877195	3.98625
10.6421	-0.394454	0.877195	3.98625
10.2819	-0.434922	0.787993	5.78553
10.2819	-0.434922	0.787993	5.78553
7.68173	-0.295779	0.575958	17.0708
7.68173	-0.295779	0.575958	17.0708
7.3037	-0.266933	0.535592	24.0991
7.3037	-0.266933	0.535592	24.0991
5.59089	-0.202454	0.405142	40.0329
5.59089	-0.202454	0.405142	40.0329
11.6681	-0.470436	0.927245	2.38075
11.6681	-0.470436	0.927245	2.38075
10.5152	-0.441797	0.805395	5.27484
10.5152	-0.441797	0.805395	5.27484
10.5073	-0.392167	0.867646	4.21505
10.5073	-0.392167	0.867646	4.21505
7.82775	-0.301825	0.586865	16.435
7.82775	-0.301825	0.586865	16.435
7.32447	-0.268168	0.537287	24.0278
7.32447	-0.268168	0.537287	24.0278
5.56572	-0.202027	0.403222	40.4403
5.56572	-0.202027	0.403222	40.4403
12.6083	-0.446819	1.00456	2.08335
12.6083	-0.446819	1.00456	2.08335
11.4007	-0.388727	0.93574	3.25652
11.4007	-0.388727	0.93574	3.25652
9.1145	-0.377944	0.692461	10.2673
9.1145	-0.377944	0.692461	10.2673
7.27994	-0.263609	0.533588	23.7664
7.27994	-0.263609	0.533588	23.7664
6.23063	-0.210217	0.453319	30.6702
6.23063	-0.210217	0.453319	30.6702
6.18115	-0.238441	0.457361	31.2748
6.18115	-0.238441	0.457361	31.2748
12.406	-0.45609	0.984021	2.08366
12.406	-0.45609	0.984021	2.08366
10.9895	-0.386098	0.904156	3.63909
10.9895	-0.386098	0.904156	3.63909
9.63006	-0.405498	0.734734	8.30272
9.63006	-0.405498	0.734734	8.30272
7.51304	-0.276764	0.55274	22.2386
7.51304	-0.276764	0.55274	22.2386
6.5616	-0.240318	0.485243	26.9454
6.5616	-0.240318	0.485243	26.9454
5.98529	-0.21686	0.438316	34.4825
5.98529	-0.21686	0.438316	34.4825
12.137	-0.468107	0.958832	2.16859
12.137	-0.468107	0.958832	2.16859
10.5916	-0.38542	0.873897	4.15203
10.5916	-0.38542	0.873897	4.15203
10.1419	-0.433137	0.77675	6.37633
10.1419	-0.433137	0.77675	6.37633
7.67694	-0.28629	0.566326	21.2696
7.67694	-0.28629	0.566326	21.2696
6.94145	-0.258167	0.516623	22.7333
6.94145	-0.258167	0.516623	22.7333
5.81908	-0.210125	0.42508	36.8896
5.81908	-0.210125	0.42508	36.8896
11.8362	-0.477369	0.932758	2.29271
11.8362	-0.477368	0.932758	2.29271
10.5965	-0.454377	0.813483	4.91161
10.5965	-0.454377	0.813483	4.91161
10.2771	-0.381027	0.850785	4.76997
10.2771	-0.381027	0.850785	4.76997
7.77366	-0.291951	0.57438	20.7576
7.77366	-0.291951	0.57438	20.7576
7.25513	-0.270974	0.541173	19.6419
7.25513	-0.270974	0.541173	19.6419
5.71467	-0.206453	0.416857	38.1548
5.71467	-0.206453	0.416857	38.1548
11.6573	-0.485136	0.91897	2.3666
11.6573	-0.485136	0.91897	2.3666
10.8281	-0.460575	0.830914	4.38147
10.8281	-0.460575	0.830914	4.38147
10.151	-0.378436	0.841928	5.01025
10.151	-0.378436	0.841928	5.01025
7.80559	-0.293818	0.577045	20.6069
7.80559	-0.293818	0.577045	20.6069
7.38259	-0.275575	0.550647	18.706
7.38259	-0.275575	0.550647	18.706
5.67904	-0.205276	0.414062	38.592
5.67904	-0.205276	0.414062	38.592
12.2543	-0.469536	0.96686	2.07775
12.2543	-0.469536	0.96686	2.07775
10.5845	-0.3824	0.873586	4.20991
10.5845	-0.3824	0.873586	4.20991
10.0527	-0.42936	0.768935	6.87295
10.0527	-0.42936	0.768935	6.87295
7.82935	-0.294721	0.579055	20.1922
7.82935	-0.294721	0.579055	20.1922
6.30912	-0.212997	0.460957	29.1207
6.30912	-0.212997	0.460957	29.1207
6.25567	-0.242593	0.465497	33.0086
6.25567	-0.242593	0.465497	33.0086
12.0361	-0.481649	0.945041	2.16956
12.0361	-0.481649	0.945041	2.16956
10.4729	-0.454061	0.803153	5.42087
10.4729	-0.454061	0.803153	5.42087
10.2003	-0.376506	0.844815	5.02704
10.2003	-0.376506	0.844815	5.02704
8.06276	-0.308615	0.59876	18.8182
8.06276	-0.308615	0.59876	18.8182
6.61178	-0.238945	0.489688	26.0919
6.61178	-0.238945	0.489688	26.0919
6.06751	-0.218664	0.446413	33.8132
6.06751	-0.218664	0.446413	33.8132
11.775	-0.491215	0.92121	2.31496
11.775	-0.491215	0.92121	2.31496
10.86	-0.474104	0.834633	4.21077
10.86	-0.474104	0.834633	4.21077
9.90271	-0.368992	0.823269	5.76566
9.90271	-0.368992	0.823269	5.76566
8.20419	-0.317208	0.610818	18.0462
8.20419	-0.317208	0.610818	18.0462
6.88467	-0.248542	0.510942	22.2295
6.88467	-0.248542	0.510942	22.2295
5.93302	-0.211561	0.435472	35.0183
5.93302	-0.211561	0.435472	35.0183
11.6	-0.49848	0.907132	2.41765
11.6	-0.49848	0.907132	2.41765
11.0779	-0.479458	0.851314	3.69495
11.0779	-0.479458	0.851314	3.69495
9.78538	-0.366148	0.815127	6.0848
9.78538	-0.366148	0.815127	6.0848
8.25138	-0.320091	0.614863	17.8013
8.25138	-0.320091	0.614863	17.8013
6.99546	-0.251781	0.519099	20.8058
6.99546	-0.251781	0.519099	20.8058
5.88688	-0.209261	0.431751	35.3214
5.88688	-0.209261	0.431751	35.3214
11.8764	-0.493923	0.927279	2.24309
11.8764	-0.493923	0.927279	2.24309
10.7854	-0.475666	0.8282	4.49175
10.7854	-0.475666	0.8282	4.49175
9.83396	-0.366586	0.817817	6.07029
9.83396	-0.366586	0.817817	6.07029
8.3653	-0.327394	0.624752	17.0522
8.3653	-0.327394	0.624752	17.0522
6.37452	-0.214492	0.467367	28.1704
6.37452	-0.214492	0.467367	28.1704
6.33415	-0.236428	0.470988	30.2062
6.33415	-0.236428	0.470988	30.2062
11.6737	-0.503411	0.907331	2.39019
11.6737	-0.503411	0.907331	2.39019
11.0747	-0.494049	0.851677	3.64058
11.0747	-0.494049	0.851677	3.64058
9.55409	-0.359561	0.797911	6.96524
9.55409	-0.359561	0.797911	6.96524
8.55802	-0.339941	0.641611	16.0092
8.55802	-0.339941	0.641611	16.0092
6.59555	-0.23045	0.487305	24.8802
6.59555	-0.23045	0.487305	24.8802
6.19069	-0.216407	0.456086	31.1369
6.19069	-0.216407	0.456086	31.1369
11.5165	-0.511268	0.893866	2.52252
11.5165	-0.511268	0.893866	2.52252
11.2598	-0.498601	0.866172	3.18169
11.2598	-0.498601	0.866172	3.18169
9.445	-0.35689	0.790476	7.35147
9.445	-0.35689	0.790476	7.35147
8.62414	-0.344351	0.647454	15.6642
8.62414	-0.344351	0.647454	15.6642
6.6929	-0.232613	0.494394	23.1053
6.6929	-0.232613	0.494394	23.1053
6.13492	-0.212708	0.451464	31.7627
6.13492	-0.212708	0.451464	31.7627
11.5486	-0.513538	0.893092	2.51083
11.5486	-0.513538	0.893092	2.51083
11.2489	-0.510959	0.865513	3.16339
11.2489	-0.510959	0.865513	3.16339
9.28951	-0.353591	0.779397	8.14758
9.28951	-0.353591	0.779397	8.14758
8.79515	-0.356413	0.662813	14.717
8.79515	-0.356413	0.662813	14.717
6.41766	-0.215198	0.471617	27.9658
6.41766	-0.215198	0.471617	27.9658
6.40297	-0.223163	0.47302	27.41
6.40297	-0.223163	0.47302	27.41
11.4394	-0.520613	0.882731	2.66321
11.4394	-0.520613	0.882731	2.66321
11.3703	-0.515924	0.8752	2.84442
11.3703	-0.515924	0.8752	2.84442
9.18694	-0.351606	0.77254	8.71925
9.18694	-0.351606	0.77254	8.71925
8.87939	-0.362553	0.670484	14.2671
8.87939	-0.362553	0.670484	14.2671
6.49939	-0.220227	0.478566	26.1463
6.49939	-0.220227	0.478566	26.1463
6.34664	-0.214844	0.467123	29.1803
6.34664	-0.214844	0.467123	29.1803
11.4073	-0.523577	0.878233	2.72334
11.4073	-0.523577	0.878233	2.72334
11.4073	-0.523577	0.878233	2.72334
11.4073	-0.523577	0.878233	2.72334
9.08701	-0.349666	0.765919	9.43856
9.08701	-0.349666	0.765919	9.43856
8.97164	-0.369541	0.678995	13.7695
8.97164	-0.369541	0.678995	13.7695
6.43271	-0.21554	0.473104	28.246
6.43271	-0.21554	0.473104	28.246
6.43271	-0.21554	0.473104	28.246
6.43271	-0.21554	0.473104	28.246
13.2133	-0.421971	1.07242	2.20987
13.2133	-0.421971	1.07242	2.20987
13.2133	-0.421971	1.07242	2.20987
13.03	-0.407773	1.06179	2.37703
6.35261	-0.222266	0.462121	29.3869
6.35261	-0.222266	0.462121	29.3869
6.35261	-0.222266	0.462121	29.3869
6.16263	-0.20357	0.444291	31.652
6.16263	-0.20357	0.444291	31.652
6.16263	-0.20357	0.444291	31.652
5.90379	-0.193323	0.424535	33.6615
5.90379	-0.193323	0.424535	33.6615
13.1676	-0.426007	1.06604	2.17206
13.0825	-0.418454	1.06125	2.24731
13.0825	-0.418454	1.06125	2.24731
12.807	-0.400243	1.04512	2.49927
6.83331	-0.253036	0.502792	24.5479
6.5817	-0.237794	0.48189	26.8628
6.5817	-0.237794	0.48189	26.8628
6.2826	-0.209762	0.453535	30.8734
6.21345	-0.207993	0.448664	31.4968
6.21345	-0.207993	0.448664	31.4968
5.98682	-0.200412	0.432362	33.0489
5.77437	-0.190114	0.414765	34.9111
13.0305	-0.428236	1.05203	2.1663
12.8693	-0.41458	1.04312	2.29658
12.8693	-0.41458	1.04312	2.29658
12.5056	-0.394437	1.02158	2.62803
7.42352	-0.2889	0.5526	18.9043
6.99449	-0.262564	0.516995	22.1503
6.99449	-0.262564	0.516995	22.1503
6.39086	-0.215922	0.461916	30.3189
6.26007	-0.219946	0.4566	29.0432
6.22591	-0.212121	0.450058	31.6327
6.22591	-0.212121	0.450058	31.6327
5.65191	-0.188428	0.405594	36.2133
12.806	-0.430421	1.03089	2.18458
12.5822	-0.412976	1.01885	2.35065
12.5822	-0.412976	1.01885	2.35065
12.1374	-0.391677	0.992271	2.7438
8.075	-0.325006	0.607416	14.4842
7.51385	-0.290911	0.560956	17.8235
7.51385	-0.290911	0.560956	17.8235
6.67818	-0.245823	0.493022	23.6326
6.48403	-0.22163	0.469156	29.9359
6.2289	-0.215845	0.450625	32.0252
6.2289	-0.215845	0.450625	32.0252
5.54186	-0.187944	0.397417	38.145
12.503	-0.434583	1.00364	2.22534
12.2369	-0.415805	0.989995	2.4104
12.2369	-0.415805	0.989995	2.4104
11.7224	-0.394879	0.959076	2.85965
8.74341	-0.361267	0.66342	11.219
8.08031	-0.321308	0.608456	14.484
8.08031	-0.321308	0.608456	14.484
7.18074	-0.275199	0.536001	19.8117
6.55938	-0.226348	0.475027	29.729
6.22928	-0.21914	0.450942	32.5961
6.22928	-0.21914	0.450942	32.5961
5.44951	-0.188083	0.390606	40.2281
12.1413	-0.442878	0.972456	2.29168
11.8639	-0.424209	0.959637	2.52332
11.8639	-0.424209	0.959637	2.52332
11.297	-0.403838	0.925576	3.09148
9.38304	-0.394013	0.716428	8.56077
8.632	-0.349015	0.653839	11.6429
8.632	-0.349015	0.653839	11.6429
7.69492	-0.303112	0.578765	16.5052
6.61474	-0.229919	0.479348	29.6251
6.22888	-0.221706	0.451141	33.1084
6.22888	-0.221706	0.451141	33.1084
5.37964	-0.18851	0.385483	41.9802
11.7764	-0.454052	0.942999	2.42885
11.5324	-0.430435	0.934006	2.70569
11.5324	-0.430435	0.934006	2.70569
10.9374	-0.406781	0.898474	3.5014
9.92115	-0.417189	0.759475	6.87364
9.07874	-0.368818	0.689135	9.92501
9.07874	-0.368818	0.689135	9.92501
8.11817	-0.323647	0.61231	14.7072
6.64858	-0.232116	0.481993	29.6676
6.22843	-0.223391	0.451256	33.501
6.22843	-0.223391	0.451256	33.501
5.33605	-0.188958	0.382302	43.1913
11.5875	-0.455471	0.929299	2.53236
11.3851	-0.432511	0.923381	2.81973
11.3851	-0.432511	0.923381	2.81973
10.7843	-0.404716	0.887613	3.74261
10.1689	-0.425323	0.77778	6.47419
9.26574	-0.375987	0.703091	9.48
9.26574	-0.375987	0.703091	9.48
8.29422	-0.331729	0.625462	14.474
6.65996	-0.23281	0.482883	29.6643
6.22824	-0.223953	0.451294	33.706
6.22824	-0.223953	0.451294	33.706
5.32124	-0.189134	0.381222	43.7052
13.0832	-0.425974	1.05765	2.17176
13.0832	-0.425974	1.05765	2.17176
12.916	-0.412725	1.04825	2.31286
12.5414	-0.391922	1.02588	2.66589
7.09347	-0.270404	0.525057	22.1301
7.09347	-0.270404	0.525057	22.1301
6.57646	-0.243937	0.482978	26.8251
6.42828	-0.216678	0.465118	29.859
6.42828	-0.216678	0.465118	29.859
6.32815	-0.211238	0.45777	30.4805
5.82399	-0.192297	0.41938	34.9857
5.71345	-0.191859	0.411389	35.5022
12.9908	-0.431841	1.0463	2.13535
12.9172	-0.424728	1.04243	2.18991
12.6739	-0.407513	1.02878	2.39067
12.2012	-0.386418	0.999997	2.83352
7.71503	-0.306762	0.577099	17.0955
7.492	-0.292608	0.558541	18.5542
6.83417	-0.256818	0.504639	23.7998
6.60264	-0.224886	0.478592	28.621
6.5509	-0.225149	0.475236	29.0476
6.33617	-0.216944	0.459531	30.5557
5.96723	-0.205051	0.433055	32.6299
5.5561	-0.187576	0.399455	37.3489
12.8071	-0.436985	1.02753	2.13405
12.6764	-0.424918	1.02109	2.21742
12.367	-0.4055	1.00382	2.468
11.7999	-0.385246	0.968658	3.00276
8.38869	-0.343129	0.633405	13.0909
7.99556	-0.317651	0.600497	15.3214
7.26309	-0.277528	0.540594	20.0621
6.74574	-0.232051	0.489687	27.773
6.63699	-0.233009	0.482577	28.5864
6.30478	-0.22706	0.463006	27.3372
6.28897	-0.219987	0.456577	31.3464
5.38609	-0.184055	0.386552	39.7332
12.5375	-0.442817	1.00208	2.16619
12.374	-0.429161	0.995024	2.26507
12.0132	-0.408951	0.975166	2.57195
11.359	-0.389819	0.933909	3.21313
9.07137	-0.379866	0.690432	10.037
8.54542	-0.345316	0.646031	12.421
7.75711	-0.302396	0.581774	16.7108
6.85884	-0.237809	0.498465	27.1802
6.74884	-0.253427	0.501342	23.3032
6.69668	-0.239315	0.487762	28.4466
6.24268	-0.222004	0.453417	32.3214
5.24096	-0.18196	0.375642	42.633
12.1955	-0.451922	0.971506	2.22927
12.0374	-0.436541	0.966969	2.37463
11.6469	-0.413557	0.946069	2.74024
10.9171	-0.394571	0.899487	3.62939
9.72444	-0.414029	0.744719	7.48343
9.0801	-0.371003	0.689689	9.87767
8.24582	-0.325696	0.62169	13.6878
7.22198	-0.279368	0.540872	19.7232
6.94092	-0.242032	0.50484	26.8528
6.73673	-0.243856	0.491277	28.4904
6.20666	-0.223628	0.450936	33.3227
5.13021	-0.180881	0.367368	45.1954
11.8224	-0.464745	0.940435	2.36123
11.7304	-0.441036	0.942733	2.48998
11.3375	-0.418622	0.922542	2.91292
10.5517	-0.391723	0.872156	4.18973
10.2903	-0.438793	0.790462	5.75295
9.51408	-0.389334	0.723917	8.19856
8.63733	-0.342678	0.652416	11.8043
7.61771	-0.299285	0.572279	17.8169
6.99076	-0.244583	0.508711	26.7062
6.76003	-0.246625	0.493336	28.5613
6.18406	-0.224712	0.449383	33.9728
5.06072	-0.180414	0.362199	46.8772
11.6035	-0.469034	0.924514	2.45892
11.591	-0.444484	0.932486	2.53671
11.2067	-0.421877	0.913139	3.04488
10.5743	-0.447008	0.811356	5.30181
10.399	-0.388033	0.861352	4.45338
9.69707	-0.395646	0.7376	7.68172
8.79685	-0.348851	0.664339	11.2409
7.78248	-0.307067	0.584605	17.5526
7.00747	-0.245401	0.510009	26.6665
6.7677	-0.247552	0.494016	28.6448
6.17637	-0.225116	0.448856	34.1987
5.03703	-0.180312	0.36044	47.4868
12.8722	-0.433734	1.03403	2.1235
12.8722	-0.433734	1.03403	2.1235
12.4111	-0.402825	1.00857	2.49582
11.8276	-0.38195	0.972079	3.04763
8.08517	-0.326168	0.607861	14.9937
8.08517	-0.326168	0.607861	14.9937
6.82264	-0.236644	0.496362	26.9693
6.82264	-0.236644	0.496362	26.9693
6.77547	-0.262518	0.502169	24.663
6.50175	-0.21872	0.472257	28.8794
5.77736	-0.193053	0.417295	35.8728
5.56772	-0.197683	0.403588	36.4187
12.7342	-0.441566	1.01812	2.09816
12.68	-0.436158	1.01584	2.12857
12.093	-0.401669	0.983606	2.62335
11.3991	-0.382887	0.939114	3.31493
8.73355	-0.360768	0.661694	11.8055
8.53268	-0.347086	0.644642	12.8918
7.04262	-0.269235	0.523459	22.8791
7.03704	-0.246321	0.513123	25.4808
7.00796	-0.248918	0.511749	25.6775
6.46841	-0.225817	0.471625	29.3829
5.96764	-0.209715	0.435737	31.9098
5.39644	-0.190406	0.390128	39.3004
12.5059	-0.449784	0.995152	2.11357
12.4254	-0.442279	0.992948	2.16446
11.74	-0.402694	0.955784	2.82382
10.9386	-0.385036	0.903246	3.74448
9.39412	-0.396818	0.716683	9.07794
9.02527	-0.370454	0.684866	10.5773
7.45285	-0.285778	0.556901	19.4639
7.20027	-0.253885	0.525921	24.4787
7.14624	-0.259438	0.523493	24.8764
6.37536	-0.227286	0.465253	30.9485
6.3406	-0.232949	0.468573	27.482
5.19885	-0.184046	0.374748	43.1235
12.1948	-0.461634	0.966091	2.17588
12.1326	-0.448839	0.967769	2.26911
11.3877	-0.403259	0.928467	3.01602
10.4861	-0.383434	0.868312	4.42455
10.0313	-0.431848	0.769835	6.65711
9.51038	-0.39289	0.724087	8.37829
7.87225	-0.303428	0.590684	15.9899
7.31589	-0.259279	0.534993	23.8807
7.24035	-0.2671	0.531597	24.4392
6.76404	-0.256166	0.504182	23.4631
6.29887	-0.227488	0.459702	32.3639
5.04342	-0.180177	0.362828	46.4512
11.8589	-0.452977	0.945567	2.33957
11.8244	-0.475653	0.933948	2.34402
11.1028	-0.408559	0.907185	3.20224
10.6038	-0.458614	0.816892	4.88758
10.1193	-0.374746	0.841017	5.13729
9.90831	-0.40916	0.755373	6.83
8.20666	-0.316215	0.616641	13.7476
7.38511	-0.262476	0.540425	23.5599
7.29496	-0.271676	0.536333	24.2431
7.12641	-0.2742	0.532983	21.1958
6.25036	-0.227603	0.456146	33.3809
4.94485	-0.17809	0.355317	48.7354
11.7323	-0.457439	0.936007	2.34759
11.5627	-0.482833	0.914715	2.46348
10.9871	-0.41139	0.898912	3.36562
10.9339	-0.466996	0.841168	4.35259
10.0777	-0.414374	0.768074	6.28961
9.96835	-0.370411	0.830359	5.4218
8.34038	-0.320877	0.626593	12.994
7.40817	-0.26352	0.542235	23.4689
7.31287	-0.273204	0.537891	24.1996
7.27799	-0.281335	0.544327	20.8091
6.23379	-0.227642	0.454931	33.7187
4.91108	-0.177432	0.352751	49.4172
12.5917	-0.446511	1.0032	2.07852
12.5917	-0.446511	1.0032	2.07852
11.7738	-0.399297	0.959362	2.85772
10.9502	-0.382146	0.904963	3.80314
9.11396	-0.378674	0.692508	10.483
9.11396	-0.378674	0.692508	10.483
7.31194	-0.262419	0.535815	23.5117
7.31194	-0.262419	0.535815	23.5117
6.93113	-0.273495	0.517043	25.7138
6.66897	-0.224887	0.486467	26.8503
5.75791	-0.19445	0.417632	35.7908
5.48316	-0.205327	0.401578	37.3714
12.4125	-0.457824	0.98343	2.0724
12.3894	-0.454692	0.983854	2.10145
11.4306	-0.395448	0.933073	3.11364
10.4767	-0.378928	0.868421	4.53738
9.71213	-0.412771	0.742086	8.14084
9.52077	-0.397717	0.725155	8.81682
7.54311	-0.272958	0.554219	22.0219
7.53816	-0.277641	0.554959	22.0792
7.18405	-0.273608	0.535529	22.7497
6.60038	-0.232503	0.48373	28.4782
5.97662	-0.213349	0.438956	32.2141
5.31622	-0.194267	0.387557	41.6295
12.1487	-0.460827	0.962242	2.18231
12.1455	-0.473024	0.957044	2.14852
11.0994	-0.396046	0.907989	3.34192
10.2974	-0.447515	0.791079	5.95648
10.0192	-0.36943	0.833349	5.55277
9.92308	-0.415981	0.75716	7.06084
7.70466	-0.280394	0.567123	21.093
7.7011	-0.289552	0.569026	21.1723
7.5291	-0.283083	0.562341	18.5911
6.48453	-0.232005	0.475473	30.4149
6.34059	-0.234167	0.470188	27.7923
5.12282	-0.185632	0.372011	45.4689
11.9195	-0.467428	0.942975	2.22922
11.799	-0.485966	0.925229	2.36555
10.8423	-0.476483	0.836966	4.2365
10.8411	-0.400787	0.889067	3.62642
10.2566	-0.429034	0.783142	5.73589
9.65419	-0.358008	0.806336	6.37071
7.80766	-0.291068	0.583521	15.7396
7.80022	-0.284763	0.574767	20.5916
7.79798	-0.296911	0.577494	20.6993
6.6664	-0.249941	0.496174	24.6048
6.40762	-0.230745	0.469708	31.5458
4.99559	-0.180998	0.361995	47.6389
11.8128	-0.473601	0.934588	2.24239
11.4696	-0.494356	0.900467	2.54569
11.239	-0.48543	0.866505	3.59426
10.7393	-0.401542	0.881889	3.81023
10.3994	-0.433013	0.793859	5.24167
9.50585	-0.352846	0.795894	6.70739
7.91781	-0.293862	0.591608	14.7153
7.83187	-0.286208	0.577298	20.4367
7.83001	-0.299382	0.580309	20.5613
6.80416	-0.256037	0.506474	23.7095
6.3811	-0.230286	0.4677	31.9492
4.95158	-0.179505	0.358552	48.441
12.2666	-0.467825	0.967997	2.08036
12.2666	-0.467825	0.967997	2.08036
11.1065	-0.39173	0.908967	3.40641
10.024	-0.428062	0.766515	7.03721
10.024	-0.428062	0.766515	7.03721
9.99687	-0.367405	0.831657	5.67548
7.84909	-0.292495	0.580166	20.0614
7.84909	-0.292495	0.580166	20.0614
7.02719	-0.274091	0.525059	25.7925
6.81571	-0.22889	0.499114	24.9952
5.75677	-0.195616	0.419442	35.0744
5.47621	-0.210475	0.405094	40.9005
12.0879	-0.476131	0.950833	2.12796
12.0597	-0.483873	0.945753	2.15219
10.8021	-0.393111	0.886516	3.77157
10.5181	-0.460482	0.807907	5.30567
10.3179	-0.441474	0.789148	5.8432
9.53907	-0.353762	0.796804	6.96409
8.08708	-0.309295	0.600868	18.6998
8.07054	-0.30324	0.598248	18.7559
7.23728	-0.26667	0.53854	21.27
6.72551	-0.235625	0.49478	27.2461
5.97824	-0.213696	0.440734	32.1051
5.33517	-0.196159	0.39192	42.7492
11.9187	-0.485538	0.93581	2.176
11.7755	-0.496819	0.917627	2.38961
10.9816	-0.490245	0.847967	3.80558
10.5717	-0.394214	0.87001	4.22595
10.5559	-0.450315	0.80709	4.85953
9.17786	-0.342431	0.770274	8.01059
8.23655	-0.320505	0.614127	17.9323
8.20221	-0.309634	0.609043	18.0368
7.46308	-0.268808	0.554921	17.7364
6.6214	-0.233386	0.487078	28.7722
6.26387	-0.22765	0.46392	28.2185
5.1875	-0.18735	0.379584	44.004
11.8417	-0.491343	0.929394	2.20547
11.4829	-0.502099	0.88679	3.00222
11.3353	-0.503947	0.882856	2.72254
10.6559	-0.452779	0.814429	4.46505
10.483	-0.393599	0.863861	4.4268
9.03225	-0.337761	0.760108	8.3577
8.28732	-0.324415	0.618678	17.6851
8.24582	-0.311751	0.612625	17.8045
7.55274	-0.269774	0.56133	16.5059
6.58445	-0.232184	0.484238	29.2324
6.38836	-0.232611	0.473214	26.5431
5.13467	-0.184665	0.375282	44.2792
11.9576	-0.494202	0.934346	2.17065
11.9576	-0.494202	0.934346	2.17065
10.6889	-0.469396	0.819951	4.68972
10.6889	-0.469396	0.819951	4.68972
10.528	-0.391285	0.866829	4.36553
9.08436	-0.339279	0.76246	8.53334
8.37516	-0.324598	0.624962	16.9976
8.37516	-0.324598	0.624962	16.9976
7.05744	-0.2616	0.525192	23.2169
6.92983	-0.231057	0.509056	23.9557
5.76444	-0.196147	0.421687	34.5116
5.55582	-0.209279	0.412753	39.1145
11.8703	-0.503866	0.925631	2.189
11.7803	-0.508614	0.914674	2.34676
11.0126	-0.496364	0.848117	3.64566
10.8018	-0.47338	0.827069	4.16861
10.3247	-0.388815	0.852614	4.94184
8.72732	-0.329209	0.736555	9.91598
8.5798	-0.340256	0.643425	15.9148
8.55179	-0.334187	0.639882	16.0164
7.19608	-0.251463	0.532789	20.0935
6.84391	-0.234784	0.504304	25.6488
5.94821	-0.209197	0.438498	31.6072
5.4611	-0.194971	0.402426	38.8976
11.8348	-0.508252	0.922341	2.1947
11.6606	-0.515554	0.901585	2.55917
11.1815	-0.509236	0.864038	3.05656
10.8425	-0.474557	0.829389	3.9469
10.2478	-0.387709	0.847375	5.17531
8.65237	-0.346077	0.650092	15.5516
8.61114	-0.33744	0.644921	15.6971
8.5837	-0.325735	0.72671	10.5245
7.26922	-0.25091	0.537767	18.7613
6.79736	-0.232938	0.500745	26.3668
6.06047	-0.213354	0.446942	29.5417
5.40315	-0.190552	0.397362	39.0696
11.8032	-0.518214	0.915381	2.24023
11.8032	-0.518214	0.915381	2.24023
10.9791	-0.495602	0.842003	3.6706
10.9791	-0.495602	0.842003	3.6706
10.1433	-0.38513	0.840141	5.60686
8.79973	-0.353632	0.662558	14.6814
8.79973	-0.353632	0.662558	14.6814
8.3728	-0.320805	0.711303	11.937
7.0416	-0.242802	0.520446	22.5934
7.0021	-0.232293	0.515401	23.842
5.7727	-0.196226	0.423451	33.9286
5.69451	-0.201616	0.420869	34.3991
11.8149	-0.521685	0.916119	2.18389
11.7686	-0.523651	0.910583	2.27016
11.0487	-0.506243	0.848125	3.46561
10.9557	-0.495039	0.838478	3.69615
10.0752	-0.383912	0.835574	5.90318
8.8915	-0.361367	0.671179	14.2048
8.87563	-0.358402	0.669236	14.2641
8.22963	-0.317822	0.701799	13.0054
7.08882	-0.23798	0.522748	22.2946
6.96322	-0.2329	0.513027	24.6398
5.8492	-0.200735	0.429987	32.0565
5.662	-0.194839	0.416528	35.3088
11.8048	-0.52603	0.913605	2.16797
11.8048	-0.52603	0.913605	2.16797
10.9937	-0.504028	0.841522	3.63836
10.9937	-0.504028	0.841522	3.63836
10.0105	-0.382477	0.83126	6.25077
8.97534	-0.366989	0.678691	13.7382
8.97534	-0.366989	0.678691	13.7382
8.08611	-0.315277	0.692484	14.3202
7.02684	-0.232803	0.51758	24.113
7.02684	-0.232803	0.51758	24.113
5.77609	-0.196309	0.424111	33.8077
5.77609	-0.196309	0.424111	33.8077
12.9656	-0.422742	1.04765	2.19962
12.9656	-0.422742	1.04765	2.19962
12.9656	-0.422742	1.04765	2.19962
12.2281	-0.384536	1.00353	2.87405
7.2018	-0.280193	0.53493	21.2993
7.2018	-0.280193	0.53493	21.2993
7.2018	-0.280193	0.53493	21.2993
6.556	-0.220639	0.475183	28.7303
6.556	-0.220639	0.475183	28.7303
6.556	-0.220639	0.475183	28.7303
5.56423	-0.183881	0.399698	37.6895
5.56423	-0.183881	0.399698	37.6895
12.9194	-0.431669	1.0391	2.1298
12.7748	-0.419475	1.03149	2.2368
12.7748	-0.419475	1.03149	2.2368
11.8431	-0.379793	0.974662	3.10118
7.89275	-0.318672	0.592302	16.2637
7.44717	-0.293406	0.555713	19.3222
7.44717	-0.293406	0.555713	19.3222
6.75886	-0.229295	0.49071	27.2889
6.67166	-0.227523	0.484823	27.8601
6.67166	-0.227523	0.484823	27.8601
5.62809	-0.190237	0.40647	36.909
5.31279	-0.176983	0.38072	40.3213
12.7773	-0.439864	1.02277	2.10572
12.52	-0.419136	1.01007	2.28162
12.52	-0.419136	1.01007	2.28162
11.401	-0.380114	0.940523	3.34145
8.60952	-0.356752	0.651921	12.3628
7.83042	-0.309486	0.587198	16.9823
7.83042	-0.309486	0.587198	16.9823
6.93161	-0.236779	0.503942	26.2784
6.7343	-0.235667	0.490749	27.6448
6.7343	-0.235667	0.490749	27.6448
5.88058	-0.207495	0.429403	31.9667
5.08143	-0.17188	0.363326	43.3303
12.5413	-0.447838	0.999061	2.12385
12.2179	-0.423333	0.985005	2.36516
12.2179	-0.423333	0.985005	2.36516
10.9247	-0.385374	0.90327	3.76521
9.31982	-0.395331	0.711216	9.32512
8.28561	-0.329418	0.624295	14.1583
8.28561	-0.329418	0.624295	14.1583
7.07013	-0.242773	0.514556	25.5456
6.76309	-0.242294	0.493904	27.8251
6.76309	-0.242294	0.493904	27.8251
6.26581	-0.231144	0.463131	27.6353
4.88278	-0.168312	0.348446	47.3445
12.2178	-0.458927	0.968848	2.18629
11.8999	-0.42625	0.959312	2.50234
11.8999	-0.42625	0.959312	2.50234
10.4544	-0.383038	0.86681	4.52686
9.996	-0.432297	0.767813	6.73176
8.73805	-0.34866	0.66064	11.4486
8.73805	-0.34866	0.66064	11.4486
7.17129	-0.247116	0.522306	25.1164
6.77627	-0.247004	0.495585	28.2181
6.77627	-0.247004	0.495585	28.2181
6.70406	-0.255927	0.500074	23.7854
4.72939	-0.166046	0.336992	51.088
11.8268	-0.475972	0.934828	2.34869
11.6296	-0.429756	0.938428	2.59519
11.6296	-0.429756	0.938428	2.59519
10.604	-0.460349	0.818027	4.85972
10.0701	-0.373037	0.838118	5.26911
9.09827	-0.362652	0.68866	9.65716
9.09827	-0.362652	0.68866	9.65716
7.23286	-0.249734	0.527025	24.8629
7.08279	-0.275735	0.530265	21.8475
6.78203	-0.249809	0.496427	28.5314
6.78203	-0.249809	0.496427	28.5314
4.63223	-0.164825	0.329754	53.6091
11.5344	-0.482187	0.913666	2.49414
11.5154	-0.433954	0.930058	2.62448
11.5154	-0.433954	0.930058	2.62448
10.9696	-0.469364	0.844647	4.34168
9.91065	-0.367904	0.826839	5.5589
9.24386	-0.367506	0.699531	9.03364
9.24386	-0.367506	0.699531	9.03364
7.25354	-0.25058	0.528608	24.7947
7.24271	-0.283842	0.542239	21.6436
6.78365	-0.250762	0.496686	28.6283
6.78365	-0.250762	0.496686	28.6283
4.59893	-0.164467	0.327275	54.4702
12.7797	-0.43104	1.02624	2.13364
12.7797	-0.43104	1.02624	2.13364
12.5691	-0.415639	1.01519	2.29669
11.4174	-0.377423	0.943009	3.40641
8.13707	-0.331096	0.612695	15.3032
8.13707	-0.331096	0.612695	15.3032
7.49742	-0.29956	0.560973	19.8442
6.94326	-0.237546	0.505539	25.8901
6.94326	-0.237546	0.505539	25.8901
6.82178	-0.230403	0.496592	26.4111
5.39305	-0.180135	0.388225	40.5584
5.18506	-0.176501	0.372572	41.8486
12.6869	-0.441778	1.01309	2.08235
12.5796	-0.432817	1.00854	2.15241
12.3114	-0.415859	0.99453	2.38656
10.9396	-0.380001	0.906363	3.84636
8.84987	-0.369119	0.671661	11.8178
8.45797	-0.344115	0.6387	13.9941
7.70922	-0.306771	0.578143	19.0343
7.16408	-0.246152	0.522463	24.5034
7.10735	-0.248807	0.519413	24.8069
6.90371	-0.237254	0.504031	25.8912
5.49864	-0.190172	0.399194	37.7626
4.94252	-0.169942	0.354454	45.3131
12.4967	-0.452738	0.992223	2.08206
12.3344	-0.437819	0.987505	2.22626
12.0205	-0.416327	0.971299	2.53429
10.4335	-0.378505	0.866961	4.71134
9.5505	-0.408251	0.730042	8.81704
8.83425	-0.358508	0.668649	11.8596
8.04541	-0.316498	0.604536	16.3206
7.33718	-0.252966	0.535745	23.5357
7.22876	-0.260241	0.530236	24.2122
6.91345	-0.244591	0.506198	26.415
5.80785	-0.210275	0.426958	33.177
4.69164	-0.163391	0.335437	50.3966
12.2111	-0.466555	0.963996	2.14749
12.0729	-0.4397	0.96583	2.32716
11.7293	-0.415883	0.948511	2.658
10.2146	-0.446951	0.78598	6.20996
9.94059	-0.366896	0.828802	5.85763
9.21327	-0.372401	0.69838	9.57736
8.40525	-0.327655	0.632554	13.2554
7.46207	-0.257849	0.545328	22.9488
7.30819	-0.269246	0.53761	24.0132
6.8989	-0.249479	0.506037	27.1751
6.19961	-0.232902	0.460359	28.5113
4.49179	-0.158841	0.320346	55.3329
11.8509	-0.442754	0.948268	2.36163
11.8343	-0.485185	0.929082	2.36785
11.496	-0.420234	0.930901	2.73387
10.8236	-0.478611	0.837878	4.22524
9.54188	-0.35371	0.79902	6.72691
9.51565	-0.382311	0.72151	7.95382
8.69156	-0.33599	0.654291	11.1368
7.5376	-0.260763	0.551122	22.5978
7.35257	-0.27477	0.541834	23.9937
6.88437	-0.25225	0.505452	27.7757
6.55352	-0.25148	0.488711	26.1111
4.3634	-0.156199	0.310675	58.9733
11.758	-0.445705	0.941254	2.35265
11.4155	-0.493187	0.898389	2.60239
11.4025	-0.425453	0.924112	2.76613
11.3207	-0.489307	0.874284	3.54832
9.63695	-0.385566	0.730505	7.36838
9.37743	-0.347409	0.787372	7.03404
8.80446	-0.338879	0.662607	10.3946
7.56289	-0.261721	0.553061	22.5088
7.36683	-0.276617	0.543205	23.9838
6.87876	-0.253142	0.505193	27.9889
6.7057	-0.259327	0.500119	25.9334
4.3191	-0.155343	0.307342	60.1435
12.5435	-0.446304	0.999286	2.07888
12.5435	-0.446304	0.999286	2.07888
12.0628	-0.412803	0.975559	2.55372
10.4317	-0.376808	0.867536	4.76159
9.11302	-0.380193	0.692597	11.035
9.11302	-0.380193	0.692597	11.035
7.69143	-0.308861	0.577521	20.4643
7.40302	-0.259674	0.542252	22.8196
7.40302	-0.259674	0.542252	22.8196
7.06416	-0.238119	0.51639	24.0992
5.26209	-0.17807	0.380273	42.5311
4.89071	-0.176246	0.354019	45.4455
12.4118	-0.459041	0.982449	2.06361
12.3612	-0.45113	0.982766	2.13426
11.7937	-0.408808	0.95495	2.7235
9.90146	-0.364585	0.826327	6.13332
9.75927	-0.417896	0.746307	8.25911
9.39387	-0.389888	0.714233	9.63583
7.84935	-0.308279	0.58891	18.6571
7.62779	-0.268138	0.559674	21.4882
7.61257	-0.275118	0.560341	21.5401
7.11061	-0.244638	0.521417	24.1886
5.40308	-0.19062	0.394645	39.6642
4.67929	-0.16866	0.338096	50.6681
12.1873	-0.474222	0.958371	2.11085
12.1658	-0.45356	0.965927	2.18564
11.5361	-0.40867	0.93548	2.84374
10.3674	-0.45614	0.797783	5.82926
9.66791	-0.397817	0.734796	7.94042
9.39066	-0.348296	0.786785	7.59787
8.10111	-0.309025	0.607088	15.2198
7.78647	-0.274137	0.571988	20.6684
7.76965	-0.288967	0.574423	20.7554
7.08025	-0.250479	0.520526	25.3319
5.73011	-0.210858	0.423317	34.2226
4.44763	-0.160253	0.320107	56.8737
12.0029	-0.458473	0.952573	2.18552
11.8816	-0.494178	0.92769	2.3468
11.3394	-0.414437	0.921044	2.93003
10.9092	-0.489658	0.845306	3.918
9.88332	-0.402729	0.750556	6.63742
8.98061	-0.33397	0.756115	8.68874
8.31527	-0.310907	0.622553	12.6939
7.8812	-0.277688	0.579342	20.2026
7.86483	-0.298259	0.583192	20.3769
7.04509	-0.253183	0.518527	26.152
6.05291	-0.227909	0.449406	30.6776
4.29102	-0.155255	0.308041	61.1322
11.9364	-0.461958	0.947342	2.16991
11.619	-0.505832	0.899514	2.9018
11.2636	-0.419811	0.915634	2.98302
11.2515	-0.501764	0.879156	2.82256
9.96839	-0.404168	0.756639	6.15489
8.81209	-0.328191	0.744162	9.01203
8.39956	-0.311651	0.628542	11.8026
7.91272	-0.278876	0.58179	20.0649
7.8965	-0.301482	0.58615	20.2688
7.03139	-0.253969	0.517679	26.4329
6.19577	-0.23494	0.460123	29.7722
4.23619	-0.153583	0.303828	62.7378
12.3002	-0.464059	0.971152	2.07031
12.3002	-0.464059	0.971152	2.07031
11.5563	-0.404717	0.937609	2.90274
9.94201	-0.423513	0.759527	7.4679
9.94201	-0.423513	0.759527	7.4679
9.35234	-0.34723	0.783651	7.8949
7.90671	-0.286626	0.583529	19.7062
7.90671	-0.286626	0.583529	19.7062
7.76001	-0.304126	0.581751	19.6489
7.2688	-0.243156	0.533296	22.1357
5.16862	-0.17682	0.375339	43.7735
4.73021	-0.178652	0.34678	51.4688
12.1835	-0.469654	0.960306	2.06805
12.1602	-0.4825	0.953531	2.06387
11.3368	-0.406378	0.921695	3.0636
10.4474	-0.458265	0.802319	5.51913
10.0917	-0.425302	0.769327	6.48106
8.82729	-0.329501	0.742973	9.72252
8.13868	-0.305057	0.604145	18.3941
8.11304	-0.294751	0.599847	18.5635
7.85052	-0.294647	0.586367	17.1155
7.28125	-0.249075	0.53581	22.7866
5.33007	-0.190279	0.391324	40.4358
4.5782	-0.169345	0.334593	55.4974
12.0918	-0.47759	0.952307	2.05034
11.9725	-0.504326	0.932513	2.21998
11.1752	-0.412768	0.910242	3.21132
10.8613	-0.489802	0.83889	3.98842
10.1946	-0.425077	0.77539	5.65093
8.40701	-0.315155	0.711533	11.1035
8.29251	-0.318881	0.618285	17.6353
8.23519	-0.299548	0.609523	17.9376
7.99158	-0.289098	0.595277	14.4466
7.23329	-0.252537	0.533174	23.8897
5.60988	-0.205757	0.414572	35.9857
4.41246	-0.160781	0.321137	58.2274
12.0563	-0.482466	0.949346	2.0414
11.8577	-0.516428	0.919741	2.4084
11.1146	-0.416694	0.906034	3.30347
11.0526	-0.503969	0.856925	3.27034
10.2322	-0.424689	0.777444	5.33861
8.3464	-0.324031	0.623338	17.3953
8.27564	-0.301143	0.612728	17.7374
8.23409	-0.309644	0.699303	11.7303
8.05144	-0.287666	0.599201	13.4542
7.21144	-0.253152	0.531743	24.2639
5.74267	-0.211949	0.424564	34.3808
4.35092	-0.157975	0.316226	59.1721
12.1403	-0.49148	0.950448	2.00902
12.1403	-0.49148	0.950448	2.00902
11.1559	-0.409269	0.909185	3.31455
10.4616	-0.454106	0.800332	5.23326
10.4616	-0.454106	0.800332	5.23326
8.40429	-0.316817	0.625698	16.8537
8.40429	-0.316817	0.625698	16.8537
8.28984	-0.311857	0.701344	12.1154
7.70879	-0.284898	0.574368	18.1178
7.4238	-0.245913	0.546219	21.0962
5.10761	-0.175973	0.372657	43.7914
4.7461	-0.180111	0.351826	52.2533
12.1303	-0.499191	0.949064	1.96049
12.0694	-0.511749	0.939682	2.04289
11.0257	-0.41377	0.900292	3.57315
10.734	-0.480475	0.824071	4.3372
10.4391	-0.448832	0.795265	5.01417
8.6139	-0.33515	0.645067	15.7261
8.56339	-0.323909	0.638663	15.9947
7.85764	-0.299024	0.669175	14.1597
7.74314	-0.272024	0.574375	16.9563
7.41053	-0.250382	0.54645	21.7842
5.2599	-0.186992	0.386871	40.8679
4.67231	-0.170213	0.344257	51.4671
12.1277	-0.50245	0.948711	1.94427
12.0317	-0.519663	0.934511	2.07521
10.9776	-0.415207	0.897059	3.69711
10.8398	-0.4928	0.833628	3.99297
10.4237	-0.446611	0.792565	4.96344
8.69196	-0.342602	0.652495	15.3365
8.61627	-0.326276	0.642981	15.7224
7.78231	-0.268517	0.576472	16.2539
7.67814	-0.293847	0.656677	15.0934
7.38283	-0.251073	0.544668	22.2777
5.38077	-0.192531	0.396127	38.7779
4.61317	-0.165811	0.339027	52.2289
12.1383	-0.514371	0.94522	1.90873
12.1383	-0.514371	0.94522	1.90873
10.9183	-0.414247	0.893208	3.9162
10.5998	-0.468701	0.808674	4.74646
10.5998	-0.468701	0.808674	4.74646
8.81298	-0.345619	0.661858	14.61
8.81298	-0.345619	0.661858	14.61
7.60501	-0.260532	0.562649	19.3178
7.52038	-0.247492	0.554321	20.9409
7.40969	-0.287019	0.636416	17.5551
5.07368	-0.175298	0.371439	42.9493
4.92344	-0.177886	0.364486	44.7498
12.1628	-0.514461	0.947236	1.86275
12.1375	-0.5175	0.943499	1.88864
10.8788	-0.414087	0.890632	4.05792
10.6567	-0.47642	0.81351	4.70012
10.5399	-0.463351	0.801734	4.98924
8.91077	-0.355126	0.671299	14.0893
8.88035	-0.349243	0.667577	14.2451
7.61168	-0.253744	0.562037	19.7119
7.50736	-0.248942	0.553788	21.2956
7.21981	-0.282693	0.623778	19.3403
5.145	-0.179458	0.377574	41.002
4.91432	-0.172754	0.361689	44.764
12.173	-0.51553	0.946516	1.82996
12.173	-0.51553	0.946516	1.82996
10.8424	-0.413446	0.888294	4.21244
10.5789	-0.469083	0.804803	5.07837
10.5789	-0.469083	0.804803	5.07837
8.98588	-0.359596	0.677826	13.6703
8.98588	-0.359596	0.677826	13.6703
7.55317	-0.24808	0.557082	21.0592
7.55317	-0.24808	0.557082	21.0592
7.02239	-0.278879	0.611248	22.0422
5.06286	-0.175144	0.371104	41.9542
5.06286	-0.175144	0.371104	41.9542
12.6313	-0.429665	1.01382	2.15722
12.6313	-0.429665	1.01382	2.15722
12.6313	-0.429665	1.01382	2.15722
10.9429	-0.377455	0.907739	3.8849
8.24147	-0.337724	0.621703	15.6502
8.24147	-0.337724	0.621703	15.6502
8.24147	-0.337724	0.621703	15.6502
7.1036	-0.240761	0.518037	24.5445
7.1036	-0.240761	0.518037	24.5445
7.1036	-0.240761	0.518037	24.5445
5.0117	-0.168028	0.359443	45.2581
5.0117	-0.168028	0.359443	45.2581
12.5953	-0.4432	1.00449	2.07798
12.4372	-0.431294	0.997714	2.21763
12.4372	-0.431294	0.997714	2.21763
10.4202	-0.376604	0.867637	4.8493
8.97617	-0.376424	0.682066	11.9267
8.4165	-0.343832	0.635636	15.2077
8.4165	-0.343832	0.635636	15.2077
7.34152	-0.249414	0.536146	23.1786
7.25521	-0.248168	0.530591	23.467
7.25521	-0.248168	0.530591	23.467
5.05997	-0.173348	0.365436	44.6386
4.6507	-0.157637	0.332253	50.3541
12.4609	-0.455981	0.987367	2.06091
12.2147	-0.431336	0.979544	2.32074
12.2147	-0.431336	0.979544	2.32074
9.87377	-0.363931	0.824995	6.30138
9.67672	-0.416133	0.74031	8.69979
8.6572	-0.348721	0.653838	13.3607
8.6572	-0.348721	0.653838	13.3607
7.53107	-0.256223	0.550571	22.2111
7.36487	-0.258775	0.540612	23.0236
7.36487	-0.258775	0.540612	23.0236
5.29653	-0.189127	0.38726	40.6576
4.33111	-0.149401	0.30822	56.4204
12.2315	-0.470286	0.962755	2.10908
11.9929	-0.430991	0.961904	2.39107
11.9929	-0.430991	0.961904	2.39107
10.3222	-0.45584	0.795006	6.00395
9.34582	-0.347073	0.783933	7.83851
8.91872	-0.35302	0.673148	10.9383
8.91872	-0.35302	0.673148	10.9383
7.66886	-0.261061	0.561053	21.6
7.43007	-0.268717	0.547233	23.0572
7.43007	-0.268717	0.547233	23.0572
5.64415	-0.209986	0.417335	34.9036
4.07685	-0.143372	0.289116	63.1382
11.9207	-0.49321	0.931407	2.31604
11.8186	-0.434264	0.948533	2.40551
11.8186	-0.434264	0.948533	2.40551
10.8871	-0.490113	0.844685	3.95267
9.12875	-0.355902	0.688348	9.12611
9.12875	-0.355902	0.688348	9.12611
8.91978	-0.331631	0.751899	8.92851
7.75248	-0.263967	0.567412	21.2215
7.46275	-0.275257	0.550837	23.2193
7.46275	-0.275257	0.550837	23.2193
5.98038	-0.228275	0.44448	31.6054
3.91178	-0.139684	0.276717	68.7472
11.7504	-0.436567	0.943446	2.39359
11.7504	-0.436567	0.943446	2.39359
11.6647	-0.507467	0.903818	2.86914
11.2285	-0.501387	0.878432	2.84922
9.21095	-0.356745	0.694184	8.47968
9.21095	-0.356745	0.694184	8.47968
8.74363	-0.325315	0.739346	9.25871
7.78052	-0.264932	0.569543	21.1298
7.47255	-0.277485	0.551968	23.2976
7.47255	-0.277485	0.551968	23.2976
6.12978	-0.236028	0.455695	31.3487
3.8544	-0.138458	0.272408	70.6176
12.4685	-0.445593	0.993252	2.11467
12.4685	-0.445593	0.993252	2.11467
12.2634	-0.428321	0.984311	2.32658
9.85732	-0.363727	0.824311	6.44676
9.11368	-0.38087	0.692569	11.6186
9.11368	-0.38087	0.692569	11.6186
8.42956	-0.343937	0.636519	15.75
7.53909	-0.257593	0.552187	21.8126
7.53909	-0.257593	0.552187	21.8126
7.4093	-0.249561	0.542542	22.1333
4.75808	-0.161559	0.342365	50.7768
4.46655	-0.154974	0.320214	53.4893
12.4073	-0.458154	0.981493	2.05521
12.3219	-0.445961	0.98078	2.16474
12.075	-0.425073	0.969854	2.41991
9.76663	-0.418512	0.746641	8.48837
9.27541	-0.345254	0.778704	8.43104
9.26001	-0.381642	0.702732	10.5177
8.51357	-0.340949	0.64181	14.625
7.76031	-0.265033	0.569049	20.6798
7.72435	-0.270355	0.568168	20.7036
7.52406	-0.256063	0.552441	21.4927
4.83754	-0.169715	0.351511	49.2439
4.15649	-0.14605	0.297226	60.3952
12.2633	-0.47383	0.963364	2.03955
12.1787	-0.447646	0.969073	2.18092
11.8978	-0.424879	0.956476	2.47264
10.3455	-0.455846	0.795731	5.96758
9.4019	-0.37971	0.711771	8.94295
8.7168	-0.326073	0.734981	10.4508
8.64764	-0.335604	0.650091	12.3629
7.91923	-0.270331	0.581168	19.9682
7.87048	-0.284631	0.5816	20.0257
7.58349	-0.265666	0.558731	21.6093
5.12034	-0.18771	0.37674	43.4233
3.85981	-0.137265	0.274781	69.2743
12.0715	-0.499768	0.941776	2.14255
12.0705	-0.450844	0.960549	2.15473
11.7666	-0.428845	0.946814	2.48772
10.8029	-0.488583	0.836167	4.15121
9.51092	-0.377047	0.718315	7.65701
8.7703	-0.331323	0.657715	10.4625
8.26621	-0.309868	0.70083	11.7421
8.01509	-0.273509	0.588476	19.5414
7.96178	-0.295705	0.590445	19.7109
7.60544	-0.273058	0.561765	21.9011
5.4305	-0.204976	0.402078	38.6257
3.65975	-0.131663	0.25964	76.8463
12.0295	-0.451954	0.957406	2.13655
11.9573	-0.517681	0.928994	2.32674
11.7173	-0.431586	0.943266	2.47893
11.0063	-0.502689	0.855284	3.35864
9.5527	-0.375786	0.720749	7.17978
8.81973	-0.329681	0.660794	9.76821
8.07904	-0.30278	0.687403	12.3408
8.04713	-0.274571	0.590919	19.4155
7.99255	-0.299831	0.593514	19.6327
7.61033	-0.27568	0.562619	22.0209
5.57497	-0.212515	0.412942	37.3033
3.5892	-0.129722	0.2543	79.8464
12.347	-0.46049	0.975668	2.03878
12.347	-0.46049	0.975668	2.03878
11.9296	-0.421823	0.959605	2.50669
9.81769	-0.414823	0.748652	7.97911
9.81769	-0.414823	0.748652	7.97911
8.66228	-0.324671	0.730365	11.0321
8.42964	-0.332736	0.633971	14.8447
7.99773	-0.279368	0.589209	19.1896
7.99773	-0.279368	0.589209	19.1896
7.66216	-0.255455	0.563004	20.2415
4.55796	-0.156984	0.329647	55.2682
4.0756	-0.149528	0.295116	63.4809
12.3047	-0.478489	0.96576	1.94567
12.2923	-0.465042	0.97087	2.00177
11.7979	-0.423073	0.950389	2.57357
10.2913	-0.447084	0.788632	5.99614
9.83396	-0.407382	0.746928	7.26545
8.42338	-0.320743	0.630976	13.7111
8.21112	-0.297007	0.608329	17.9632
8.19039	-0.285787	0.604066	18.2556
8.07576	-0.304467	0.684116	13.679
7.73767	-0.261146	0.569946	20.028
4.66945	-0.167059	0.341442	52.8866
3.85601	-0.141421	0.278971	71.5024
12.2544	-0.469907	0.967776	1.95052
12.231	-0.502934	0.95461	1.93094
11.704	-0.428122	0.943909	2.60558
10.6295	-0.47489	0.818167	4.69121
9.82929	-0.399901	0.743574	6.71398
8.46244	-0.309878	0.631433	12.3144
8.36361	-0.312722	0.622714	17.1813
8.30521	-0.28962	0.612926	17.7321
7.75619	-0.268807	0.572844	20.3558
7.60066	-0.288237	0.647834	15.6512
4.93564	-0.182574	0.363888	46.7871
3.64888	-0.133131	0.262934	78.8288
12.2408	-0.471939	0.966724	1.92278
12.1916	-0.516391	0.949201	1.9519
11.6696	-0.43139	0.941571	2.60478
10.7581	-0.487608	0.829749	4.21738
9.82411	-0.396576	0.741854	6.51408
8.48455	-0.306008	0.63214	11.7361
8.41978	-0.319266	0.628203	16.9197
8.34338	-0.290887	0.615872	17.5691
7.75651	-0.271817	0.573441	20.511
7.40129	-0.281453	0.633482	16.3266
5.07345	-0.189647	0.374307	45.0346
3.57157	-0.130207	0.256966	81.4879
12.3462	-0.483732	0.968866	1.84919
12.3462	-0.483732	0.968866	1.84919
11.7076	-0.425901	0.944769	2.67589
10.1849	-0.433952	0.776182	6.05487
10.1849	-0.433952	0.776182	6.05487
8.45155	-0.305809	0.62726	16.6796
8.45155	-0.305809	0.62726	16.6796
8.27588	-0.30657	0.617657	14.6448
7.85099	-0.258814	0.5784	19.1628
7.4616	-0.284146	0.63536	17.0285
4.41435	-0.153972	0.321066	58.2682
3.93994	-0.149396	0.290387	70.9451
12.3764	-0.488143	0.971367	1.77372
12.3614	-0.501556	0.965569	1.75786
11.6436	-0.43153	0.940791	2.73787
10.4188	-0.45453	0.796207	5.39863
10.0723	-0.421163	0.76317	6.33316
8.65631	-0.325509	0.646451	15.5099
8.59429	-0.31106	0.638521	15.9834
8.22693	-0.290972	0.611296	14.985
7.88768	-0.263679	0.582224	19.215
6.95769	-0.268168	0.596733	20.2925
4.53883	-0.163386	0.333065	54.0239
3.84916	-0.142191	0.282918	72.3935
12.3874	-0.490477	0.97231	1.74213
12.3625	-0.507789	0.963968	1.73179
11.6204	-0.434584	0.939345	2.75007
10.5018	-0.462408	0.803447	5.20449
10.0209	-0.414341	0.757164	6.53735
8.73821	-0.334649	0.654475	15.06
8.6416	-0.312801	0.642255	15.7697
8.22627	-0.284022	0.610018	15.0831
7.8859	-0.266979	0.582728	19.355
6.74159	-0.261285	0.581306	22.0447
4.66528	-0.169802	0.342846	51.3882
3.78206	-0.137984	0.27727	74.2987
12.4446	-0.498374	0.972693	1.65545
12.4446	-0.498374	0.972693	1.65545
11.5995	-0.436138	0.938429	2.8409
10.2261	-0.434606	0.775805	6.28178
10.2261	-0.434606	0.775805	6.28178
8.83352	-0.333422	0.660916	14.5728
8.83352	-0.333422	0.660916	14.5728
8.08896	-0.276079	0.599159	17.1555
7.96759	-0.260684	0.587961	18.8695
6.41632	-0.252245	0.555691	26.0504
4.32821	-0.152262	0.31619	57.0868
4.10035	-0.151403	0.304353	62.2093
12.4731	-0.497207	0.975141	1.62334
12.4664	-0.499233	0.972963	1.62466
11.5833	-0.438191	0.93755	2.87551
10.279	-0.438828	0.780195	6.2857
10.1402	-0.423527	0.766439	6.83934
8.93502	-0.344657	0.670927	13.9792
8.89277	-0.336105	0.665767	14.275
8.06294	-0.267329	0.596005	17.8803
7.97513	-0.26292	0.588991	18.9094
6.17405	-0.245807	0.539219	29.2551
4.39477	-0.156214	0.321973	54.2762
4.10962	-0.147772	0.302985	62.1386
12.5012	-0.495949	0.975988	1.59455
12.5012	-0.495949	0.975988	1.59455
11.5695	-0.439557	0.936866	2.92277
10.1802	-0.425956	0.769543	6.97462
10.1802	-0.425956	0.769543	6.97462
9.00163	-0.348154	0.676537	13.6245
9.00163	-0.348154	0.676537	13.6245
8.00701	-0.261359	0.591202	18.8533
8.00701	-0.261359	0.591202	18.8533
5.90997	-0.239746	0.522647	34.2347
4.29953	-0.151697	0.314618	55.6117
4.29953	-0.151697	0.314618	55.6117
12.3748	-0.443561	0.985868	2.16102
12.3748	-0.443561	0.985868	2.16102
12.3748	-0.443561	0.985868	2.16102
9.24345	-0.344476	0.776657	8.75316
9.11867	-0.37866	0.692188	11.7536
9.11867	-0.37866	0.692188	11.7536
9.11867	-0.37866	0.692188	11.7536
7.69886	-0.258982	0.564488	20.6979
7.69886	-0.258982	0.564488	20.6979
7.69886	-0.258982	0.564488	20.6979
4.26613	-0.145923	0.305405	59.0928
4.26613	-0.145923	0.305405	59.0928
12.4019	-0.457685	0.980888	2.03214
12.2746	-0.442627	0.978162	2.18374
12.2746	-0.442627	0.978162	2.18374
9.7335	-0.412974	0.742715	8.58215
9.13023	-0.372191	0.691248	11.1288
9.13023	-0.372191	0.691248	11.1288
8.61438	-0.323788	0.726879	11.4894
7.92849	-0.266334	0.58189	19.6581
7.85689	-0.265989	0.577625	19.7503
7.85689	-0.265989	0.577625	19.7503
4.30518	-0.150367	0.311076	60.7569
3.81399	-0.132264	0.271437	68.6531
12.3599	-0.473817	0.970925	1.93733
12.1834	-0.443959	0.971372	2.17452
12.1834	-0.443959	0.971372	2.17452
10.2441	-0.445722	0.785738	6.2646
9.14759	-0.362301	0.689814	10.0175
9.14759	-0.362301	0.689814	10.0175
8.09487	-0.271562	0.594495	18.9835
8.01222	-0.302604	0.679177	14.2192
7.98818	-0.277956	0.589631	19.1211
7.98818	-0.277956	0.589631	19.1211
4.53268	-0.164938	0.331953	55.8148
3.43884	-0.121363	0.243214	80.0738
12.2853	-0.497659	0.959635	1.89673
12.1188	-0.445315	0.966691	2.14851
12.1188	-0.445315	0.966691	2.14851
10.6036	-0.473555	0.817083	4.79538
9.16461	-0.352974	0.688426	9.02578
9.16461	-0.352974	0.688426	9.02578
8.19564	-0.274692	0.602126	18.5781
8.07359	-0.28988	0.598205	18.8031
8.07359	-0.28988	0.598205	18.8031
7.52362	-0.285356	0.641615	16.1817
4.82195	-0.181376	0.355896	49.0397
3.1855	-0.11423	0.224109	91.3946
12.2452	-0.515173	0.954158	1.90485
12.0953	-0.445645	0.965023	2.14097
12.0953	-0.445645	0.965023	2.14097
10.7392	-0.486237	0.829288	4.27293
9.17188	-0.349159	0.687845	8.63925
9.17188	-0.349159	0.687845	8.63925
8.22939	-0.275729	0.604681	18.4509
8.10297	-0.294921	0.601334	18.7134
8.10297	-0.294921	0.601334	18.7134
7.31809	-0.277873	0.626685	16.8617
4.96584	-0.189159	0.366744	47.0386
3.09519	-0.111668	0.217287	96.5047
12.3976	-0.459466	0.98073	1.98939
12.3976	-0.459466	0.98073	1.98939
12.2249	-0.441674	0.975345	2.18502
9.66484	-0.402104	0.734811	8.41036
9.66484	-0.402104	0.734811	8.41036
9.01523	-0.360113	0.680248	11.3113
8.11528	-0.273859	0.597234	18.5647
8.11528	-0.273859	0.597234	18.5647
7.99075	-0.265506	0.587831	18.8911
7.94175	-0.30114	0.67309	15.3023
3.94378	-0.136872	0.283752	70.3069
3.59022	-0.127489	0.256902	76.1546
12.4569	-0.474451	0.979131	1.82305
12.3949	-0.46259	0.980908	1.92571
12.1805	-0.442308	0.972833	2.17641
10.0864	-0.429081	0.769948	6.57743
9.57407	-0.388196	0.724215	8.28617
8.92467	-0.344922	0.670305	11.2206
8.30039	-0.279528	0.611292	17.803
8.2974	-0.287509	0.613343	17.5176
8.1058	-0.271578	0.597706	18.2978
7.29828	-0.278942	0.62147	18.7902
4.01188	-0.143834	0.292061	69.3111
3.2455	-0.116716	0.231542	89.3039
12.4743	-0.489708	0.975965	1.69934
12.3936	-0.462905	0.981173	1.86548
12.1495	-0.443884	0.971103	2.16694
10.3617	-0.450131	0.793463	5.598
9.48842	-0.373712	0.713929	8.40187
8.86652	-0.329523	0.662693	11.2208
8.4406	-0.303272	0.626992	16.6967
8.41183	-0.282928	0.619756	17.3672
8.18382	-0.282151	0.605502	17.9571
6.77098	-0.260578	0.580345	21.6718
4.26074	-0.158416	0.313322	61.8687
2.96326	-0.107376	0.210224	104.085
12.4759	-0.498936	0.974372	1.64545
12.3932	-0.461983	0.981294	1.84527
12.1383	-0.444692	0.970491	2.16545
10.4584	-0.458405	0.80187	5.30434
9.45091	-0.366528	0.709288	8.51308
8.84642	-0.322342	0.659685	11.2791
8.49774	-0.311094	0.632761	16.3758
8.44905	-0.284053	0.622584	17.2306
8.2115	-0.287911	0.608609	17.832
6.54495	-0.252236	0.563749	23.2408
4.40207	-0.165942	0.324044	58.9056
2.85875	-0.103984	0.202306	110.926
12.5373	-0.47482	0.986193	1.71382
12.5373	-0.47482	0.986193	1.71382
12.1734	-0.443782	0.973636	2.18703
9.90122	-0.410562	0.751091	7.17093
9.90122	-0.410562	0.751091	7.17093
8.74978	-0.326552	0.654276	12.4814
8.51555	-0.294366	0.630108	16.5201
8.51555	-0.294366	0.630108	16.5201
8.20682	-0.269469	0.605228	17.7877
6.61271	-0.256071	0.565789	23.873
3.69904	-0.130452	0.267964	78.6597
3.19387	-0.119434	0.232551	96.3652
12.6181	-0.479274	0.988546	1.56295
12.5898	-0.473617	0.990873	1.62896
12.1665	-0.446974	0.974012	2.18502
10.1075	-0.425049	0.768331	6.599
9.7307	-0.389129	0.733257	8.22866
8.70278	-0.312985	0.64766	15.3646
8.64553	-0.298497	0.640104	15.9738
8.63636	-0.307105	0.642702	13.7567
8.27674	-0.274808	0.61155	17.4845
6.04022	-0.236645	0.520576	29.4252
3.79824	-0.138401	0.278058	74.0532
3.03061	-0.112364	0.220841	105.037
12.6441	-0.480004	0.989164	1.50831
12.6079	-0.472045	0.99251	1.59414
12.1638	-0.448367	0.97411	2.18038
10.1781	-0.429859	0.77429	6.42588
9.65296	-0.377046	0.724816	8.81099
8.78592	-0.323485	0.655969	14.8341
8.68872	-0.299874	0.643428	15.8059
8.59622	-0.296363	0.637998	14.383
8.30255	-0.280455	0.614479	17.3047
5.78642	-0.22785	0.501899	32.0905
3.93019	-0.145287	0.288317	69.0211
2.93884	-0.108125	0.213697	109.252
12.7073	-0.471387	0.996392	1.48274
12.7073	-0.471387	0.996392	1.48274
12.1744	-0.451215	0.975641	2.18091
9.88104	-0.397975	0.745386	8.12646
9.88104	-0.397975	0.745386	8.12646
8.85963	-0.318861	0.660058	14.6322
8.85963	-0.318861	0.660058	14.6322
8.48993	-0.289137	0.629573	15.6595
8.33951	-0.271722	0.615964	17.3481
5.40813	-0.215935	0.470622	38.9199
3.54558	-0.126864	0.258407	81.8281
3.24248	-0.121797	0.241135	93.4656
12.7465	-0.468217	0.998169	1.443
12.7375	-0.468688	0.99905	1.45387
12.1765	-0.453015	0.976171	2.17261
9.93204	-0.400857	0.749528	8.07458
9.77527	-0.38212	0.734217	8.99425
8.9613	-0.331324	0.670219	13.9564
8.9118	-0.320831	0.664185	14.4015
8.43828	-0.278667	0.624288	16.501
8.36305	-0.274688	0.618279	17.2033
5.10846	-0.206437	0.449361	45.5308
3.60857	-0.130768	0.263956	76.2565
3.25605	-0.11945	0.240682	93.105
12.7808	-0.464804	1.0012	1.42285
12.7808	-0.464804	1.0012	1.42285
12.1803	-0.45522	0.976835	2.16199
9.81623	-0.383667	0.737364	9.0391
9.81623	-0.383667	0.737364	9.0391
9.02018	-0.334018	0.675025	13.672
9.02018	-0.334018	0.675025	13.672
8.38425	-0.272523	0.619593	17.2402
8.38425	-0.272523	0.619593	17.2402
4.76176	-0.197452	0.427313	55.3343
3.49322	-0.125671	0.255213	79.5764
3.49322	-0.125671	0.255213	79.5764
12.4442	-0.46055	0.985536	1.9206
12.4442	-0.46055	0.985536	1.9206
12.4442	-0.46055	0.985536	1.9206
9.49788	-0.386075	0.719054	8.84364
9.49788	-0.386075	0.719054	8.84364
9.49788	-0.386075	0.719054	8.84364
8.25051	-0.273306	0.60746	17.8814
8.25051	-0.273306	0.60746	17.8814
8.25051	-0.273306	0.60746	17.8814
7.21294	-0.276554	0.613976	20.2493
3.35504	-0.117643	0.239739	86.1305
3.35504	-0.117643	0.239739	86.1305
12.5923	-0.470666	0.991282	1.70153
12.4809	-0.460122	0.98945	1.84572
12.4809	-0.460122	0.98945	1.84572
9.85984	-0.408556	0.748715	7.31353
9.33259	-0.366858	0.70272	9.60477
9.33259	-0.366858	0.70272	9.60477
8.43831	-0.278918	0.621648	17.1754
8.3912	-0.279894	0.619301	17.1303
8.3912	-0.279894	0.619301	17.1303
6.51493	-0.252821	0.557041	25.2988
3.39639	-0.121748	0.245867	89.8486
2.83828	-0.100876	0.20099	106.125
12.6765	-0.471314	0.99391	1.54351
12.5042	-0.457387	0.99199	1.80691
12.5042	-0.457387	0.99199	1.80691
10.0851	-0.42329	0.767492	6.57632
9.19368	-0.345532	0.688226	10.6924
9.19368	-0.345532	0.688226	10.6924
8.55189	-0.282298	0.630227	16.7661
8.5147	-0.292578	0.630883	16.3702
8.5147	-0.292578	0.630883	16.3702
5.93465	-0.232287	0.51085	30.2501
3.61695	-0.13437	0.265178	82.5313
2.46611	-0.0888852	0.172921	128.259
12.7037	-0.469877	0.994614	1.47264
12.5122	-0.456461	0.992866	1.79869
12.5122	-0.456461	0.992866	1.79869
10.1617	-0.428263	0.773944	6.36478
9.13253	-0.333762	0.681472	11.2861
9.13253	-0.333762	0.681472	11.2861
8.5899	-0.283416	0.633098	16.6367
8.57061	-0.301082	0.636629	15.9797
8.57061	-0.301082	0.636629	15.9797
5.67891	-0.222819	0.491721	32.7483
3.76089	-0.141867	0.276163	76.9217
2.32691	-0.0844038	0.162366	141.105
12.6967	-0.464771	1.00077	1.5914
12.6967	-0.464771	1.00077	1.5914
12.5449	-0.456978	0.995903	1.78859
9.63301	-0.384223	0.726913	8.66315
9.63301	-0.384223	0.726913	8.66315
9.12409	-0.343494	0.683533	11.2277
8.59533	-0.285925	0.634764	16.3484
8.59533	-0.285925	0.634764	16.3484
8.48755	-0.27782	0.626399	16.7665
5.76127	-0.227113	0.49457	33.2197
2.9844	-0.10637	0.214953	107.697
2.60484	-0.0948738	0.186469	124.334
12.8265	-0.453068	1.0073	1.43989
12.762	-0.456155	1.00675	1.52258
12.5841	-0.455769	0.999909	1.76113
9.81678	-0.39491	0.741872	8.12368
9.43452	-0.356938	0.707182	10.3115
8.96238	-0.31983	0.667848	12.8799
8.7497	-0.300084	0.648949	15.3684
8.71809	-0.289586	0.644066	15.8945
8.57927	-0.283689	0.634417	16.2786
5.12068	-0.204108	0.442566	42.2491
3.06139	-0.112549	0.223511	104.88
2.28982	-0.0840579	0.163627	149.71
12.8699	-0.443548	1.00943	1.38633
12.7842	-0.451986	1.00879	1.50348
12.5972	-0.455872	1.00127	1.75204
9.87861	-0.398463	0.746936	7.93824
9.33939	-0.341141	0.697225	11.2169
8.88815	-0.305812	0.660089	13.7711
8.82979	-0.310943	0.657005	14.7721
8.75907	-0.290813	0.647171	15.7516
8.6297	-0.291307	0.639549	15.8673
4.82551	-0.192981	0.420177	47.0745
3.20108	-0.119677	0.234424	96.659
2.14385	-0.0787184	0.152653	165.065
12.9185	-0.438453	1.01554	1.37622
12.9185	-0.438453	1.01554	1.37622
12.6322	-0.456051	1.00474	1.72426
9.5819	-0.363862	0.718858	10.0246
9.5819	-0.363862	0.718858	10.0246
8.89012	-0.304623	0.659754	14.8068
8.89012	-0.304623	0.659754	14.8068
8.805	-0.299603	0.653559	14.5683
8.6326	-0.280519	0.638042	16.2186
4.40101	-0.17822	0.383352	59.7341
2.73852	-0.0992951	0.198996	123.489
2.38319	-0.0901853	0.176524	149.261
12.9709	-0.427931	1.01846	1.33862
12.9495	-0.431989	1.01832	1.35456
12.6483	-0.456306	1.00636	1.70905
9.6315	-0.366206	0.722801	9.91584
9.46449	-0.34546	0.706754	11.1124
8.98633	-0.317067	0.669375	14.0849
8.93683	-0.306145	0.663349	14.6259
8.73409	-0.287735	0.646589	15.4467
8.66811	-0.284134	0.641358	15.9666
4.03862	-0.165426	0.356153	70.6994
2.8006	-0.10318	0.204572	115.929
2.36743	-0.0881903	0.175073	150.358
13.0049	-0.422831	1.02149	1.32039
13.0049	-0.422831	1.02149	1.32039
12.6653	-0.456617	1.00807	1.69153
9.50637	-0.346905	0.709942	11.0679
9.50637	-0.346905	0.709942	11.0679
9.03868	-0.319147	0.673522	13.8618
9.03868	-0.319147	0.673522	13.8618
8.68142	-0.281497	0.64197	16.0441
8.68142	-0.281497	0.64197	16.0441
3.58881	-0.151645	0.326116	92.7091
2.65162	-0.0969888	0.193463	126.579
2.65162	-0.0969888	0.193463	126.579
12.8152	-0.45108	1.0117	1.5006
12.8152	-0.45108	1.0117	1.5006
12.8152	-0.45108	1.0117	1.5006
9.39436	-0.356068	0.704856	10.4412
9.39436	-0.356068	0.704856	10.4412
9.39436	-0.356068	0.704856	10.4412
8.69021	-0.28384	0.641683	16.0467
8.69021	-0.28384	0.641683	16.0467
8.69021	-0.28384	0.641683	16.0467
4.93922	-0.197765	0.425155	45.9637
2.31283	-0.0832197	0.165009	146.512
2.31283	-0.0832197	0.165009	146.512
12.9795	-0.427082	1.02113	1.36086
12.8881	-0.440211	1.01845	1.45959
12.8881	-0.440211	1.01845	1.45959
9.55764	-0.363802	0.717822	9.96253
9.19888	-0.329113	0.686173	12.2272
9.19888	-0.329113	0.686173	12.2272
8.81269	-0.287489	0.650918	15.6134
8.79573	-0.290188	0.650796	15.4725
8.79573	-0.290188	0.650796	15.4725
4.22469	-0.171046	0.365692	62.8627
2.37796	-0.0876838	0.17292	148.574
1.77618	-0.0644793	0.124766	198.745
13.0346	-0.410997	1.02427	1.3281
12.9126	-0.436664	1.02074	1.4485
12.9126	-0.436664	1.02074	1.4485
9.61225	-0.366423	0.722172	9.79754
9.09895	-0.312656	0.676041	13.2766
9.09895	-0.312656	0.676041	13.2766
8.86505	-0.299347	0.657654	14.9057
8.86505	-0.299347	0.657654	14.9057
8.85365	-0.288717	0.654008	15.4702
3.87692	-0.157733	0.338604	73.4154
2.52482	-0.0947452	0.184567	137.221
1.55344	-0.0565999	0.10787	233.279
13.0728	-0.40617	1.0296	1.32384
13.0728	-0.40617	1.0296	1.32384
12.9649	-0.430627	1.02562	1.42613
9.34212	-0.334829	0.697306	11.8162
9.34212	-0.334829	0.697306	11.8162
9.0318	-0.307339	0.670868	13.7975
8.92588	-0.294151	0.660647	15.0052
8.92588	-0.294151	0.660647	15.0052
8.84403	-0.286978	0.65397	15.4388
3.41688	-0.140036	0.296967	93.9622
1.92923	-0.0706827	0.139474	196.138
1.60813	-0.0601455	0.116609	245.728
13.1348	-0.388721	1.03332	1.29757
13.1042	-0.398413	1.03245	1.316
12.9907	-0.427515	1.02803	1.41481
9.39008	-0.336766	0.701039	11.6777
9.22634	-0.316851	0.685682	12.9609
9.00693	-0.304302	0.668596	14.3517
8.96932	-0.295481	0.663935	14.8499
8.9475	-0.294436	0.662679	14.7025
8.88786	-0.291131	0.658002	15.1182
2.98145	-0.123388	0.262439	118.309
1.99657	-0.0744747	0.145676	190.271
1.47944	-0.0553313	0.107806	276.362
13.1684	-0.380001	1.03636	1.28731
13.1684	-0.380001	1.03636	1.28731
13.0168	-0.424404	1.03049	1.40385
9.26896	-0.31826	0.688907	12.855
9.26896	-0.31826	0.688907	12.855
9.05434	-0.305971	0.672255	14.1689
9.05434	-0.305971	0.672255	14.1689
8.89574	-0.288158	0.658111	15.2201
8.89574	-0.288158	0.658111	15.2201
2.39999	-0.103082	0.220198	170.469
1.78302	-0.0660659	0.129954	224.293
1.78302	-0.0660659	0.129954	224.293
13.1667	-0.384354	1.03818	1.30758
13.1667	-0.384354	1.03818	1.30758
13.1667	-0.384354	1.03818	1.30758
9.16861	-0.312123	0.681321	13.3401
9.16861	-0.312123	0.681321	13.3401
9.16861	-0.312123	0.681321	13.3401
8.97173	-0.290929	0.66359	14.9875
8.97173	-0.290929	0.66359	14.9875
8.97173	-0.290929	0.66359	14.9875
2.50802	-0.103652	0.217517	150.176
1.1797	-0.0434503	0.0840784	353.398
1.1797	-0.0434503	0.0840784	353.398
13.2344	-0.361185	1.04238	1.29374
13.1983	-0.376993	1.04107	1.30478
13.1983	-0.376993	1.04107	1.30478
9.21433	-0.313733	0.684817	13.1896
9.0764	-0.298572	0.672398	14.2691
9.0764	-0.298572	0.672398	14.2691
9.02046	-0.295442	0.668052	14.6288
9.02046	-0.295442	0.668052	14.6288
9.01444	-0.292254	0.666807	14.8354
1.96577	-0.0820273	0.172636	214.202
1.26772	-0.0476116	0.0924064	355.151
0.77728	-0.0285021	0.053804	576.641
13.2678	-0.351562	1.04543	1.29848
13.2678	-0.351562	1.04543	1.29848
13.2299	-0.369476	1.04397	1.30259
9.11951	-0.299958	0.675649	14.1245
9.11951	-0.299958	0.675649	14.1245
9.06479	-0.296889	0.671412	14.4652
9.06479	-0.296889	0.671412	14.4652
9.02517	-0.292269	0.667857	14.7475
9.02517	-0.292269	0.667857	14.7475
1.20204	-0.0522328	0.110958	415.201
0.896127	-0.0335767	0.0652705	560.905
0.896127	-0.0335767	0.0652705	560.905
13.3012	-0.342504	1.04848	1.30925
13.3012	-0.342504	1.04848	1.30925
13.3012	-0.342504	1.04848	1.30925
9.06845	-0.293647	0.671116	14.589
9.06845	-0.293647	0.671116	14.589
9.06845	-0.293647	0.671116	14.589
9.06845	-0.293647	0.671116	14.589
9.06845	-0.293647	0.671116	14.589
9.06845	-0.293647	0.671116	14.589
0	0	0	0
0	0	0	0
0	0	0	0
