1980 Out of 49152 Velocities in m/s for a 16x16x16 Ar Lattice.
      0.1497      0.1497      0.1497      0.1497      0.1497      0.1497      0.1497      0.1497      0.1497      0.1497      0.1497      0.1497     -0.3467     -0.3466     -0.3466     -0.3466     -0.3235     -0.3466     -0.3466     -0.3022     -0.3461     -0.3447     -0.2545     -0.3386     -0.0012     -0.0913     -0.0073      0.0008     -0.0437      0.0002      0.0008     -0.0224      0.0007      0.0008      0.0008      0.0008
    -60.5546    -60.5546    120.9105    -60.5546    -60.5546    120.9105     60.8514     60.8513    120.9105     60.8514     60.8514    120.9105   -151.6655   -151.6655   -274.0879   -151.6655   -151.6655   -274.0879    151.3949    151.3949   -274.0879    151.3949    151.3949   -274.0879    -87.2528    -87.2528      0.6426    -87.2528    -87.2528      0.6426     86.8542     86.8542      0.6426     86.8542     86.8542      0.6426
   -119.1712   -119.1712    238.1578   -119.1712   -119.1712    238.1578    119.4603    119.4603    238.1578    119.4603    119.4603    238.1578   -285.2915   -285.2915   -508.4643   -285.2915   -285.2915   -508.4643    285.0732    285.0732   -508.4643    285.0732    285.0732   -508.4643   -171.0139   -171.0139      1.1875   -171.0139   -171.0139      1.1875    170.6225    170.6225      1.1875    170.6225    170.6225      1.1875
   -173.4476   -173.4476    347.3517   -173.4476   -173.4476    347.3517    173.7238    173.7238    347.3517    173.7238    173.7238    347.3517   -391.2224   -391.2224   -678.8409   -391.2224   -391.2224   -678.8409    391.0722    391.0722   -678.8409    391.0722    391.0722   -678.8409   -248.3023   -248.3023      1.5519   -248.3023   -248.3023      1.5519    247.9214    247.9214      1.5519    247.9214    247.9214      1.5519
   -220.7002   -220.7002    441.9298   -220.7002   -220.7002    441.9298    220.9588    220.9588    441.9298    220.9588    220.9588    441.9298   -469.0696   -469.0696   -777.2418   -469.0696   -469.0696   -777.2418    468.9895    468.9895   -777.2418    468.9895    468.9895   -777.2418   -316.1542   -316.1542      1.6801   -316.1541   -316.1541      1.6801    315.7859    315.7859      1.6801    315.7859    315.7859      1.6801
   -257.2881   -257.2881    509.2223   -257.2881   -257.2881    509.2223    257.5250    257.5250    509.2223    257.5250    257.5250    509.2223   -524.6003   -524.6003   -800.5364   -524.6003   -524.6003   -800.5364    524.5847    524.5847   -800.5364    524.5847    524.5847   -800.5364   -371.9352   -371.9352      1.5525   -371.9352   -371.9352      1.5525    371.5795    371.5795      1.5525    371.5795    371.5795      1.5525
   -277.7859   -277.7859    518.2006   -277.7859   -277.7859    518.2006    277.9994    277.9994    518.2006    277.9994    277.9994    518.2006   -566.8101   -566.8101   -730.6982   -566.8101   -566.8101   -730.6982    566.8484    566.8484   -730.6982    566.8484    566.8484   -730.6982   -413.4506   -413.4506      1.1884   -413.4506   -413.4506      1.1884    413.1056    413.1056      1.1884    413.1056    413.1056      1.1884
   -276.4915   -276.4915    385.4350   -276.4915   -276.4915    385.4350    276.6881    276.6881    385.4350    276.6881    276.6881    385.4350   -604.4613   -604.4613   -497.0027   -604.4613   -604.4613   -497.0027    604.5346    604.5346   -497.0027    604.5346    604.5346   -497.0027   -439.0469   -439.0469      0.6433   -439.0469   -439.0469      0.6433    438.7092    438.7092      0.6433    438.7092    438.7092      0.6433
   -266.7305   -266.7305      0.5793   -266.7305   -266.7305      0.5793    266.9250    266.9250      0.5793    266.9250    266.9250      0.5793   -626.1302   -626.1302     -0.7189   -626.1302   -626.1302     -0.7189    626.2116    626.2116     -0.7189    626.2116    626.2116     -0.7189   -447.6955   -447.6955      0.0008   -447.6955   -447.6955      0.0008    447.3602    447.3602      0.0008    447.3602    447.3602      0.0008
      0.1452     60.1820     60.1820      0.1452     60.1820     60.1820   -122.7603    179.5403    179.5403    123.0581    179.5403    179.5403     -0.1105   -371.4590   -371.4590     -0.1105   -371.4590   -371.4590     -0.2154   -121.0937   -121.0937     -0.2154   -121.0937   -121.0937   -173.6064    -21.7334    -21.7334    173.6174    -21.7334    -21.7334   -305.8156    -15.5130    -15.5130    305.1638    -15.5130    -15.5130
    -56.9313     -0.6018    179.5344     57.2098     -0.6018    179.5344   -184.4508    234.0487    292.6054    184.7443    234.0487    292.6054   -162.1640   -420.3202   -602.3705    161.9860   -420.3202   -602.3705   -374.6753    226.1530   -383.5156    374.3350    226.1530   -383.5156    -54.8987   -258.5264    -90.0324     54.4792   -258.5264    -90.0324   -324.9244    -31.6981     89.8378    324.6902    -31.6981     89.8378
   -107.9577    -59.2145    293.2469    108.2189    -59.2145    293.2469   -243.5709    282.2852    395.2618    243.8549    282.2852    395.2618   -283.1091   -470.7523   -749.8061    282.9866   -470.7523   -749.8061   -481.6692    342.6827   -577.6335    481.4635    342.6827   -577.6335   -117.9364   -355.7170    -74.1832    117.5363   -355.7170    -74.1832   -402.3410     60.3416     79.9617    402.0579     60.3416     79.9617
   -149.8670   -112.9580    395.4315    150.1055   -112.9580    395.4315   -297.8405    321.7447    480.3675    298.1102    321.7447    480.3675   -373.7170   -507.0583   -825.8104    373.6556   -507.0583   -825.8104   -554.6680    439.1463   -700.5629    554.5604    439.1463   -700.5629   -176.5633   -430.1272    -60.6245    176.1832   -430.1272    -60.6245   -472.7667    139.3449     68.2783    472.4735    139.3449     68.2783
   -178.1758   -158.0281    474.9174    178.3868   -158.0281    474.9174   -344.4071    349.1865    534.0862    344.6580    349.1865    534.0862   -443.3936   -529.5318   -833.8688    443.3927   -529.5318   -833.8688   -599.9611    514.9479   -742.6986    599.9322    514.9479   -742.6986   -225.4060   -487.3036    -46.5784    225.0433   -487.3036    -46.5784   -532.0405    204.0670     54.0654    531.7489    204.0670     54.0654
   -185.5298   -188.1817    503.3705    185.7124   -188.1817    503.3705   -379.2970    360.3284    523.9755    379.5261    360.3284    523.9755   -503.2725   -545.7389   -759.1204    503.3248   -545.7389   -759.1204   -626.4747    575.2966   -683.3176    626.5077    575.2966   -683.3176   -261.8119   -528.3029    -31.6548    261.4624   -528.3029    -31.6548   -576.9048    252.3819     37.5156    576.6186    252.3819     37.5156
   -162.9855   -194.3679    394.7810    163.1545   -194.3679    394.7810   -397.8229    352.6898    372.4139    398.0320    352.6898    372.4139   -565.0606   -566.5508   -527.4224    565.1416   -566.5508   -527.4224   -643.0752    624.7511   -458.0235    643.1512    624.7511   -458.0235   -284.2267   -553.0621    -16.0185    283.8856   -553.0621    -16.0185   -604.8766    282.2915     19.2213    604.5953    282.2915     19.2213
   -135.6547   -185.5883      0.6180    135.8364   -185.5883      0.6180   -401.5550    342.1572      0.5426    401.7553    342.1572      0.5426   -605.2921   -584.1910     -0.7833    605.3653   -584.1910     -0.7833   -650.7678    649.0305     -0.6505    650.8600    649.0305     -0.6505   -291.7910   -561.3490     -0.0198    291.4527   -561.3490     -0.0198   -614.3809    292.4232      0.0239    614.1015    292.4232      0.0239
      0.1309    118.6121    118.6121      0.1309    118.6121    118.6121   -250.8402    341.0437    341.0437    251.1322    341.0437    341.0437     -0.0850   -613.2521   -613.2521     -0.0850   -613.2521   -613.2521     -0.1882   -226.9808   -226.9808     -0.1882   -226.9808   -226.9808   -337.9246    -39.7119    -39.7119    337.9615    -39.7119    -39.7119   -586.1680    -29.0873    -29.0873    585.6326    -29.0873    -29.0873
    -49.2281     57.4565    234.5139     49.4666     57.4565    234.5139   -316.4955    381.5598    435.4764    316.7805    381.5598    435.4764   -148.3469   -586.5754   -758.0878    148.2277   -586.5754   -758.0878    -37.0326   -363.6312   -176.0407     36.6788   -363.6312   -176.0407   -561.0051    306.9508   -468.9488    560.6839    306.9508   -468.9488   -550.6983   -159.3514    172.4468    550.6176   -159.3514    172.4468
    -87.4672     -1.3934    341.9302     87.6755     -1.3934    341.9302   -379.5263    411.9944    509.7669    379.7987    411.9944    509.7669   -262.7639   -559.6426   -828.3660    262.7115   -559.6426   -828.3660   -634.0937    408.7818   -609.8909    633.9458    408.7818   -609.8909    -75.1817   -466.9243   -135.6148     74.8437   -466.9243   -135.6148   -620.5580    -68.3412    146.5416    620.4019    -68.3412    146.5416
   -109.2871    -54.2353    431.4087    109.4585    -54.2353    431.4087   -437.7440    429.7276    549.3229    437.9987    429.7276    549.3229   -352.5634   -535.3331   -832.2916    352.5793   -535.3331   -832.2916   -671.6180    495.0150   -669.3520    671.5762    495.0150   -669.3520   -110.3261   -540.4870   -100.5507    110.0029   -540.4870   -100.5507   -682.0514      7.0446    115.8987    681.8773      7.0446    115.8987
   -105.0932    -94.4456    478.4966    105.2252    -94.4456    478.4966   -488.0660    431.8517    521.5226    488.2989    431.8517    521.5226   -432.9165   -516.7939   -761.7857    432.9949   -516.7939   -761.7857   -684.0162    566.4950   -623.0696    684.0502    566.4950   -623.0696   -137.8721   -590.1859    -66.9801    137.5610   -590.1859    -66.9801   -729.6902     63.7796     80.4744    729.5137     63.7796     80.4744
    -60.0286   -109.7652    399.1976     60.1471   -109.7652    399.1976   -525.0920    418.7940    356.5294    525.3028    418.7940    356.5294   -522.3506   -514.7839   -545.4380    522.4565   -514.7839   -545.4380   -682.3144    623.1459   -413.7029    682.4001    623.1459   -413.7029   -155.2376   -619.1207    -33.5503    154.9341   -619.1207    -33.5503   -759.8354     99.1286     41.2717    759.6607     99.1286     41.2717
     -8.9532   -102.3942      0.6599      9.1153   -102.3942      0.6599   -539.5715    407.6497      0.5069    539.7715    407.6497      0.5069   -588.0050   -526.6249     -0.8419    588.0720   -526.6249     -0.8419   -679.2268    648.7011     -0.5800    679.3327    648.7011     -0.5800   -161.1536   -628.6412     -0.0414    160.8529   -628.6412     -0.0414   -770.1548    111.1462      0.0513    769.9812    111.1462      0.0513
      0.1036    172.8978    172.8978      0.1036    172.8978    172.8978   -390.5784    466.4766    466.4766    390.8577    466.4766    466.4766     -0.0493   -702.5221   -702.5221     -0.0493   -702.5221   -702.5221     -0.1496   -307.2038   -307.2038     -0.1496   -307.2038   -307.2038   -485.0955    -51.0382    -51.0382    485.1690    -51.0382    -51.0382   -817.1996    -39.6040    -39.6040    816.8346    -39.6040    -39.6040
    -36.2106    110.5721    282.6260     36.3769    110.5721    282.6260   -464.2659    486.6316    529.1981    464.5331    486.6316    529.1981   -134.9572   -622.0751   -773.9296    134.9177   -622.0751   -773.9296    -19.7807   -433.3731   -236.8304     19.5108   -433.3731   -236.8304   -704.5458    370.3551   -514.4144    704.2982    370.3551   -514.4144   -740.5458   -267.0476    233.0915    740.6135   -267.0476    233.0915
    -53.4788     50.8156    378.9726     53.5932     50.8156    378.9726   -535.8530    494.1523    554.8219    536.1022    494.1523    554.8219   -248.2401   -545.6915   -786.2655    248.2805   -545.6915   -786.2655    -36.1599   -531.5164   -171.6679     35.9046   -531.5164   -171.6679   -739.3721    459.8045   -588.1408    739.3108    459.8045   -588.1408   -799.5905   -186.4811    185.8935    799.5716   -186.4811    185.8935
    -39.8298      0.0304    442.2781     39.8837      0.0304    442.2781   -602.5667    487.6507    511.6228    602.7934    487.6507    511.6228   -351.7628   -484.8883   -731.2700    351.8876   -484.8883   -731.2700   -739.8457    535.9350   -555.6891    739.8852    535.9350   -555.6891    -50.1898   -598.5203   -112.0718     49.9435   -598.5203   -112.0718   -848.4984   -124.0433    129.7764    848.4608   -124.0433    129.7764
    -28.2999    -26.9729    396.4605     28.3288    -26.9729    396.4605   -657.0344    470.0149    338.4163    657.2391    470.0149    338.4163   -472.2888   -453.0086   -545.9467    472.4534   -453.0086   -545.9467   -722.5520    595.2760   -367.0644    722.6527    595.2760   -367.0644    -59.7049   -637.1339    -55.4541     59.4640   -637.1339    -55.4541   -880.1937    -84.5280     66.7906    880.1529    -84.5280     66.7906
   -112.6643    -22.0546      0.7073    112.8005    -22.0546      0.7073   -573.9523   -456.5035     -0.8934    574.0147   -456.5035     -0.8934   -680.4222    458.4351      0.4720    680.6169    458.4351      0.4720   -711.0452    620.7171     -0.5100    711.1681    620.7171     -0.5100    -63.0614   -649.7318     -0.0681     62.8224   -649.7318     -0.0681   -891.1570    -70.9911      0.0831    891.1163    -70.9911      0.0831
      0.0549    219.0415    219.0415      0.0549    219.0415    219.0415   -550.7481    537.7600    537.7600    551.0029    537.7600    537.7600      0.0020   -674.3362   -674.3362      0.0020   -674.3362   -674.3362     -0.1065   -356.3234   -356.3234     -0.1065   -356.3234   -356.3234   -609.5038    -54.1993    -54.1993    609.6175    -54.1993    -54.1993   -975.9136    -47.0676    -47.0676    975.7462    -47.0676    -47.0676
    -14.7986    153.5968    317.9908     14.8323    153.5968    317.9908   -637.5311    534.6816    550.5984    637.7669    534.6816    550.5984   -129.4917   -559.0116   -693.4473    129.5817   -559.0116   -693.4473     -2.7905   -469.2220   -264.5370      2.6073   -469.2220   -264.5370   -798.1614    404.6307   -505.3977    798.0338    404.6307   -505.3977   -874.3636   -341.4745    258.2665    874.5495   -341.4745    258.2665
     -5.6492     91.6275    392.9453      5.5830     91.6275    392.9453   -721.6128    520.1250    495.1229    721.8259    520.1250    495.1229   -255.3369   -454.6215   -660.9041    255.5463   -454.6215   -660.9041     -1.3663   -555.7298   -173.1117      1.1943   -555.7298   -173.1117   -792.6574    479.6143   -486.9145    792.7013    479.6143   -486.9145   -917.8920   -278.8935    182.4233    917.9964   -278.8935    182.4233
    -95.7569     48.9046    382.3629     95.6203     48.9046    382.3629   -408.4881   -385.4631   -521.7444    408.7836   -385.4631   -521.7444   -792.8146    498.8356    318.6936    793.0084    498.8356    318.6936     -0.0852   -608.2806    -85.3739     -0.0833   -608.2806    -85.3739   -762.9504    536.9521   -321.2349    763.0700    536.9521   -321.2349   -948.8629   -237.9998     94.4400    948.9517   -237.9998     94.4400
   -228.9473     48.7027      0.7628    229.0531     48.7027      0.7628   -562.8357   -376.4456     -0.9368    562.8947   -376.4456     -0.9368   -823.9361    487.0721      0.4379    824.1230    487.0721      0.4379     -0.2291   -625.7486     -0.1047      0.0612   -625.7486     -0.1047   -744.9222    560.7269     -0.4438    745.0650    560.7269     -0.4438   -959.8174   -223.8301      0.1177    959.9038   -223.8301      0.1177
     -0.0414    249.3259    249.3259     -0.0414    249.3259    249.3259   -741.3813    536.9896    536.9896    741.5977    536.9896    536.9896      0.0957   -565.7787   -565.7787      0.0957   -565.7787   -565.7787     -0.0653   -369.6505   -369.6505     -0.0653   -369.6505   -369.6505   -707.8111    -49.1452    -49.1452    707.9620    -49.1452    -49.1452  -1041.7589    -51.7966    -51.7966   1041.7878    -51.7966    -51.7966
    -23.9976    176.0009    328.2918     23.7404    176.0009    328.2918   -139.6590   -428.6930   -548.7228    140.0297   -428.6930   -548.7228   -843.7674    515.5210    473.1701    843.9633    515.5210    473.1701    -11.9232   -465.6947   -250.8857     11.8171   -465.6947   -250.8857   -837.7690    394.4690   -422.1764    837.7926    394.4690   -422.1764   -936.4827   -370.5578    233.7323    936.7325   -370.5578    233.7323
   -131.2194    111.6497    349.0552    130.7525    111.6497    349.0552   -321.0213   -317.6145   -462.9336    321.6146   -317.6145   -462.9336   -931.2957    491.9313    298.1570    931.4793    491.9313    298.1570    -24.2288   -531.5559   -125.8641     24.1283   -531.5559   -125.8641   -801.1750    445.2843   -279.6021    801.3147    445.2843   -279.6021   -960.9393   -332.0534    122.1775    961.1292   -332.0534    122.1775
   -338.5967     99.6442      0.8292    338.6726     99.6442      0.8292   -554.4130   -288.7567     -0.9712    554.4697   -288.7567     -0.9712   -969.4589    480.4387      0.4051    969.6411    480.4387      0.4051    -29.0928   -554.7494     -0.1550     28.9924   -554.7494     -0.1550   -778.3498    465.6499     -0.3850    778.5142    465.6499     -0.3850   -970.6186   -318.3677      0.1527    970.7999   -318.3677      0.1527
     -0.2938    246.7616    246.7616     -0.2938    246.7616    246.7616      0.3443   -404.1660   -404.1660      0.3443   -404.1660   -404.1660   -964.6733    447.9590    447.9590    964.8559    447.9590    447.9590     -0.0325   -335.1020   -335.1020     -0.0325   -335.1020   -335.1020   -778.4340    -37.0320    -37.0320    778.6143    -37.0320    -37.0320  -1005.3690    -51.4864    -51.4864   1005.5516    -51.4864    -51.4864
   -114.8394    154.8404    283.7299    113.6351    154.8404    283.7299   -194.9322   -256.9155   -358.9023    196.2417   -256.9155   -358.9023  -1067.8634    424.8624    278.2327   1068.0477    424.8624    278.2327    -19.3123   -402.9953   -175.0735     19.2610   -402.9953   -175.0735   -833.0617    320.4049   -245.5904    833.2153    320.4049   -245.5904   -924.8453   -337.6734    147.3266    925.0981   -337.6734    147.3266
   -437.5929    115.6096      0.9049    437.6479    115.6096      0.9049   -548.5083   -195.5168     -0.9961    548.5635   -195.5168     -0.9961  -1112.5367    414.6525      0.3753   1112.7288    414.6525      0.3753    -28.2593   -429.3280     -0.2188     28.2090   -429.3280     -0.2188   -807.4884    335.6304     -0.3382    807.6732    335.6304     -0.3382   -931.3730   -326.0408      0.1849    931.6017   -326.0408      0.1849
     -1.6081    174.3043    174.3043     -1.6081    174.3043    174.3043      1.6591   -209.9124   -209.9124      1.6591   -209.9124   -209.9124  -1183.9138    262.0725    262.0725   1184.1206    262.0725    262.0725     -0.0152   -220.8672   -220.8672     -0.0152   -220.8672   -220.8672   -820.8450    -19.8364    -19.8364    821.0441    -19.8364    -19.8364   -899.2996    -36.7476    -36.7476    899.5295    -36.7476    -36.7476
   -513.6699     80.7073      0.9752    513.7207     80.7073      0.9752   -545.0073    -98.6532     -1.0112    545.0616    -98.6532     -1.0112  -1233.8851    255.4164      0.3522   1234.1121    255.4164      0.3522    -10.7337   -240.5946     -0.2816     10.7059   -240.5946     -0.2816   -827.7004    176.3230     -0.3078    827.9003    176.3230     -0.3078   -868.4021   -217.3836      0.2096    868.6258   -217.3836      0.2096
   -543.8470      0.1118      0.1118   -543.8470      0.1112      0.1118    543.9010     -0.1213     -0.1218    543.9010     -0.1219     -0.1219  -1286.0518      0.3429      0.3429   1286.3062      0.3429      0.3429     -0.0123     -0.3100     -0.3100     -0.0123     -0.3100     -0.3100   -834.9759      0.2210      0.2210   -834.9759      0.2159      0.2124    835.1813     -0.2937     -0.2902    835.1813     -0.2987     -0.2987
     58.3338     58.3338     58.3338    117.2510    117.2510    117.2510     58.3250     58.3250     58.3250    241.1631    241.1631    241.1631   -349.5269   -349.5269   -349.5269   -153.3646   -153.3646   -153.3646   -349.6036   -349.6036   -349.6036   -135.3783   -135.3783   -135.3783   -104.6349   -104.6350   -104.6350   -135.3554   -135.3554   -135.3554    101.3305    101.3305    101.3305    101.6764    101.6764    101.6764
     56.3358     56.3358    122.3951     52.7346     52.7346    230.7464     52.7171     52.7171    230.7464    300.1949    300.1949    351.6738   -263.7823   -263.7823   -725.0352   -243.3158   -243.3158   -448.3341   -243.1396   -243.1396   -448.3341   -181.2371   -181.2371   -152.9643   -220.5102   -220.5102    -31.6952   -220.7833   -220.7833    -31.6952    288.4163    288.4163   -245.2004    151.9949    151.9949    169.1272
     -0.8721     -0.8721    242.3752     43.2315     43.2315    335.9725     43.2059     43.2059    335.9725    354.6992    354.6992    449.7068   -344.8345   -344.8345   -838.0586   -176.8292   -176.8292   -635.5407   -176.7143   -176.7143   -635.5407   -249.3909   -249.3909   -134.9672    417.3458    417.3458   -473.0976   -256.6573   -256.6573     -7.5465   -256.8972   -256.8972     -7.5465    236.0885    236.0885    156.2170
    -51.3777    -51.3777    354.4250     29.5165     29.5165    426.1739     29.4837     29.4837    426.1739    402.5651    402.5651    527.7927   -401.0568   -401.0568   -889.4709   -129.4515   -129.4515   -736.5955   -129.4058   -129.4058   -736.5955    516.2937    516.2937   -628.3476   -307.3678   -307.3678   -112.8957   -268.6346   -268.6346     -1.6029   -268.8207   -268.8207     -1.6029    313.1220    313.1220    136.0673
    -90.6171    -90.6171    449.6044     11.0581     11.0581    488.4234     11.0198     11.0198    488.4234    441.2433    441.2433    571.3747   -440.4679   -440.4679   -883.2324    -86.9342    -86.9342   -760.7160    -86.9300    -86.9300   -760.7160    586.2556    586.2556   -695.9800   -353.8111   -353.8111    -87.5509   -273.4954   -273.4954      0.2416   -273.6473   -273.6473      0.2416    378.9038    378.9038    109.1194
   -110.1296   -110.1296    504.3561    -12.7401    -12.7401    491.9529    -12.7802    -12.7802    491.9529    467.4721    467.4721    547.0023   -474.7939   -474.7939   -808.1157    -46.2706    -46.2706   -691.5742    -46.2918    -46.2918   -691.5742    633.6075    633.6075   -653.3187   -387.6979   -387.6979    -59.7416   -275.6641   -275.6641      0.6726   -275.7955   -275.7955      0.6726    429.4113    429.4113     76.3554
    -94.2574    -94.2574    432.0348    -40.1207    -40.1207    359.1543    -40.1541    -40.1541    359.1543    478.4487    478.4487    379.0237   -522.0572   -522.0572   -588.1635     -8.8137     -8.8137   -464.2337     -8.8559     -8.8559   -464.2337    664.9894    664.9894   -439.0329   -408.3124   -408.3124    -30.2839   -276.6048   -276.6048      0.4700   -276.7252   -276.7252      0.4700    461.2497    461.2497     39.3140
    -60.0151    -60.0151      0.7368    -55.6986    -55.6986      0.5318    -55.7224    -55.7224      0.5318    479.1075    479.1075      0.5440   -566.6150   -566.6150     -0.9308     10.1193     10.1193     -0.6634     10.0631     10.0631     -0.6634    678.1414    678.1414     -0.6207   -415.2307   -415.2307     -0.0375   -276.8690   -276.8690      0.0006   -276.9859   -276.9859      0.0006    472.1321    472.1321      0.0489
    105.5927    114.5581    114.5581    105.5927    114.5393    114.5393   -129.1372    274.1185    274.1185    365.1698    406.2422    406.2422    -79.7361   -604.9879   -604.9879    -79.7361   -605.0502   -605.0502   -769.7357   -143.0370   -143.0370   -137.1308   -222.2650   -222.2650   -137.1308   -222.2798   -222.2798   -317.7843   -114.6086   -114.6086    347.0856     41.7037     41.7037    339.4579    113.8291    113.8291
     47.5901    106.2279    184.8680    144.6126     -2.2300    273.3108   -196.9561    307.5337    369.0030    427.2636    454.6182    497.9455   -201.7203   -437.8367   -874.2615     96.8828   -733.6645   -614.0055   -735.9475    181.1287   -493.4143   -165.5429   -300.8231   -210.8383   -105.5251   -402.0951   -137.1790   -498.5253   -223.8562     51.5601    477.9537    358.7115   -348.0412    430.2340     19.8836    236.6041
     -2.3885     48.3467    304.0369    170.0486    -65.6676    366.1495   -264.6351    328.4589    445.7456    484.7389    495.0083    567.6016   -283.2915   -437.2902   -912.8061    238.1474   -679.2026   -715.4098   -710.0746    318.0890   -630.9015   -200.2673   -379.6661   -170.9168    -65.0506   -529.4826    -95.0852    585.9339    477.9573   -536.6837   -628.2083   -166.0521     65.9449    502.9574     96.5717    212.6718
    -39.3764     -1.5259    412.1614    177.0289   -126.3118    434.5347   -329.9366    333.6837    490.3167    535.6383    525.3546    600.1766   -340.8415   -433.8157   -899.4603    352.6614   -629.1050   -737.7016   -691.6120    421.1279   -671.6594   -232.0993   -436.2024   -130.4131    654.8710    563.1915   -630.6926    -23.9881   -621.7401    -65.5401   -711.0374   -100.7193     55.8675    568.4353    170.3759    172.3488
    -53.1154    -34.8297    492.3853    158.3698   -179.6416    449.9613   -389.4508    319.7229    471.7881    577.3951    543.3230    561.8896   -391.1372   -433.7718   -831.0166    454.3947   -585.7236   -670.3334   -666.7626    510.1902   -611.9469    692.4509    624.3378   -608.1283   -256.7345   -474.9647    -88.1960      9.2821   -683.5490    -41.8530   -766.9151    -49.4137     39.5433    620.6625    228.5301    121.4528
    -17.8453    -29.6556    470.0447    110.0014   -217.6859    337.3629   -436.1476    288.5697    324.8475    606.1560    547.9630    380.4490   -463.5851   -458.8035   -643.3258    551.3126   -554.4101   -452.7692   -640.5062    585.7983   -400.5539    708.5409    665.6138   -411.2900   -272.1376   -497.7596    -44.5017     30.5173   -719.2520    -20.5184   -800.0208    -17.2247     20.4020    654.4158    265.6512     62.8173
     58.2004     17.0414      0.9274     72.2291   -231.1285      0.5076   -455.4703    267.7063      0.4627   -551.8297   -512.0934     -1.1425    616.7282    546.3827      0.5389    605.0670   -543.3129     -0.6519   -627.8893    621.3837     -0.5583    712.4483    682.2213     -0.5800   -277.3649   -505.2952     -0.0550     37.7840   -730.9541     -0.0251   -811.0435     -6.2785      0.0254    666.0977    278.4171      0.0783
     83.3787    165.6323    165.6323     83.3787    165.6009    165.6009   -272.7869    390.6664    390.6664    498.5035    538.6703    538.6703    -42.4378   -693.6118   -693.6118    -42.4378   -693.6534   -693.6534   -115.7182   -299.3341   -299.3341   -115.7182   -299.3672   -299.3672   -931.0814   -120.2396   -120.2396   -449.1846   -115.2310   -115.2310    507.8295     21.1538     21.1538    632.2367     78.6419     78.6419
     30.8441    144.9997    245.1526    102.6631     56.3875    301.3269   -351.1165    399.0672    453.2009    567.0268    570.5657    599.0405   -148.8356   -483.5818   -881.2362    114.8431   -750.4907   -636.6008   -833.7953    261.0037   -499.4241   -124.8629   -386.6020   -250.5890    -87.0360   -453.2773   -215.9182   -645.9656   -299.1961    121.0949    640.8973    410.9450   -420.1773    687.2590   -114.3433    278.9726
     -8.3113     84.7295    362.0573     99.6351    -10.4355    372.4896   -430.1127    392.1149    480.7421    631.3611    592.2547    620.4970   -225.1450   -427.0333   -872.5880    257.1976   -650.8556   -665.3809   -771.3292    386.8549   -572.2326   -137.1709   -465.1570   -185.4482    -65.1433   -568.1156   -153.7737   -764.0844   -247.3415    117.2952    719.5834    521.3032   -552.3254    744.3119    -57.0524    239.8320
    -23.8146     35.2429    463.5219     65.3941    -74.0190    396.6468   -506.3775    368.6220    444.1126    689.3230    602.5033    569.5468   -287.5381   -383.1311   -818.5535    388.8607   -561.8133   -611.6045   -721.4606    482.0433   -526.1232   -148.9550   -517.1405   -123.1108    -47.0600   -650.8340    -98.2811    751.7920    592.5193   -552.9911   -831.7147   -191.7867     84.6369    796.1540      1.9324    171.6600
     -5.4574   -125.2861    304.3584     18.4462     20.6810    502.7689   -570.2164    334.3563    291.4502   -374.8189   -372.9620   -684.4549    735.4098    602.0489    377.9934    516.8311   -495.8211   -417.5774   -675.0861    558.0089   -338.3819   -157.1241   -546.8478    -61.5130    -34.8517   -699.4251    -47.9470    755.4312    639.5921   -378.2809   -869.8565   -155.1443     43.9116    831.3022     41.5598     89.4236
    -59.0406   -146.5563      0.4639    168.5522     90.8674      1.3270   -597.8067    315.0633      0.4036   -539.6610   -444.7692     -1.5525    589.2083   -469.8197     -0.6057    755.0078    598.9893      0.5296   -653.3871    591.0893     -0.4638   -160.0168   -556.5246     -0.0758    -30.5423   -715.3683     -0.0586    751.6931    657.8782     -0.5334   -882.3779   -142.4953      0.0547    843.7111     55.4176      0.1117
     43.8491    205.8496    205.8496     43.8491    205.7994    205.7994   -442.6428    447.5733    447.5733    648.3491    621.4549    621.4549      1.2908   -661.0584   -661.0584      1.2908   -661.0769   -661.0769    -84.2255   -347.8136   -347.8136    -84.2255   -347.8517   -347.8517  -1014.9455    -85.4284    -85.4284   -557.4072   -106.1385   -106.1385    648.5493      5.7933      5.7933    873.5414     32.2177     32.2177
     -3.0691    162.4972    298.5163     29.7389    106.2555    302.0885   -537.3184    428.1550    459.9256    727.6204    634.3399    632.5345    -87.5815   -420.8612   -795.2339    159.7468   -668.7201   -549.1631    -77.3550   -440.4683   -260.8722    -68.3851   -471.8626   -260.9752   -864.2578    321.6090   -455.3544   -753.2945   -338.6735    166.4101    768.6390    437.4897   -448.7278    889.6978   -240.2555    284.9509
    -21.9981     30.8019    329.7972    -31.4580     93.5434    411.7857   -630.7698    396.0075    410.0419   -153.9172   -325.4296   -759.5739    802.7959    637.6840    571.0820    321.9878   -538.7729   -510.1251    -73.1369   -511.4415   -170.7702    -64.0335   -570.6914   -173.0981   -774.0829    428.4926   -439.1289   -847.8370   -294.9341    132.8256    808.9398    531.0357   -491.0061    927.2710   -206.5122    219.5801
   -116.8335    -37.8051    256.1092    -16.5831     40.3542    506.4220   -224.1420   -257.3898   -539.1418   -709.5582    359.4158    112.7882    484.9067   -432.3249   -351.5574    866.3015    633.5987    372.9972   -708.5075    500.8947   -280.1135    -71.4741   -552.6656    -84.5188    -63.1428   -634.7677    -85.6072    804.4285    581.2601   -343.1490   -892.5231   -256.5339     70.1611    959.7686   -171.1909    116.3142
   -185.8815    -70.1840      0.3916    271.0366    154.9796      2.9838   -529.9307   -367.2911     -3.2059   -743.2410    341.3148      0.3509    576.8035   -386.7302     -0.5115    894.5307    629.8773      0.5182   -679.9951    530.4924     -0.3798    -71.1003   -566.1302     -0.1038    -63.0001   -656.6714     -0.1050    794.5614    599.5598     -0.4854   -906.5348   -242.7656      0.0878    971.8971   -158.0832      0.1459
    -31.9975    221.6677    221.6677    -31.9975    221.5860    221.5860   -649.0411    428.6176    428.6176     75.6408   -538.8848   -538.8848     75.6408   -538.8732   -538.8732    823.6750    636.8171    636.8171    -52.2702   -362.0391   -362.0391    -52.2702   -362.0042   -362.0042  -1008.8903    -41.7577    -41.7577   -641.3221    -88.1580    -88.1580    762.8496     -3.1999     -3.1999   1027.7179    -24.2239    -24.2239
   -106.3016    129.8545    245.3084    -87.3722    130.8880    329.5264   -759.1728    389.6765    371.1091     20.8639   -262.1865   -643.5454    263.9252   -513.0001   -367.5270    917.5286    634.5779    567.9963    -51.9067   -453.4297   -261.6198    -33.2112   -455.7080   -235.0568   -829.8313    342.8704   -349.0825   -811.4140   -333.9666    172.5631    853.6016    424.6524   -412.5417   1004.9422   -341.0306    243.4398
   -225.8928     37.0839    186.7156   -153.5760     15.2345    424.4754     19.7407   -110.8390   -586.3345   -850.4421    352.3345    227.1540    460.9185   -365.0195   -248.0413    999.3657    628.7951    367.0512    -60.6134   -527.8820   -134.7875    -19.9267   -510.6973   -116.4944   -739.5568    412.8192   -228.4474   -870.3660   -302.9319     97.3231    852.2219    485.6256   -308.4185   1020.9880   -327.4807    138.8670
   -305.0142    -10.2774      0.2793   -522.4923   -282.0162      3.3218    366.1398    198.6004     -3.5233    567.4915   -296.2682     -0.3552   -888.5201    335.6065      0.3034   1036.4963    625.4303      0.5073    -65.1616   -555.6455     -0.1675    -15.3236   -529.2828     -0.1430   -705.7156    437.6179     -0.3083   -886.0024   -289.1389      0.1228    838.0346    502.5323     -0.4407   1030.1676   -317.5027      0.1760
   -197.9920    173.7544    173.7544   -197.9920    173.8618    173.8618    238.4349   -331.7836   -331.7836    238.4349   -331.7601   -331.7601   -883.6397    330.6212    330.6212   1031.8101    562.4935    562.4935    -26.1923   -329.8412   -329.8412    -26.1923   -329.8221   -329.8221   -919.6072     -0.6431     -0.6431   -700.8427    -62.9682    -62.9682    846.6042     -6.0919     -6.0919   1064.9269    -79.6442    -79.6442
   -337.2469     85.7696     89.6764   -335.8083    -25.0643    242.6216    298.9588     17.8220   -373.5680    458.0554   -287.7180   -105.9427   -984.0664    296.4981    198.1511   1133.8374    557.6316    362.2095    -38.0670   -381.1229   -190.4100     -3.1704   -410.5769   -157.9952   -766.8712    294.1197   -184.5790   -814.6365   -276.7822    120.5658    891.8752    348.7255   -271.9947   1016.8080   -379.9320    147.9152
   -409.2585     23.4120      0.1231   -517.2415   -191.0778      0.5449    453.4363    202.4880     -0.7071    561.0099   -200.4343     -0.1371  -1024.9056    282.3398      0.2619    -46.1713   -410.2387     -0.2423      5.7946   -433.4254     -0.1953   1180.9858    555.8906      0.5002   -727.7071    313.5477     -0.2529   -833.3537   -265.8364      0.1566    876.9545    365.3231     -0.4039   1017.4818   -377.7101      0.1971
   -451.0467     26.5161     26.5161   -451.0467     26.4414     26.4414    491.5036    -61.3110    -61.3110    491.5036    -61.5090    -61.5090  -1089.2806    175.8837    175.8837    -12.1111   -219.1379   -219.1379    -12.1111   -219.1595   -219.1595   1256.8797    360.5102    360.5102   -802.4050     15.9039     15.9039   -736.3125    -32.7634    -32.7634    897.5380     -4.3036     -4.3036    988.2520    -92.0040    -92.0040
   -484.7378     24.3886     -0.0419   -514.1135    -96.4490      0.1289    525.1463    138.1440     -0.2425    557.1853   -101.0863      0.0886  -1131.2415    167.1308      0.2313    -21.3027   -220.5955     -0.3107     -0.7197   -256.7192     -0.2516   1315.1330    360.9175      0.4995   -742.7281    164.0271     -0.2175   -774.7372   -163.4682      0.1831    904.5516    193.1146     -0.3795    956.0795   -280.8367      0.2061
   -513.0743      0.0364      0.0364   -513.0743     -0.1192     -0.1192    555.9208      0.1924      0.1924    555.9208     -0.1249     -0.1249  -1173.3448      0.2195      0.2195     -9.7478     -0.2890     -0.2890     -9.7478     -0.3300     -0.3300   1379.6418      0.5015      0.5015   -748.0884      0.2052      0.2052   -748.0884     -0.2169     -0.2169    914.6117      0.2425      0.2425    914.6117     -0.4067     -0.4067
    102.2780    102.2780    102.2780    207.1353    207.1353    207.1353    102.2412    102.2412    102.2412    468.1858    468.1858    468.1858   -555.8273   -555.8273   -555.8273   -224.5102   -224.5102   -224.5102   -555.9558   -555.9558   -555.9558   -234.9548   -234.9548   -234.9548   -181.5150   -181.5150   -181.5150   -234.9676   -234.9676   -234.9676    199.2600    199.2600    199.2600    199.6019    199.6019    199.6019
    142.0092    142.0092    125.7338     81.4508     81.4508    299.7352     81.3974     81.3974    299.7352    525.4265    525.4265    555.2815   -276.9253   -276.9253   -946.4234   -435.2927   -435.2927   -429.9880   -435.3181   -435.3181   -429.9880   -239.4103   -239.4103   -251.4318   -301.2773   -301.2773   -117.7047   -301.4381   -301.4381   -117.7047    421.1099    421.1099   -220.2886    214.6469    214.6469    324.6104
     81.1723     81.1723    252.9133     51.4755     51.4755    376.1116     51.4081     51.4081    376.1116    576.5261    576.5261    618.6810   -306.4488   -306.4488   -957.8494   -301.8290   -301.8290   -575.5768   -301.7929   -301.7929   -575.5768   -287.5778   -287.5778   -208.3120   -369.0421   -369.0421    -55.4460   -369.2918   -369.2918    -55.4460    543.6291    543.6291   -440.3450    298.9059    298.9059    289.5262
     28.3922     28.3922    375.0486     11.5054     11.5054    422.8952     11.4288     11.4288    422.8952    619.9376    619.9376    643.0653   -320.4592   -320.4592   -930.2879   -190.6921   -190.6921   -622.0550   -190.6883   -190.6883   -622.0550   -325.5081   -325.5081   -160.3792   -407.7768   -407.7768    -25.3155   -408.0104   -408.0104    -25.3155    630.9597    630.9597   -569.4070    374.8145    374.8145    237.3844
     -8.1791     -8.1791    484.1164    -38.5981    -38.5981    411.4743    -38.6750    -38.6750    411.4743    653.8025    653.8025    593.9853   -329.8400   -329.8400   -866.3040    -95.7190    -95.7190   -565.3110    -95.7617    -95.7617   -565.3110   -352.8410   -352.8410   -108.8835   -427.3247   -427.3247    -11.5198   -427.5260   -427.5260    -11.5198    685.4755    685.4755   -574.9727    435.9636    435.9636    169.1800
      0.1059      0.1059    540.0156    -92.2634    -92.2634    283.8303    -92.3257    -92.3257    283.8303   -365.0353   -365.0353   -734.5970    675.7523    675.7523    398.1476    -16.9746    -16.9746   -366.6497    -17.0611    -17.0611   -366.6497   -369.3345   -369.3345    -55.0294    713.9639    713.9639   -397.7599   -436.4545   -436.4545     -4.5082   -436.6338   -436.6338     -4.5082    475.9500    475.9500     88.1770
    125.9201    125.9201      1.6003   -119.9045   -119.9045      0.4035   -119.9518   -119.9518      0.4035   -499.7140   -499.7140     -1.8414    683.3909    683.3909      0.5616     18.7763     18.7763     -0.5079     18.6651     18.6651     -0.5079   -374.8477   -374.8477     -0.0680    722.6649    722.6649     -0.5648   -439.1325   -439.1325     -0.0051   -439.3044   -439.3044     -0.0051    489.8931    489.8931      0.1102
    162.2414    143.6937    143.6937    162.2414    143.6330    143.6330   -147.5567    312.0347    312.0347    592.8063    606.4368    606.4368    -99.6568   -660.9796   -660.9796    -99.6568   -661.0753   -661.0753   -985.2190   -166.4116   -166.4116   -197.6227   -283.8118   -283.8118   -197.6227   -283.8561   -283.8561   -402.6405   -171.0913   -171.0913    513.9087    100.6053    100.6053    377.9084    229.6230    229.6230
     94.1335    158.0720    188.8613    163.6284    -15.9737    301.2978   -230.1857    308.1717    371.1352    655.6652    650.4323    662.5247   -161.4474   -335.4015   -948.6123     81.4010   -863.6919   -473.4585   -929.6107    112.7263   -387.2159   -208.9987   -323.1931   -262.5313   -172.4602   -444.6046   -191.9498   -519.3974   -246.0606    -49.4409    610.1821    459.8158   -312.1194    506.8024     80.8835    354.0926
     31.6115     88.7086    317.9156    141.9890    -95.6056    346.4309   -317.0347    286.0625    397.6318    712.9100    686.3241    678.2781   -190.0303   -293.7956   -914.4009    249.0207   -742.5355   -518.0767   -807.2816    298.4329   -485.6966   -224.6484   -379.4013   -198.9057   -151.0262   -569.8673   -132.4253   -663.3879   -243.2886     11.3878    699.5246    584.7910   -490.1193    592.4412    131.0991    306.1919
    -22.1660     23.4219    442.9046     93.8133   -176.8176    338.9496   -403.7841    245.5042    366.0365   -197.1449   -250.0665   -852.4172    763.0408    713.1632    619.0244    398.9618   -621.1831   -475.2505   -699.0624    429.2718   -452.8934   -238.4528   -416.5962   -133.8646   -130.6153   -668.4036    -81.0887   -760.5386   -209.4663     22.4646    750.4338    655.0437   -528.7208    659.7416    190.3322    222.4153
     27.1764   -248.0527    231.8420    -57.3772    -29.5702    559.7968   -477.5961    196.2361    236.5791   -197.0542   -210.4749   -767.9606    802.1672    729.9719    411.2748    524.8627   -524.6708   -306.5327   -616.3186    526.8586   -287.2310   -247.5675   -437.9985    -67.3543   -115.6940   -728.1905    -38.3672   -814.1904   -181.3313     14.4796    768.4835    692.3380   -376.7842    704.5792    232.1855    117.1064
    -10.5957   -279.7991      0.3267    223.4838    190.0878      8.6903   -509.3696    170.8775      0.3240   -489.4082   -434.6601     -8.9482    582.0602   -484.5375     -0.4214    818.7731    735.7606      0.5780   -582.1668    567.6958     -0.3892   -250.7267   -445.0017     -0.0832   -110.2591   -747.9980     -0.0464   -831.3685   -171.0041      0.0190    770.2489    703.9621     -0.5399    720.4448    247.1564      0.1468
     83.5661    166.7807    166.7807     83.5661    166.6885    166.6885   -326.9515    350.5941    350.5941    731.6728    698.8012    698.8012      0.7438   -620.1490   -620.1490      0.7438   -620.1964   -620.1964  -1005.3838    -89.3537    -89.3537   -155.4755   -325.6323   -325.6323   -155.4755   -325.6982   -325.6982   -494.9230   -150.4834   -150.4834    670.3712     74.3382     74.3382    692.0368    157.2672    157.2672
      4.2176    134.8973    238.6625     45.4322     23.7972    259.3668   -430.0659    314.5682    360.0150    803.8706    727.3937    706.3541    -37.0096   -262.0760   -842.0363    176.2830   -744.6351   -378.1949   -898.2670    212.0403   -306.5437   -146.9430   -387.6715   -254.9166   -127.3653   -452.1623   -247.8647   -611.0664   -264.9445     11.2385    761.4350    476.2870   -366.8356    790.6325    -80.2342    334.5820
    -80.1628     36.8933    357.9805    -21.5173    -71.9003    251.7561   -532.9053    266.2295    315.9760    -31.2133   -155.6606   -773.9536    352.7840   -589.0416   -341.0291    871.0481    748.4831    638.5707   -749.1953    376.5524   -335.1199   -144.3116   -441.5136   -168.6678   -116.0465   -557.2621   -169.0730   -735.6618   -265.7557     53.2988    816.7887    589.8390   -469.2960    858.5596    -69.1443    267.6831
   -102.2860   -158.5570    167.4853   -200.0155    -97.7326    446.0486   -618.0577    218.0379    194.2291     43.4696    -17.4866   -657.9233    503.2796   -454.3765   -216.2656    927.7594    762.3371    421.8156   -643.4495    471.6427   -215.2193   -144.1162   -471.9910    -84.0896   -112.3452   -631.9975    -84.5350   -802.6131   -240.3574     35.3632    828.0931    636.1998   -351.1610    906.2175    -38.8696    144.4847
   -143.8626   -197.1311      0.2315   -481.0844   -359.3286      1.6922   -653.3249    196.1491      0.2594    309.7978    245.0535     -1.9548    568.6302   -397.9801     -0.2936    953.4548    767.6531      0.5918   -602.8900    507.0549     -0.2892   -144.2717   -481.8600     -0.1035   -111.5067   -658.6666     -0.1039   -823.2566   -229.2626      0.0464    823.9712    649.2384     -0.5102    923.5493    -26.5099      0.1823
    -55.6762    147.6551    147.6551    -55.6762    147.5327    147.5327   -549.3244    312.2937    312.2937    140.4338   -466.9781   -466.9781    140.4338   -466.9935   -466.9935    892.5754    728.2612    728.2612   -100.3816   -340.5341   -340.5341   -100.3816   -340.4674   -340.4674   -939.9102     -2.2116     -2.2116   -565.5431   -121.0385   -121.0385    802.6666     50.8718     50.8718    948.8786     51.5240     51.5240
   -141.8356     21.6609    146.3159   -172.3575     32.8408    230.2317   -665.1405    259.8273    264.0532    159.9397    -58.9886   -627.7657    330.3537   -536.0758   -172.3206    978.1881    745.5677    654.8478    -84.2399   -424.4621   -263.3354    -80.1332   -421.0945   -218.2579   -798.4542    281.7269   -196.5664   -672.0345   -255.2244     55.1672    874.3886    460.3838   -371.1683   1000.7252   -256.0157    262.5928
   -228.1882    -81.3570     90.9170   -331.2142   -134.7394    247.2313   -756.8727    214.8062    156.5315    261.6038    131.9635   -450.6002    492.0466   -373.4987    -97.6449   1053.9153    759.6143    432.4796    -86.7133   -503.6265   -141.9227    -68.4893   -464.1545   -108.0389   -668.0976    386.5387   -151.2491   -758.5781   -252.9941     55.0910    888.9372    537.4138   -321.6739   1036.9430   -272.8158    160.5257
   -266.6545   -124.9528      0.1212   -474.6677   -276.1079      0.4774   -793.3356    196.1832      0.2056    386.2429    280.9520     -0.7298    558.6425   -304.4176     -0.1267    -90.4139   -535.6026     -0.1792    -64.7609   -478.3018     -0.1327   1089.6345    766.4536      0.6080   -622.6073    416.2751     -0.2070   -783.4895   -242.7961      0.0754    880.5061    551.3028     -0.4806   1052.1060   -268.3192      0.2064
   -271.1742     53.0913     53.0913   -271.1742     53.1587     53.1587   -788.6269    215.0743    215.0743    349.0847   -213.1434   -213.1434    349.0847   -213.2362   -213.2362    -51.2320   -314.2784   -314.2784    -51.2320   -314.2361   -314.2361   1084.4499    671.0235    671.0235   -814.6126     62.8194     62.8194   -615.2149    -84.6510    -84.6510    902.6965     31.0915     31.0915   1086.7760    -72.4904    -72.4904
   -343.8225    -25.9760      7.6590   -402.1140   -115.9596     88.2366   -882.1056    177.7165    124.8561    410.9193    191.5591   -269.3082    494.9314   -274.6591     34.8167    -51.9536   -349.8170   -201.8856    -28.0725   -399.5773   -141.1355   1182.5097    689.4531    447.1892   -689.7305    270.2361    -90.0670   -695.8038   -209.0412     62.7427    941.8451    385.2640   -277.4365   1081.2338   -393.4161    144.3331
   -369.9312    -68.1486      0.0082   -470.1085   -187.1647      0.1405   -918.0136    163.3070      0.1624    455.5365    277.3115     -0.3653    551.7398   -205.7375      0.0585    -58.3518   -380.8333     -0.2646    -19.9126   -418.4021     -0.1736   -639.2252    296.9958     -0.1446   1230.8997    700.6609      0.6340   -726.7227   -205.5727      0.1028    933.0717    405.8274     -0.4553   1085.4406   -407.7058      0.2083
   -432.5560    -32.4058    -32.4058   -432.5560    -32.4676    -32.4676   -973.8819    102.6417    102.6417    508.4363     -0.7644     -0.7644    508.4363     -1.0619     -1.0619    -22.9011   -213.8309   -213.8309    -22.9011   -213.8657   -213.8657   -699.0978     62.6955     62.6955   -644.6719    -43.5231    -43.5231   1307.8241    469.1714    469.1714    964.8330     14.5956     14.5956   1065.6579   -143.3318   -143.3318
   -440.8844    -28.2410     -0.0817   -467.3805    -94.4991      0.0060  -1008.3802     94.4645      0.1331    516.7289    193.1286     -0.1900    547.6864   -103.7006      0.2135    -29.5966   -198.7757     -0.3376    -11.6627   -266.5438     -0.2221   -650.4493    154.9107     -0.1053   -675.4316   -119.1032      0.1233   1374.0478    484.5859      0.6771    971.5762    216.5528     -0.4383   1036.4277   -351.8308      0.1808
   -466.4721     -0.0320     -0.0320   -466.4721     -0.1168     -0.1168  -1042.1120      0.1225      0.1225    546.3495      0.2755      0.2755    546.3495     -0.1281     -0.1281    -17.9905     -0.2487     -0.2487    -17.9905     -0.3671     -0.3671   -654.4298      0.1936      0.1936   -654.4298     -0.1544     -0.1544   1453.7921      0.7095      0.7095    985.8848      0.2730      0.2730    985.8848     -0.5520     -0.5520
    106.7757    106.7757    106.7757    231.2036    231.2036    231.2036    106.6902    106.6902    106.6902    669.0315    669.0315    669.0315   -587.6380   -587.6380   -587.6380   -183.4322   -183.4322   -183.4322   -587.7736   -587.7736   -587.7736   -283.0163   -283.0163   -283.0163   -218.4726   -218.4726   -218.4726   -283.0720   -283.0720   -283.0720    290.0648    290.0648    290.0648    290.4026    290.4026    290.4026
    148.2778    148.2778    113.8482     54.5497     54.5497    282.6710     54.4465     54.4465    282.6710    725.8192    725.8192    719.4978   -175.7238   -175.7238   -961.7614   -460.4408   -460.4408   -282.7114   -460.5493   -460.5493   -282.7114   -257.3071   -257.3071   -285.8554   -316.8333   -316.8333   -177.9809   -316.9540   -316.9541   -177.9809    545.2584    545.2584   -202.4767    273.5762    273.5762    458.7917
     61.9087     61.9087    243.7655    -12.5337    -12.5337    304.4556    -12.6439    -12.6439    304.4556    776.2756    776.2756    728.7757   -145.1577   -145.1577   -901.8223   -299.2740   -299.2740   -348.7529   -299.3417   -299.3417   -348.7529   -287.5549   -287.5549   -218.8693   -372.3767   -372.3767   -114.4465   -372.5689   -372.5689   -114.4465    658.0577    658.0577   -411.1269    358.6033    358.6033    388.0615
    -34.1083    -34.1083    365.6569    -90.2388    -90.2388    276.5588    -90.3417    -90.3417    276.5588    -87.6971    -87.6971   -814.4518    819.7689    819.7689    661.4967   -142.9639   -142.9639   -332.1461   -143.0504   -143.0504   -332.1461   -309.1857   -309.1857   -148.0321   -420.1226   -420.1226    -62.4602   -420.3265   -420.3265    -62.4602    725.8926    725.8926   -489.2445    432.2622    432.2622    284.5453
   -169.5689   -169.5689    449.6112   -162.4097   -162.4097    174.1008   -162.4933   -162.4933    174.1008     25.1092     25.1092   -676.9496    -22.9731    -22.9731   -209.9404    -23.1101    -23.1101   -209.9404    853.8862    853.8862    439.9251   -322.1753   -322.1753    -74.6499   -448.1636   -448.1636    -26.8659   -448.3488   -448.3488    -26.8659    754.7166    754.7166   -366.4640    483.4722    483.4722    151.3760
   -194.3529   -194.3529      0.2347   -194.4240   -194.4240      0.2347   -426.1576   -426.1576      1.5213    274.2221    274.2221     -1.8026     24.6887     24.6887     -0.2821     24.5252     24.5252     -0.2821    868.7154    868.7154      0.6202   -326.5072   -326.5072     -0.0922   -457.0868   -457.0868     -0.0313   -457.2617   -457.2617     -0.0313    760.0833    760.0833     -0.5350    501.9773    501.9773      0.1906
    114.7189    103.7717    103.7717    114.7189    103.6524    103.6524   -207.7156    246.0734    246.0734    796.4393    769.9753    769.9753     -3.1274   -548.5672   -548.5672     -3.1274   -548.6565   -548.6565   -957.0829    -63.6840    -63.6840   -202.5832   -299.2233   -299.2233   -202.5832   -299.3047   -299.3047   -424.2198   -187.5901   -187.5901    669.2005    151.7326    151.7326    425.9343    322.9235    322.9235
      7.0814     78.6872    140.4092     58.7304    -86.3271    199.3579   -320.0966    193.8082    250.4846     17.5668    -93.9765   -828.3194    862.1710    814.2496    772.8946    178.2027   -781.8617   -196.7935   -862.5993    158.1347   -155.8587   -203.7121   -317.6936   -253.5528   -166.9758   -420.4234   -225.7646   -495.2120   -209.2740   -114.7286    741.8339    544.3830   -287.3948    587.4221    120.3452    436.3418
   -119.3462    -50.2552    236.9668    -12.0736   -197.7129    175.3269   -431.5109    132.7521    214.1715     86.6291     24.0595   -706.0660    351.5625   -615.9279   -175.0765    922.7307    852.8484    698.9505   -703.3698    335.9114   -186.8470   -207.9206   -353.4470   -170.0515   -149.3698   -521.4820   -160.4615   -605.1766   -212.9437    -48.7055    804.6930    662.5216   -432.8618    690.7698    141.5196    340.8346
   -284.8419   -218.3893    249.6416    -77.3321   -289.4714    105.7016   -520.3189     78.9371    127.2475    219.2760    184.7526   -487.2067    484.2950   -469.2637   -107.3687   -568.1979    449.0753   -125.7156    974.5565    884.8133    466.4086   -211.5269   -373.6564    -85.3905   -142.7662   -603.8889    -81.8928   -688.3174   -201.4344    -14.6472    826.6774    704.6075   -349.8011    758.4282    178.2592    185.4614
   -105.0856   -326.5022      0.1394   -419.2279   -352.5722      0.4650   -555.5530     56.5173      0.1670    342.9465    316.3290     -0.7589    535.5094   -409.8572     -0.1425   -516.1572    489.0391     -0.1701    998.8545    899.7557      0.6607   -212.8860   -380.2125     -0.1054   -141.2151   -635.3676     -0.1012   -717.3028   -194.8491     -0.0141    826.2109    712.2835     -0.5239    782.9506    193.3806      0.2351
    -66.9736     47.9621     47.9621    -66.9736     47.8394     47.8394   -445.7478    189.7388    189.7388    187.9647   -369.8871   -369.8871    187.9647   -369.9650   -369.9650    944.3093    812.0796    812.0796   -841.1790     60.2682     60.2682   -140.7920   -308.9576   -308.9576   -140.7920   -309.1250   -309.1250   -482.3058   -148.3126   -148.3126    821.6324    114.7749    114.7749    779.2038    186.3578    186.3578
   -204.6479    -57.8151     88.6248   -144.0019   -107.8919     63.8960   -563.4802    130.4375    155.8624    247.7688    114.7627   -555.1962    350.4763   -529.4789     -3.5138   -722.0291    255.5092    -35.8242   -107.3477   -386.9369   -252.4763   -125.6536   -362.9770   -204.5852   1022.8857    848.4837    734.3533   -547.7821   -188.9776    -54.7251    883.9427    518.7097   -324.5617    908.1983   -109.8365    329.9267
   -202.8395   -202.3198     35.4890   -343.2833   -198.9286     92.3204   -651.3334     85.0935     89.4401    341.7556    266.5620   -329.2882    476.0893   -377.1504     11.0060   -585.5014    367.0823    -52.6384   -100.7916   -464.9995   -145.8299   -118.1385   -393.8977   -101.8519   -634.4475   -194.4755     -4.8556   1093.7185    882.8330    494.6287    904.7962    605.6661   -325.6813    985.0012   -143.1534    201.1023
   -224.9244   -237.8430      0.0452   -413.8453   -271.0587      0.1472   -684.5383     67.7554      0.1157    397.7748    341.9748     -0.4407    525.2358   -312.9515      0.0207   -531.1184    400.0923     -0.0805   -103.0904   -500.3502     -0.1897   -115.8939   -403.8881     -0.1253   -668.2211   -189.2812      0.0039   1128.7359    901.1342      0.7075    899.4339    616.1376     -0.5111   1012.9814   -142.3922      0.2601
   -269.9762    -45.3329    -45.3329   -269.9762    -45.2875    -45.2875   -680.3085    106.5855    106.5855    379.9785   -119.4806   -119.4806    379.9785   -119.6589   -119.6589    -74.4569   -289.1488   -289.1488    -74.4569   -289.0774   -289.0774   -695.6688    130.3803    130.3803   -522.9329   -102.5424   -102.5424   1121.3417    772.2177    772.2177    942.8853     76.6126     76.6126   1050.8632    -12.3240    -12.3240
   -308.7592   -124.9865    -28.7592   -369.9542   -144.9245     -5.9282   -763.0868     72.7027     60.6455    422.4194    283.9744   -217.6500    477.3009   -267.6362    125.3393    -60.1785   -314.1653   -206.9778    -54.5512   -366.7562   -126.3410   -597.8168    255.8525     14.2813   -577.0201   -149.4347     -6.6080   1214.5768    816.0063    531.2665    978.1646    437.9951   -274.4197   1105.5678   -361.3784    161.0332
   -321.4037   -153.9894     -0.0370   -409.9984   -183.8031      0.0003   -793.3695     60.4875      0.0781    443.4309    332.9107     -0.2775    518.1846   -211.2583      0.1843    -63.8265   -345.9270     -0.2847    -47.9808   -381.2107     -0.1552   -543.5910    284.5903     -0.0136   -613.9153   -150.4785      0.0202   1263.8493    843.6240      0.7754    971.3927    462.2235     -0.5002   1124.7559   -395.0981      0.2400
   -381.4971    -67.0782    -67.0782   -381.4971    -67.0931    -67.0931   -840.0116     42.1757     42.1757    483.4035     34.9768     34.9768    483.4035     34.6359     34.6359    -31.4760   -204.4316   -204.4316    -31.4760   -204.4624   -204.4624   -590.6615    102.2774    102.2774   -546.9502    -52.3770    -52.3770   1337.7476    584.6490    584.6490   1021.0659     38.2508     38.2508   1125.5891   -178.8050   -178.8050
   -384.7461    -75.3035     -0.0941   -407.6873    -92.8187     -0.0705   -867.6888     35.7512      0.0546    486.7631    240.6433     -0.1752    514.0632   -106.4126      0.3102    -34.3961   -176.9503     -0.3614    -21.2069   -266.9638     -0.1948   -551.9456    148.1317      0.0281   -571.1838    -83.5342      0.0318   1411.0669    625.8127      0.8893   1026.8289    250.3808     -0.4933   1107.6996   -423.9956      0.1505
   -406.9163     -0.0920     -0.0920   -406.9163     -0.1147     -0.1147   -894.3093      0.0465      0.0465    512.7071      0.3581      0.3581    512.7071     -0.1314     -0.1314    -23.4646     -0.3054     -0.3054    -23.4646     -0.3058     -0.3058   -554.8950      0.1850      0.1850   -554.8950     -0.1066     -0.1066   1509.7688      0.9921      0.9921   1048.0806      0.3174      0.3174   1048.0806     -0.7535     -0.7535
     21.0060     21.0060     21.0060    132.3886    132.3886    132.3886     20.8774     20.8774     20.8774    835.3336    835.3336    835.3336   -442.8345   -442.8345   -442.8345    -10.7381    -10.7381    -10.7381   -442.9672   -442.9672   -442.9672   -282.2968   -282.2968   -282.2968   -217.7111   -217.7111   -217.7111   -282.3925   -282.3925   -282.3925    370.2847    370.2847    370.2847    370.6238    370.6238    370.6238
      6.6905      6.6905     15.0691    -73.4479    -73.4479    131.4073    -73.5705    -73.5705    131.4073     69.7348     69.7348   -758.0773   -304.3847   -304.3847    -19.9927   -304.5443   -304.5443    -19.9927    895.5578    895.5578    833.3668   -241.0135   -241.0135   -264.6381   -287.7684   -287.7684   -198.0243   -287.8923   -287.8923   -198.0243    657.3481    657.3481   -197.1918    328.3022    328.3022    560.8615
   -133.4055   -133.4055     89.4180   -165.5739   -165.5739    107.6882   -165.6832   -165.6832    107.6882    178.4766    178.4766   -593.4372   -150.6566   -150.6566    -24.9027   -150.8295   -150.8295    -24.9027   -257.6013   -257.6013   -178.5179    951.5886    951.5886    754.4250   -317.7064   -317.7064   -147.7442   -317.8631   -317.8631   -147.7442    753.4240    753.4240   -381.7281    415.9610    415.9610    429.3339
   -275.1510   -275.1510     93.6664   -235.1216   -235.1216     61.2950   -235.2197   -235.2197     61.2950    301.7545    301.7545   -348.2243    -23.3225    -23.3225    -18.1775    -23.5176    -23.5176    -18.1775   -267.5342   -267.5342    -89.8865   -354.8142   -354.8142    -77.8072   -354.9784   -354.9784    -77.8072   1001.8015   1001.8015    509.4149    788.8339    788.8339   -341.7544    483.5674    483.5674    236.5834
   -347.0226   -347.0226      0.1494   -261.3788   -261.3788      0.0790   -261.4730   -261.4730      0.0790    367.5243    367.5243     -0.4641     26.9302     26.9302     -0.0254     26.7189     26.7189     -0.0254   -270.8421   -270.8421     -0.1110   -371.6357   -371.6357     -0.0972   -371.7936   -371.7936     -0.0972   1026.9761   1026.9761      0.7302    790.7324    790.7324     -0.5319    509.6841    509.6841      0.3020
    -66.3507    -56.4287    -56.4287    -66.3507    -56.5376    -56.5376   -342.3209     64.5494     64.5494    216.4298   -266.9193   -266.9193    216.4298   -267.0664   -267.0664   -716.2198    139.0302    139.0302   -170.7382   -273.7948   -273.7948   -170.7382   -273.9087   -273.9087   -393.0301   -170.3206   -170.3206    972.3613    889.6201    889.6201    809.9190    190.6787    190.6787    495.7719    379.4761    379.4761
   -195.8254   -121.5106    -45.3172   -127.3814   -234.4714      2.6143   -455.9995      7.6799     52.0215    292.7211    235.6642   -472.3122    338.0360   -507.7762    125.6696   -609.9777    268.5399    100.6890   -166.6444   -286.1353   -197.8333   -121.3036   -350.7397   -226.1680   -435.0475   -149.2432   -132.3648   1046.0939    944.4063    808.4915    861.9300    610.5049   -278.5122    697.8370    110.9453    459.8847
   -300.3931   -224.8279     -7.3723   -167.2708   -314.1055      1.0576   -534.9887    -30.8074     29.2022    367.0603    337.1412   -254.1816    428.1107   -379.8839     92.5255   -489.7485    356.2194     53.0891   -102.5396   -419.8225   -144.5791   -165.4890   -305.1371    -99.2064   -505.6370   -138.7153    -72.6472   1115.2021    998.6613    555.7072    888.1356    696.6975   -324.6267    818.8145     98.1330    271.5592
   -342.6839   -266.8852     -0.0009   -181.0696   -342.3116      0.0012   -563.4169    -44.4641      0.0374    399.5250    378.4108     -0.3224    465.4842   -321.4496      0.1334   -432.8740    387.9923      0.0667   -102.6354   -456.9494     -0.1983   -165.2941   -311.2572     -0.1224   -543.8162   -136.3164     -0.0924   1151.8864   1029.2243      0.8110    883.9045    702.3342     -0.5392    863.0716    105.1468      0.3523
   -236.2837   -118.7845   -118.7845   -236.2837   -118.8390   -118.8390   -559.8989     10.3345     10.3345    371.6608    -55.0611    -55.0611    371.6608    -55.2791    -55.2791   -566.6610    194.8840    194.8840    -96.0070   -255.8182   -255.8182    -96.0070   -255.7137   -255.7137   -425.1184   -116.9295   -116.9295   1138.5116    866.8293    866.8293    959.7681    134.0929    134.0929    917.5668    126.5340    126.5340
   -312.0804   -156.7328    -69.9650   -258.4503   -209.1470    -47.9305   -629.0178    -15.6193      7.0482    404.1631    332.7708   -186.9700    429.1111   -263.8190    187.7073    -62.9031   -279.2523   -202.2020    -82.3085   -310.6743   -115.2664   -491.9746    253.9823    104.9877   -460.8298   -106.1576    -66.6462   1228.7256    935.1791    614.7577    991.8472    517.1573   -270.8724   1062.0293   -251.7513    224.5210
   -339.5675   -181.0117     -0.0845   -265.4655   -229.8856     -0.0601   -653.3271    -24.4524      0.0095    417.5438    362.4963     -0.2334    458.7048   -216.7254      0.2840    -62.1943   -310.1391     -0.3016    -78.0058   -320.6564     -0.1418   -442.0486    275.3948      0.1348   -496.4579   -103.5334     -0.0879   1280.5123    981.1053      0.9276    983.4122    542.7649     -0.5485   1111.6436   -301.8196      0.3244
   -317.3046    -92.2570    -92.2570   -317.3046    -92.2885    -92.2885   -690.5115     -6.0933     -6.0933    432.9882     58.1539     58.1539    432.9882     57.8026     57.8026    -37.8515   -189.7987   -189.7987    -37.8515   -189.8006   -189.8006   -477.9460    134.2964    134.2964   -444.0486    -59.4841    -59.4841   1347.3341    703.1091    703.1091   1063.2182     69.4024     69.4024   1155.2438   -176.8302   -176.8302
   -337.6888    -91.4194     -0.1285   -318.8033   -115.4150     -0.0994   -711.9562    -10.4652     -0.0067    434.9689    273.6316     -0.1683    454.7594   -109.0891      0.3949    -34.9493   -156.7269     -0.3815    -29.3604   -253.6646     -0.1713   -448.1561    143.1360      0.1772   -462.5972    -55.8318     -0.0846   1427.0743    781.4496      1.1416   1066.6767    301.6795     -0.5582   1165.6488   -481.6651      0.1487
   -337.0609     -0.1130     -0.1130   -337.0609     -0.1424     -0.1424   -732.3717     -0.0121     -0.0121    453.4639      0.4361      0.4361    453.4639     -0.1347     -0.1347    -25.3457     -0.2451     -0.2451    -25.3457     -0.3606     -0.3606   -450.3050      0.1787      0.1787   -450.3050     -0.0705     -0.0705   1549.6687      1.3987      1.3987   1100.3850      0.3866      0.3866   1100.3850     -1.0485     -1.0485
   -149.9584   -149.9584   -149.9584    -56.5392    -56.5392    -56.5392   -150.0591   -150.0591   -150.0591   -170.6238   -170.6238   -170.6238    225.4359    225.4360    225.4360   -170.8241   -170.8241   -170.8241   -243.0603   -243.0603   -243.0603   -187.2778   -187.2778   -187.2778   -243.1888   -243.1888   -243.1888    963.0054    963.0054    963.0054    436.6699    436.6699    436.6699    437.0276    437.0276    437.0276
   -162.1905   -162.1905   -153.1872   -222.6124   -222.6124    -40.6028   -222.7149   -222.7149    -40.6028    306.9797    306.9797   -394.7293    -85.8812    -85.8812    210.3075    -86.1130    -86.1130    210.3075   -199.3166   -199.3166   -201.3217   -226.9501   -226.9501   -183.3202   -227.0877   -227.0877   -183.3202   1035.5020   1035.5020    880.9025    754.6208    754.6208   -213.1266    380.7844    380.7844    611.8743
   -236.5064   -236.5064    -73.0178   -268.3605   -268.3605    -21.1025   -268.4692   -268.4692    -21.1025    367.0717    367.0717   -203.2105    -13.1720    -13.1720    148.7459    -13.4192    -13.4192    148.7459   -206.5137   -206.5137   -101.2656   -235.1663   -235.1663   -134.8497   -235.3075   -235.3075   -134.8497   1109.0433   1109.0433    620.9783    816.6819    816.6819   -316.9437    473.3661    473.3661    359.4727
   -263.6052   -263.6052     -0.0883   -283.9543   -283.9543     -0.0263   -284.0660   -284.0660     -0.0263    389.4670    389.4670     -0.2530     25.0867     25.0867      0.2222     24.8344     24.8344      0.2222   -208.9087   -208.9087     -0.1250   -251.2667   -251.2667     -0.2049   -251.4081   -251.4081     -0.2049   1152.9243   1152.9243      0.9319    814.7837    814.7837     -0.5721    514.2617    514.2617      0.4726
   -186.6955   -172.4719   -172.4719   -186.6955   -172.5485   -172.5485   -429.2399    -69.1698    -69.1698    340.5489    -15.9222    -15.9222    340.5489    -16.1556    -16.1556   -430.5289    250.6067    250.6067   -116.6346   -216.5826   -216.5826   -116.6346   -216.7177   -216.7177   -322.8338   -127.9895   -127.9895   1125.4322    957.9116    957.9116    937.1222    209.7485    209.7485    619.7435    367.2131    367.2131
   -242.0764   -162.2266   -115.5231   -199.7394   -276.9894    -58.9192   -482.5945    -85.4454    -35.0692    368.7892    343.6568   -164.5096    357.2675   -260.0933    222.0889   -376.0771    260.4290    173.5929    -61.8785   -250.0256   -182.1825   -111.3899   -232.9372   -109.2361   -346.0066    -78.2137   -110.4597   1218.1349   1047.9125    701.8000    963.1989    639.2022   -270.4304    880.7919     -3.5933    365.3634
   -261.2398   -178.8095     -0.1424   -203.8296   -292.4259     -0.0733   -500.8090    -90.7332     -0.0434    379.1615    361.2215     -0.2036    373.2811   -221.7527      0.3648   -335.7577    268.7749      0.2881    -53.7354   -277.6119     -0.3151   -109.8541   -238.5938     -0.1347   -375.4454    -66.2785     -0.2096   1278.1778   1112.8016      1.1054    951.0413    660.5914     -0.6140    977.0571    -45.7462      0.5089
   -244.6140   -110.9951   -110.9951   -244.6140   -111.0658   -111.0658   -528.5520    -42.8358    -42.8358    361.6667     67.8501     67.8501    361.6667     67.5213     67.5213    -43.6106   -167.8227   -167.8227    -43.6106   -167.7680   -167.7680   -361.7066    158.8427    158.8427   -336.8922    -64.9413    -64.9413   1333.8240    822.7794    822.7794   1084.4413    114.0691    114.0691   1119.7450    -93.5649    -93.5649
   -259.8100    -90.3129     -0.1726   -245.3478   -147.5588     -0.1020   -544.2392    -45.3334     -0.0528    363.5749    282.5234     -0.1633    369.8351   -111.5429      0.4672    -31.0874   -139.4856     -0.3974    -37.6810   -220.5460     -0.1534   -340.0346    139.5549      0.3292   -350.3522    -35.1535     -0.2123   1422.2312    945.8560      1.4482   1082.7226    385.3747     -0.6581   1197.4814   -486.7992      0.2480
   -259.3315     -0.1116     -0.1116   -259.3315     -0.1823     -0.1823   -559.0807     -0.0558     -0.0558    368.7058      0.5047      0.5047    368.7058     -0.1377     -0.1377    -23.3684     -0.1721     -0.1721    -23.3684     -0.4281     -0.4281   -341.5358      0.1741      0.1741   -341.5358     -0.0442     -0.0442   1576.2467      2.0439      2.0439   1142.0248      0.5049      0.5049   1142.0248     -1.5221     -1.5221
   -209.4706   -209.4706   -209.4706   -128.4006   -128.4006   -128.4006   -209.5698   -209.5698   -209.5698      1.9929      1.9929      1.9929    293.2764    293.2764    293.2764      1.7486      1.7486      1.7486   -176.4115   -176.4115   -176.4115   -135.8298   -135.8298   -135.8298   -176.5638   -176.5638   -176.5638   1051.7156   1051.7156   1051.7156    486.3529    486.3529    486.3529    486.7816    486.7816    486.7816
   -164.8951   -164.8951   -146.6686   -231.2622   -231.2622    -65.2908   -231.3774   -231.3774    -65.2908    319.9887    319.9887   -145.5009      7.8840      7.8840    220.3648      7.6166      7.6166    220.3648   -140.5128   -140.5128   -109.1545   -146.2878   -146.2878   -139.1486   -146.4325   -146.4325   -139.1486   1159.1173   1159.1173    803.6427    830.8854    830.8854   -253.9812    440.5886    440.5886    554.8004
   -177.2167   -177.2167     -0.1813   -238.4699   -238.4699     -0.0809   -238.5908   -238.5908     -0.0809    329.0738    329.0738     -0.1796     19.3629     19.3629      0.4260     19.0789     19.0789      0.4260   -145.5384   -145.5384     -0.3249   -145.6714   -145.6714     -0.3249   -142.0705   -142.0705     -0.1347   1243.7559   1243.7559      1.3553    832.1954    832.1954     -0.7138    516.7614    516.7614      0.7869
   -166.1186   -124.1576   -124.1576   -166.1186   -124.2576   -124.2576   -357.3819    -68.6425    -68.6425    276.1773     59.9673     59.9673    276.1773     59.6823     59.6823   -242.7226    176.1466    176.1466    -52.8160   -135.5701   -135.5701    -52.8160   -135.4444   -135.4444   -226.4602    -68.8070    -68.8070   1280.8959    948.5986    948.5986   1062.5483    187.5341    187.5341    893.2681    174.0024    174.0024
   -176.2521    -89.5112     -0.2039   -166.4727   -171.0054     -0.1032   -367.6572    -69.6906     -0.0849    278.7248    256.2387     -0.1577    261.7258   -113.5456      0.5234    -23.2515   -126.3443     -0.4088    -50.1054   -160.3854     -0.1428   -228.5835    137.1457      0.4645   -235.2322    -20.8381     -0.3307   1391.3975   1114.5765      1.8634   1048.2913    537.1715     -0.8481   1143.3369   -322.4120      0.6379
   -175.9289     -0.1106     -0.1106   -175.9289     -0.2113     -0.2113   -377.3430     -0.0861     -0.0861    260.8809      0.5588      0.5588    260.8809     -0.1401     -0.1401    -17.8545     -0.1558     -0.1558    -17.8545     -0.4397     -0.4397   -229.5357      0.1711      0.1711   -229.5357     -0.0261     -0.0261   1592.4656      3.2713      3.2713   1172.3170      0.7462      0.7462   1172.3170     -2.4291     -2.4291
   -132.0058   -132.0058   -132.0058    -83.9512    -83.9512    -83.9512   -132.1239   -132.1239   -132.1239     32.4230     32.4230     32.4230    186.4298    186.4298    186.4298     32.1613     32.1613     32.1613    -92.3722    -92.3722    -92.3722    -71.1150    -71.1150    -71.1150    -92.5389    -92.5390    -92.5390   1103.3940   1103.3940   1103.3940    517.0025    517.0025    517.0025    517.7249    517.7249    517.7249
    -89.0250    -89.0250     -0.2226   -134.6166   -134.6166     -0.1038   -134.7408   -134.7408     -0.1038    189.8405    189.8405     -0.1503     10.5970     10.5970      0.5593     10.2928     10.2928      0.5593    -65.2103    -65.2103     -0.4157    -65.3407    -65.3407     -0.4157    -71.8825    -71.8825     -0.1404   1298.3793   1298.3793      2.6607    842.7786    842.7786     -1.2560    517.9527    517.9527      1.6701
    -88.8621     -0.1100     -0.1100    -88.8621     -0.2288     -0.2288   -190.0462     -0.1040     -0.1040    135.3016      0.5936      0.5936    135.3016     -0.1418     -0.1418     -9.6516     -0.1678     -0.1678     -9.6516     -0.4247     -0.4247   -115.3284      0.1693      0.1693   -115.3284     -0.0156     -0.0156   1600.9698      6.8011      6.8011   1190.7234      1.4790      1.4790   1190.7234     -5.0447     -5.0447
     -0.1098     -0.1098     -0.1098     -0.1098     -0.1582     -0.1604     -0.2347     -0.1863     -0.1841      0.1688      0.1425      0.1322      0.1072      0.0132      0.0132     -0.0122      0.0132      0.0132     -0.0122     -0.0008      0.0088     -0.0807     -0.0122     -0.0122     -0.1423     -0.1275     -0.1267   1603.5870   1603.5870   1603.5870   1196.8985   1196.8985   1196.8985   1196.8985   1196.8985   1196.8985
