1008 Out of 20736 QH, Third, Fourth Freq in rad/ps and Lifetimes in ps for a 12x12x12 Ar Lattice at 10K. (atoms/UC=4)
13.3026	-0.116929	0.309989	5.75982
13.3026	-0.116929	0.309989	5.75982
13.3026	-0.116929	0.309989	5.75982
13.3026	-0.116929	0.309989	5.75982
6.01832	-0.0666028	0.124996	15.3031
6.01832	-0.0666028	0.124996	15.3031
6.01832	-0.0666028	0.124996	15.3031
6.01832	-0.0666028	0.124996	15.3031
6.01832	-0.0666028	0.124996	15.3031
6.01832	-0.0666028	0.124996	15.3031
6.01832	-0.0666028	0.124996	15.3031
6.01832	-0.0666028	0.124996	15.3031
13.222	-0.115898	0.308016	5.80004
13.222	-0.115898	0.308016	5.80004
13.222	-0.115898	0.308016	5.80004
13.222	-0.115898	0.308016	5.80004
6.2016	-0.0705769	0.129516	15.9643
6.2016	-0.0705769	0.129516	15.9643
6.2016	-0.0705769	0.129516	15.9643
6.2016	-0.0705769	0.129516	15.9643
6.01789	-0.0665718	0.125005	15.4856
6.01789	-0.0665718	0.125005	15.4856
6.01789	-0.0665718	0.125005	15.4856
6.01789	-0.0665718	0.125005	15.4856
12.9844	-0.113327	0.302222	5.88376
12.9844	-0.113327	0.302222	5.88376
12.9844	-0.113327	0.302222	5.88376
12.9844	-0.113327	0.302222	5.88376
6.70524	-0.0784151	0.14187	16.5451
6.70524	-0.0784151	0.14187	16.5451
6.70524	-0.0784151	0.14187	16.5451
6.70524	-0.0784151	0.14187	16.5451
6.01671	-0.0663793	0.125029	15.568
6.01671	-0.0663793	0.125029	15.568
6.01671	-0.0663793	0.125029	15.568
6.01671	-0.0663793	0.125029	15.568
12.6048	-0.111481	0.293017	5.90191
12.6048	-0.111481	0.293017	5.90191
12.6048	-0.111481	0.293017	5.90191
12.6048	-0.111481	0.293017	5.90191
7.41959	-0.0855042	0.159245	16.4554
7.41959	-0.0855042	0.159245	16.4554
7.41959	-0.0855042	0.159245	16.4554
7.41959	-0.0855042	0.159245	16.4554
6.01511	-0.0659299	0.125062	15.6349
6.01511	-0.0659299	0.125062	15.6349
6.01511	-0.0659299	0.125062	15.6349
6.01511	-0.0659299	0.125062	15.6349
12.1168	-0.114133	0.281386	5.90397
12.1168	-0.114133	0.281386	5.90397
12.1168	-0.114133	0.281386	5.90397
12.1168	-0.114133	0.281386	5.90397
8.21517	-0.0933436	0.178326	16.4921
8.21517	-0.0933436	0.178326	16.4921
8.21517	-0.0933436	0.178326	16.4921
8.21517	-0.0933436	0.178326	16.4921
6.0135	-0.0652549	0.125094	15.6416
6.0135	-0.0652549	0.125094	15.6416
6.0135	-0.0652549	0.125094	15.6416
6.0135	-0.0652549	0.125094	15.6416
11.6086	-0.122081	0.269805	6.19358
11.6086	-0.122081	0.269805	6.19358
11.6086	-0.122081	0.269805	6.19358
11.6086	-0.122081	0.269805	6.19358
8.93418	-0.0996221	0.194985	16.0761
8.93418	-0.0996221	0.194985	16.0761
8.93418	-0.0996221	0.194985	16.0761
8.93418	-0.0996221	0.194985	16.0761
6.01233	-0.0645094	0.125118	15.5834
6.01233	-0.0645094	0.125118	15.5834
6.01233	-0.0645094	0.125118	15.5834
6.01233	-0.0645094	0.125118	15.5834
11.3439	-0.12491	0.264275	6.62346
11.3439	-0.12491	0.264275	6.62346
11.3439	-0.12491	0.264275	6.62346
11.3439	-0.12491	0.264275	6.62346
9.2734	-0.101221	0.202307	16.1526
9.2734	-0.101221	0.202307	16.1526
9.2734	-0.101221	0.202307	16.1526
9.2734	-0.101221	0.202307	16.1526
6.0119	-0.0643414	0.125127	15.4548
6.0119	-0.0643414	0.125127	15.4548
6.0119	-0.0643414	0.125127	15.4548
6.0119	-0.0643414	0.125127	15.4548
13.2224	-0.1174	0.307393	5.67924
13.2224	-0.1174	0.307393	5.67924
13.0628	-0.112053	0.304751	5.97554
13.0628	-0.112053	0.304751	5.97554
6.51811	-0.0753526	0.137237	16.8385
6.51811	-0.0753526	0.137237	16.8385
6.18019	-0.0684737	0.128614	15.8581
6.18019	-0.0684737	0.128614	15.8581
6.04739	-0.0684511	0.125756	15.3207
6.04739	-0.0684511	0.125756	15.3207
6.03905	-0.0682538	0.125949	15.9444
6.03905	-0.0682538	0.125949	15.9444
13.0633	-0.117465	0.302921	5.62594
13.0633	-0.117465	0.302921	5.62594
12.7541	-0.108297	0.297797	6.18033
12.7541	-0.108297	0.297797	6.18033
7.12638	-0.0839629	0.15195	17.1749
7.12638	-0.0839629	0.15195	17.1749
6.38296	-0.0736451	0.134323	16.0394
6.38296	-0.0736451	0.134323	16.0394
6.31279	-0.0694125	0.131613	16.0008
6.31279	-0.0694125	0.131613	16.0008
5.91888	-0.0664968	0.123134	15.5454
5.91888	-0.0664969	0.123134	15.5454
12.7539	-0.117313	0.294896	5.60444
12.7539	-0.117313	0.294896	5.60444
12.3164	-0.106317	0.28768	6.31655
12.3164	-0.106317	0.28768	6.31655
7.91355	-0.0926128	0.17087	16.764
7.91355	-0.0926128	0.17087	16.764
6.97068	-0.0785927	0.148748	16.0021
6.97068	-0.0785927	0.148748	16.0021
6.40983	-0.0694658	0.133834	16.0614
6.40983	-0.0694658	0.133834	16.0614
5.81485	-0.0647833	0.120909	15.4705
5.81485	-0.0647833	0.120909	15.4705
12.3193	-0.119933	0.284096	5.60853
12.3193	-0.119933	0.284096	5.60853
11.7911	-0.109621	0.275555	6.37159
11.7911	-0.109621	0.275555	6.37159
8.75201	-0.10241	0.19086	16.1245
8.75201	-0.10241	0.19086	16.1245
7.6773	-0.0839641	0.165753	16.5326
7.6773	-0.0839641	0.165753	16.5326
6.47981	-0.0690295	0.135446	15.9564
6.47981	-0.0690295	0.135446	15.9564
5.73466	-0.0632805	0.119225	15.3364
5.73466	-0.0632805	0.119225	15.3364
11.8322	-0.126687	0.272664	5.8076
11.8322	-0.126687	0.272664	5.8076
11.2772	-0.116525	0.264115	6.85355
11.2772	-0.116525	0.264115	6.85355
9.50457	-0.110548	0.208326	14.471
9.50457	-0.110548	0.208326	14.471
8.32965	-0.088162	0.180835	16.9202
8.32965	-0.088162	0.180835	16.9202
6.52256	-0.0685813	0.136434	15.8857
6.52256	-0.0685813	0.136434	15.8857
5.6838	-0.0620515	0.118171	15.2695
5.6838	-0.0620515	0.118171	15.2695
11.5568	-0.130034	0.266814	6.04138
11.5568	-0.130034	0.266814	6.04138
11.0266	-0.118811	0.258931	7.44862
11.0266	-0.118811	0.258931	7.44862
9.87224	-0.112292	0.216268	13.94
9.87224	-0.112292	0.216268	13.94
8.63124	-0.0895327	0.187349	17.6504
8.63124	-0.0895327	0.187349	17.6504
6.53697	-0.068405	0.136768	15.7303
6.53697	-0.068405	0.136768	15.7303
5.66634	-0.0615783	0.117812	15.1993
5.66634	-0.0615783	0.117812	15.1993
12.9857	-0.120056	0.299859	5.47274
12.9857	-0.120056	0.299859	5.47274
12.3861	-0.104283	0.289918	6.43598
12.3861	-0.104283	0.289918	6.43598
7.72154	-0.0911019	0.166186	17.3374
7.72154	-0.0911019	0.166186	17.3374
6.6303	-0.0722884	0.138774	16.2101
6.6303	-0.0722884	0.138774	16.2101
6.12582	-0.0688498	0.127815	15.1006
6.12582	-0.0688498	0.127815	15.1006
6.09676	-0.0693932	0.1285	16.7661
6.09676	-0.0693932	0.1285	16.7661
12.7553	-0.12171	0.293228	5.39361
12.7553	-0.12171	0.293228	5.39361
11.9055	-0.103586	0.279205	6.7235
11.9055	-0.103586	0.279205	6.7235
8.47401	-0.0997267	0.18405	16.7909
8.47401	-0.0997267	0.18405	16.7909
6.87144	-0.0735351	0.1443	16.3603
6.87144	-0.0735351	0.1443	16.3603
6.56248	-0.0721267	0.139279	15.684
6.56248	-0.0721267	0.139279	15.684
5.88253	-0.0649956	0.123116	15.569
5.88253	-0.0649956	0.123116	15.569
12.3887	-0.12563	0.283601	5.36757
12.3887	-0.12563	0.283601	5.36757
11.3599	-0.106558	0.26694	7.13966
11.3599	-0.106558	0.26694	7.13966
9.28033	-0.110866	0.203129	15.4034
9.28033	-0.110866	0.203129	15.4034
7.15824	-0.0751029	0.153642	16.113
7.15824	-0.0751029	0.153642	16.113
7.03491	-0.0741464	0.148081	16.5035
7.03491	-0.0741464	0.148081	16.5035
5.70632	-0.0619313	0.119234	15.1231
5.70632	-0.0619313	0.119234	15.1231
11.9406	-0.131964	0.272661	5.57869
11.9406	-0.131964	0.272661	5.57869
10.854	-0.110812	0.255888	7.82392
10.854	-0.110812	0.255888	7.82392
10.0168	-0.120827	0.220264	12.8108
10.0168	-0.120827	0.220264	12.8108
7.72513	-0.0772558	0.166694	16.6875
7.72513	-0.0772558	0.166694	16.6875
7.13056	-0.0743322	0.150302	16.5522
7.13056	-0.0743322	0.150302	16.5522
5.59397	-0.0601324	0.11679	14.6928
5.59397	-0.0601324	0.11679	14.6928
11.6594	-0.136709	0.266534	5.64339
11.6594	-0.136709	0.266534	5.64339
10.6201	-0.111533	0.251085	8.53824
10.6201	-0.111533	0.251085	8.53824
10.3979	-0.1232	0.22854	11.6695
10.3979	-0.1232	0.22854	11.6695
7.98458	-0.0778677	0.172288	17.1421
7.98458	-0.0778677	0.172288	17.1421
7.16218	-0.0743135	0.151036	16.4754
7.16218	-0.0743135	0.151036	16.4754
5.55528	-0.0595339	0.115953	14.5423
5.55528	-0.0595339	0.115953	14.5423
12.6083	-0.125626	0.288131	5.22491
12.6083	-0.125626	0.288131	5.22491
11.4007	-0.103433	0.26827	7.3948
11.4007	-0.103433	0.26827	7.3948
9.1145	-0.108404	0.199048	16.2689
9.1145	-0.108404	0.199048	16.2689
7.27994	-0.0774074	0.153736	17.0813
7.27994	-0.0774074	0.153736	17.0813
6.23063	-0.066411	0.130592	14.0872
6.23063	-0.066411	0.130592	14.0872
6.18115	-0.0652477	0.131794	17.4362
6.18115	-0.0652477	0.131794	17.4362
12.3228	-0.131655	0.280001	5.16385
12.3228	-0.131655	0.280001	5.16385
10.8527	-0.10373	0.256232	8.19599
10.8527	-0.10373	0.256232	8.19599
9.80304	-0.120084	0.215181	14.3305
9.80304	-0.120084	0.215181	14.3305
7.57531	-0.0803772	0.160677	17.6154
7.57531	-0.0803772	0.160677	17.6154
6.68912	-0.0673843	0.142709	15.4041
6.68912	-0.0673843	0.142709	15.4041
5.92362	-0.060586	0.124905	14.9345
5.92362	-0.060586	0.124905	14.9345
11.9353	-0.138473	0.270024	5.40823
11.9353	-0.138473	0.270024	5.40823
10.457	-0.131468	0.23044	11.1884
10.457	-0.131468	0.23044	11.1884
10.3666	-0.105025	0.245807	9.43682
10.3666	-0.105025	0.245807	9.43682
7.74871	-0.0819702	0.164795	17.8012
7.74871	-0.0819702	0.164795	17.8012
7.16512	-0.067828	0.1536	15.3413
7.16512	-0.067828	0.1536	15.3413
5.74209	-0.0575711	0.120793	13.9992
5.74209	-0.0575711	0.120793	13.9992
11.6573	-0.144763	0.263718	5.55522
11.6573	-0.144763	0.263718	5.55522
10.8281	-0.134405	0.238592	9.62487
10.8281	-0.134405	0.238592	9.62487
10.151	-0.103909	0.241429	9.94938
10.151	-0.103909	0.241429	9.94938
7.80559	-0.082369	0.166151	17.7863
7.80559	-0.082369	0.166151	17.7863
7.38259	-0.0675227	0.158252	15.2988
7.38259	-0.0675227	0.158252	15.2988
5.67904	-0.0565008	0.119375	13.5505
5.67904	-0.0565008	0.119375	13.5505
12.1284	-0.139801	0.273627	5.14684
12.1284	-0.139801	0.273627	5.14684
10.3236	-0.131514	0.227178	12.3387
10.3236	-0.131514	0.227178	12.3387
10.3204	-0.101532	0.244791	9.68774
10.3204	-0.101532	0.244791	9.68774
8.01312	-0.0864832	0.17114	18.523
8.01312	-0.0864832	0.17114	18.523
6.33289	-0.0618256	0.13333	13.0115
6.33289	-0.0618256	0.13333	13.0115
6.28177	-0.0591634	0.134637	17.0648
6.28177	-0.0591634	0.134637	17.0648
11.8285	-0.14717	0.265264	5.42857
11.8285	-0.14717	0.265264	5.42857
10.8234	-0.143092	0.238804	9.60124
10.8234	-0.143092	0.238804	9.60124
9.86353	-0.0988126	0.235195	11.4282
9.86353	-0.0988126	0.235195	11.4282
8.29135	-0.0905875	0.17793	18.9375
8.29135	-0.0905875	0.17793	18.9375
6.70311	-0.0613121	0.142791	14.0834
6.70311	-0.0613121	0.142791	14.0834
6.05589	-0.0555341	0.128263	13.751
6.05589	-0.0555341	0.128263	13.751
11.5737	-0.153064	0.259115	5.73272
11.5737	-0.153064	0.259115	5.73272
11.1463	-0.1463	0.24604	7.97467
11.1463	-0.1463	0.24604	7.97467
9.66685	-0.0977131	0.231276	12.044
9.66685	-0.0977131	0.231276	12.044
8.38579	-0.0919288	0.18026	19.0452
8.38579	-0.0919288	0.18026	19.0452
6.88392	-0.0612026	0.146603	13.6007
6.88392	-0.0612026	0.146603	13.6007
5.9684	-0.0536234	0.12622	13.1919
5.9684	-0.0536234	0.12622	13.1919
11.6451	-0.155022	0.259257	5.6974
11.6451	-0.155022	0.259257	5.6974
11.1271	-0.154494	0.245715	8.00315
11.1271	-0.154494	0.245715	8.00315
9.43908	-0.0948656	0.226474	13.6255
9.43908	-0.0948656	0.226474	13.6255
8.67171	-0.0977596	0.187453	19.5779
8.67171	-0.0977596	0.187453	19.5779
6.40619	-0.0576447	0.135311	12.6844
6.40619	-0.0576447	0.135311	12.6844
6.38265	-0.0556808	0.135961	14.1693
6.38265	-0.0556808	0.135961	14.1693
11.462	-0.161093	0.254341	6.1129
11.462	-0.161093	0.254341	6.1129
11.3416	-0.158211	0.250613	6.8028
11.3416	-0.158211	0.250613	6.8028
9.25921	-0.0939615	0.222982	14.9041
9.25921	-0.0939615	0.222982	14.9041
8.81035	-0.100616	0.19101	19.7565
8.81035	-0.100616	0.19101	19.7565
6.55049	-0.0578812	0.138794	12.8496
6.55049	-0.0578812	0.138794	12.8496
6.2857	-0.0545157	0.133103	13.162
6.2857	-0.0545157	0.133103	13.162
11.4073	-0.164234	0.252156	6.34527
11.4073	-0.164234	0.252156	6.34527
11.4073	-0.164234	0.252156	6.34527
11.4073	-0.164234	0.252156	6.34527
9.08701	-0.0928351	0.219687	17.0485
9.08701	-0.0928351	0.219687	17.0485
8.97164	-0.104398	0.195234	19.903
8.97164	-0.104398	0.195234	19.903
6.43271	-0.0562049	0.136032	12.9092
6.43271	-0.0562049	0.136032	12.9092
6.43271	-0.0562049	0.136032	12.9092
6.43271	-0.0562049	0.136032	12.9092
13.1461	-0.116156	0.305534	5.71936
13.1461	-0.116156	0.305534	5.71936
13.1461	-0.116156	0.305534	5.71936
12.8198	-0.107396	0.300029	6.32778
6.59316	-0.0766038	0.139241	17.3254
6.59316	-0.0766038	0.139241	17.3254
6.59316	-0.0766038	0.139241	17.3254
6.27006	-0.0696963	0.130638	15.6057
6.27006	-0.0696963	0.130638	15.6057
6.27006	-0.0696963	0.130638	15.6057
5.81518	-0.0666005	0.120698	15.1655
5.81518	-0.0666005	0.120698	15.1655
13.064	-0.11912	0.302332	5.535
12.9219	-0.114276	0.300077	5.76261
12.9219	-0.114276	0.300077	5.76261
12.4308	-0.102676	0.291646	6.64856
7.37392	-0.087488	0.157947	17.649
6.96161	-0.0808654	0.148196	17.264
6.96161	-0.0808654	0.148196	17.264
6.46997	-0.0704808	0.135042	15.8456
6.35729	-0.0699181	0.132776	15.9107
6.35729	-0.0699181	0.132776	15.9107
5.96104	-0.0692767	0.124558	15.4545
5.58897	-0.0645137	0.11581	15.0633
12.8191	-0.121094	0.295311	5.44633
12.5653	-0.113148	0.291458	5.78306
12.5653	-0.113148	0.291458	5.78306
11.9212	-0.100971	0.280208	6.86806
8.26862	-0.0983802	0.179341	17.0394
7.5911	-0.0863099	0.163255	16.8226
7.5911	-0.0863099	0.163255	16.8226
6.63642	-0.0707781	0.138722	15.8184
6.41708	-0.0726253	0.135972	15.1457
6.37857	-0.0690165	0.133462	16.0859
6.37857	-0.0690165	0.133462	16.0859
5.38612	-0.063097	0.111462	15.1105
12.4256	-0.123815	0.284984	5.47739
12.1116	-0.116249	0.280685	5.82727
12.1116	-0.116249	0.280685	5.82727
11.3379	-0.105643	0.267006	7.13771
9.17919	-0.110846	0.201065	15.5859
8.31251	-0.0931549	0.180344	16.5551
8.31251	-0.0931549	0.180344	16.5551
7.0484	-0.0752026	0.151344	15.9442
6.76117	-0.07102	0.141485	15.7869
6.3837	-0.0677467	0.133726	16.1461
6.3837	-0.0677467	0.133726	16.1461
5.22438	-0.0618046	0.108022	15.2281
11.932	-0.131148	0.272923	5.57298
11.6498	-0.121676	0.270192	6.15441
11.6498	-0.121676	0.270192	6.15441
10.7878	-0.110377	0.254916	8.09153
10.0028	-0.121751	0.220381	12.8564
8.9615	-0.098681	0.195243	15.6415
8.9615	-0.098681	0.195243	15.6415
7.66316	-0.0773199	0.165628	17.3115
6.83836	-0.0708569	0.143196	15.673
6.38477	-0.0666908	0.133847	16.2397
6.38477	-0.0666908	0.133847	16.2397
5.11974	-0.0606384	0.105809	15.2839
11.6011	-0.136183	0.265822	5.80998
11.418	-0.125574	0.265314	6.35031
11.418	-0.125574	0.265314	6.35031
10.5273	-0.109981	0.249566	8.85248
10.4469	-0.124113	0.229965	11.8797
9.25991	-0.10001	0.201689	15.3103
9.25991	-0.10001	0.201689	15.3103
7.9512	-0.0780732	0.171855	18.8189
6.86448	-0.070922	0.143775	15.5217
6.38489	-0.0661524	0.133883	16.2369
6.38489	-0.0661524	0.133883	16.2369
5.08348	-0.060103	0.105045	15.2727
12.9242	-0.119232	0.298369	5.47301
12.9242	-0.119232	0.298369	5.47301
12.6489	-0.111482	0.294004	5.90041
11.9698	-0.0988559	0.281958	7.13079
7.7577	-0.0911912	0.167174	17.8621
7.7577	-0.0911912	0.167174	17.8621
6.93843	-0.0791602	0.148244	18.4034
6.71403	-0.072066	0.140599	15.8866
6.71403	-0.072066	0.140599	15.8866
6.54429	-0.0707184	0.136943	15.2495
5.67513	-0.0666198	0.118014	15.2042
5.48605	-0.0649068	0.114165	15.5057
12.7581	-0.123231	0.292727	5.31469
12.655	-0.119816	0.291383	5.42258
12.2656	-0.110917	0.285248	6.01924
11.4	-0.0991533	0.269418	7.56308
8.66424	-0.103246	0.18869	17.2444
8.30999	-0.0957089	0.180152	17.4225
7.31296	-0.080186	0.156944	17.7666
6.98032	-0.0734991	0.146492	15.9787
6.91639	-0.0731348	0.145438	16.4678
6.55578	-0.0689992	0.1377	15.7305
5.91948	-0.0680486	0.124561	14.8736
5.22511	-0.0626138	0.108475	15.4099
12.4284	-0.127473	0.283416	5.29803
12.2858	-0.123866	0.282244	5.49891
11.815	-0.112927	0.274976	6.31553
10.773	-0.102509	0.255407	8.56701
9.5769	-0.117887	0.210432	15.1369
8.95348	-0.10275	0.195099	16.1794
7.88595	-0.0840423	0.170205	16.9057
7.17026	-0.0741783	0.150706	15.9491
7.04599	-0.0736284	0.148671	17.0834
6.48795	-0.0661195	0.136495	16.1294
6.442	-0.0680299	0.137477	14.7522
4.97025	-0.0608306	0.102923	15.5716
11.9566	-0.136179	0.27126	5.47913
11.8946	-0.127338	0.273083	5.68638
11.3923	-0.116302	0.265661	6.57661
10.4178	-0.132134	0.230433	11.3604
10.2004	-0.101914	0.242918	10.1341
9.53845	-0.109011	0.208382	14.0543
8.41419	-0.087351	0.182111	15.9696
7.2852	-0.0744429	0.153258	15.8704
7.11702	-0.0735925	0.150481	17.456
6.99398	-0.0670977	0.150362	16.1536
6.43665	-0.0640061	0.135502	16.3333
4.80111	-0.0598028	0.0992708	15.6569
11.6939	-0.130638	0.268729	5.63781
11.5468	-0.143281	0.262302	5.81029
11.198	-0.120884	0.261621	6.85351
10.9537	-0.13536	0.242066	9.72894
9.9361	-0.10028	0.237505	10.4905
9.80835	-0.1106	0.214213	13.0133
8.64837	-0.0881588	0.187129	15.5099
7.32375	-0.0746663	0.154114	15.7847
7.25842	-0.0666757	0.156081	17.3794
7.13973	-0.0734467	0.151065	17.5924
6.4184	-0.0633352	0.135144	16.4548
4.7419	-0.0594204	0.0979969	15.7146
12.579	-0.125871	0.287449	5.18639
12.579	-0.125871	0.287449	5.18639
11.8798	-0.110185	0.276877	6.49831
10.7844	-0.0995399	0.256031	8.72084
9.11361	-0.10814	0.199069	17.0013
9.11361	-0.10814	0.199069	17.0013
7.33626	-0.0768397	0.15485	16.7719
7.33626	-0.0768397	0.15485	16.7719
7.18518	-0.0755251	0.154644	20.3877
6.80587	-0.068744	0.14308	14.435
5.59455	-0.0647912	0.116818	14.4551
5.27096	-0.0624392	0.110956	15.7982
12.337	-0.132805	0.279775	5.11568
12.3072	-0.130519	0.280248	5.24868
11.4545	-0.109439	0.267573	6.8982
10.128	-0.0974697	0.241491	10.8392
9.93511	-0.124176	0.218594	14.4025
9.60306	-0.114569	0.210139	15.1365
7.62641	-0.079224	0.161398	16.7907
7.61894	-0.0801327	0.161757	17.8434
7.50839	-0.0758346	0.161404	17.5795
6.75206	-0.0652775	0.142619	15.6008
5.89638	-0.0635559	0.124924	13.9922
5.02317	-0.0600031	0.105241	15.3947
12.0098	-0.134264	0.272948	5.30279
11.9349	-0.14198	0.268616	5.47896
11.0819	-0.112891	0.25963	7.22838
10.7078	-0.141176	0.237308	10.1611
10.0494	-0.120276	0.220027	12.3751
9.54394	-0.0921062	0.228817	12.4619
7.90852	-0.0771408	0.170018	15.5224
7.79654	-0.0805473	0.165249	16.7496
7.79113	-0.0821163	0.166093	18.6557
6.64484	-0.0617031	0.140482	16.1549
6.36778	-0.0604705	0.13607	14.0756
4.79273	-0.0588946	0.100038	15.101
11.8575	-0.138354	0.26948	5.23124
11.4002	-0.150162	0.256492	6.09477
11.3696	-0.146311	0.252021	7.79699
10.9215	-0.116363	0.256361	7.64826
10.2552	-0.121903	0.224426	11.032
9.27957	-0.0905828	0.223414	12.5728
8.08477	-0.077595	0.173695	14.7036
7.8527	-0.0809881	0.166522	16.702
7.84804	-0.0826785	0.167548	18.9916
6.6047	-0.0604566	0.139642	16.257
6.60393	-0.0585749	0.141177	14.5691
4.70947	-0.0588468	0.0981815	15.0087
12.1776	-0.138507	0.274883	5.07463
12.1776	-0.138507	0.274883	5.07463
11.0755	-0.109126	0.259651	7.50085
10.246	-0.129793	0.225289	12.7983
10.246	-0.129793	0.225289	12.7983
9.45619	-0.0898994	0.226694	13.325
8.04156	-0.0855114	0.171532	18.1068
8.04156	-0.0855114	0.171532	18.1068
7.28796	-0.0699217	0.15666	19.1585
7.02068	-0.0651857	0.148198	13.7478
5.55807	-0.0608512	0.116633	13.2419
5.23049	-0.0580916	0.111538	15.1656
12.0069	-0.144624	0.270282	5.05903
11.9161	-0.149206	0.266657	5.37788
10.8343	-0.146869	0.239691	9.35684
10.7602	-0.11175	0.253179	8.33276
10.4857	-0.133713	0.230094	10.6307
8.86786	-0.0839691	0.21401	14.6188
8.33242	-0.0905739	0.178918	19.2405
8.2944	-0.0887791	0.17743	18.093
7.49577	-0.0692769	0.160185	14.9373
6.9329	-0.0617146	0.14693	15.2896
5.84593	-0.0575166	0.124107	13.1458
5.05733	-0.0572079	0.106964	13.7775
11.9264	-0.148493	0.268282	5.07014
11.678	-0.155569	0.259415	6.24344
11.1849	-0.156159	0.249056	6.8593
10.6306	-0.112481	0.250612	8.93118
10.5848	-0.134949	0.231968	9.55012
8.60393	-0.0826965	0.208671	14.665
8.43703	-0.0924817	0.181644	19.753
8.378	-0.0898511	0.179388	18.058
7.62303	-0.0695306	0.162664	13.7226
6.87055	-0.0599292	0.145617	15.6211
6.0526	-0.0559679	0.128605	13.1399
4.95788	-0.0577832	0.104587	13.3932
11.9256	-0.155799	0.266278	5.11891
11.9256	-0.155799	0.266278	5.11891
10.8199	-0.14822	0.238101	9.02278
10.8199	-0.14822	0.238101	9.02278
10.4986	-0.110827	0.247999	9.80499
8.68186	-0.0968335	0.187372	19.2743
8.68186	-0.0968335	0.187372	19.2743
8.27681	-0.0792895	0.201434	16.5854
7.25474	-0.0647576	0.154572	15.1686
7.16123	-0.062526	0.151585	13.7423
5.54636	-0.0555236	0.116852	12.371
5.38782	-0.0530608	0.114937	13.0402
11.9359	-0.158102	0.266409	4.95889
11.8675	-0.160563	0.263962	5.22534
10.9612	-0.156431	0.241668	8.24848
10.7867	-0.148721	0.236588	8.93697
10.3935	-0.109988	0.245979	10.5384
8.83549	-0.100515	0.191478	19.7924
8.80236	-0.0991752	0.190324	19.193
8.0097	-0.0791633	0.196202	18.0664
7.31737	-0.0647316	0.155343	13.7351
7.11084	-0.0612337	0.150739	14.5019
5.678	-0.0535651	0.120046	12.5415
5.33632	-0.0535679	0.113021	12.1043
11.9313	-0.161434	0.265499	4.86616
11.9313	-0.161434	0.265499	4.86616
10.8547	-0.155295	0.238144	8.96257
10.8547	-0.155295	0.238144	8.96257
10.2987	-0.109012	0.244173	11.4104
8.97816	-0.103737	0.195079	19.6579
8.97816	-0.103737	0.195079	19.6579
7.7378	-0.0779083	0.191078	21.5192
7.21006	-0.0621637	0.152768	13.9569
7.21006	-0.0621637	0.152768	13.9569
5.54432	-0.0526748	0.116987	12.1704
5.54432	-0.0526748	0.116987	12.1704
12.7448	-0.1181	0.294043	5.45589
12.7448	-0.1181	0.294043	5.45589
12.7448	-0.1181	0.294043	5.45589
11.4211	-0.096118	0.270501	7.81098
7.89515	-0.0911461	0.170663	19.2029
7.89515	-0.0911461	0.170663	19.2029
7.89515	-0.0911461	0.170663	19.2029
6.91066	-0.0723626	0.144949	15.4308
6.91066	-0.0723626	0.144949	15.4308
6.91066	-0.0723626	0.144949	15.4308
5.21847	-0.0633816	0.10812	15.6068
5.21847	-0.0633816	0.10812	15.6068
12.6665	-0.124468	0.290008	5.21107
12.4651	-0.118995	0.287365	5.49613
12.4651	-0.118995	0.287365	5.49613
10.7718	-0.0986522	0.25628	8.88537
8.87611	-0.105671	0.193763	18.37
8.19504	-0.0919723	0.177602	19.4636
8.19504	-0.0919723	0.177602	19.4636
7.21002	-0.0738682	0.151497	15.5843
7.09152	-0.0725145	0.14927	15.7576
7.09152	-0.0725145	0.14927	15.7576
5.33353	-0.0645859	0.111469	15.4875
4.78995	-0.0605275	0.0988734	16.2138
12.4127	-0.130158	0.281988	5.16726
12.1238	-0.120734	0.279379	5.7357
12.1238	-0.120734	0.279379	5.7357
10.0763	-0.0962234	0.240753	11.3135
9.81579	-0.123098	0.216165	15.2298
8.62903	-0.0948014	0.187236	17.3569
8.62903	-0.0948014	0.187236	17.3569
7.4314	-0.0748738	0.156338	15.6082
7.18953	-0.0723428	0.151979	17.0142
7.18953	-0.0723428	0.151979	17.0142
5.74564	-0.0650701	0.121868	14.2462
4.43178	-0.0585113	0.0911721	17.1414
11.9881	-0.140103	0.270163	5.41936
11.8035	-0.12299	0.272187	5.82454
11.8035	-0.12299	0.272187	5.82454
10.6673	-0.141279	0.236904	10.3332
9.45088	-0.0903897	0.22706	12.9217
9.04207	-0.097819	0.196198	14.7505
9.04207	-0.097819	0.196198	14.7505
7.56722	-0.0755245	0.159308	15.6744
7.23037	-0.0719727	0.153275	18.0141
7.23037	-0.0719727	0.153275	18.0141
6.25065	-0.0601514	0.133784	13.8792
4.19029	-0.057204	0.0859927	18.0427
11.6595	-0.125822	0.269113	5.74156
11.6595	-0.125822	0.269113	5.74156
11.4453	-0.146512	0.254067	7.74129
11.3548	-0.149189	0.256017	6.21732
9.22288	-0.0986597	0.199993	13.505
9.22288	-0.0986597	0.199993	13.505
9.16334	-0.0887739	0.221141	12.7382
7.61299	-0.0757972	0.160308	15.6386
7.2413	-0.0719094	0.153652	18.3633
7.2413	-0.0719094	0.153652	18.3633
6.50693	-0.0568186	0.13934	14.8376
4.10454	-0.0568001	0.0841559	18.6131
12.4961	-0.126899	0.285535	5.20129
12.4961	-0.126899	0.285535	5.20129
12.2065	-0.11868	0.281697	5.77007
10.0541	-0.0953352	0.240549	11.7279
9.11312	-0.107148	0.199082	18.7138
9.11312	-0.107148	0.199082	18.7138
8.18771	-0.0891333	0.177494	21.4646
7.48993	-0.0755843	0.157978	15.9732
7.48993	-0.0755843	0.157978	15.9732
7.30018	-0.0719109	0.153829	15.0259
4.92587	-0.0615764	0.102381	16.0051
4.58536	-0.0594652	0.0951894	17.073
12.3599	-0.133419	0.279923	5.05194
12.281	-0.128474	0.280237	5.29911
11.9192	-0.117665	0.275415	5.98922
9.97505	-0.125418	0.219579	14.9795
9.36867	-0.108525	0.204344	16.4722
9.3024	-0.0867586	0.223708	14.8181
8.3499	-0.0878042	0.180578	18.8522
7.77122	-0.0775284	0.164154	16.064
7.73978	-0.0784532	0.164193	17.2466
7.41169	-0.0712853	0.156748	15.9442
5.11173	-0.0615863	0.107635	15.146
4.21594	-0.0571057	0.0872785	18.0886
12.0851	-0.131042	0.275677	5.21889
12.0819	-0.144349	0.271139	5.1809
11.6749	-0.119972	0.270212	6.06316
10.7053	-0.144703	0.237589	10.0985
9.59328	-0.109883	0.208666	13.2868
8.63423	-0.0797734	0.20898	15.3621
8.58042	-0.0880495	0.184946	15.0408
7.94018	-0.0788212	0.167867	16.1075
7.90285	-0.0810297	0.168534	18.7905
7.42901	-0.070633	0.157673	17.5785
5.54167	-0.0591661	0.117983	13.3705
3.90653	-0.0554152	0.0805418	19.6969
12.0016	-0.1326	0.273819	5.10406
11.8498	-0.154759	0.263967	5.98647
11.5743	-0.12321	0.268136	6.02529
11.0908	-0.154156	0.247881	7.13192
9.68839	-0.110478	0.210427	11.942
8.68695	-0.0881303	0.186965	13.5569
8.32711	-0.0785333	0.202612	14.5693
7.99664	-0.0791988	0.169107	16.0792
7.95815	-0.0820015	0.170066	19.4459
7.42628	-0.0703373	0.157804	18.2206
5.78196	-0.0556532	0.123209	12.987
3.7927	-0.0548786	0.0780683	20.527
12.2963	-0.136492	0.277968	4.90381
12.2963	-0.136492	0.277968	4.90381
11.7051	-0.116978	0.271159	6.25003
10.0449	-0.124943	0.220311	13.6631
10.0449	-0.124943	0.220311	13.6631
8.50474	-0.0762841	0.205727	17.2644
8.18808	-0.0829526	0.176502	18.7385
8.12378	-0.0829068	0.172772	17.2244
8.12378	-0.0829068	0.172772	17.2244
7.60454	-0.0702874	0.160848	14.8392
4.71956	-0.0588575	0.0986312	15.2914
4.22558	-0.0555345	0.0891532	18.3394
12.2476	-0.14063	0.27669	4.71043
12.2132	-0.148504	0.273838	4.721
11.5339	-0.119692	0.267786	6.46937
10.5638	-0.141839	0.233023	10.5441
10.0443	-0.124188	0.21907	11.9103
8.40494	-0.0888845	0.180089	18.7555
8.3494	-0.0855643	0.17783	17.1975
8.20643	-0.0804759	0.175863	15.4382
7.79778	-0.0706156	0.190033	16.5797
7.64881	-0.0697522	0.16229	16.0122
4.93868	-0.0569729	0.104483	14.0021
4.00949	-0.0551717	0.0843108	18.6063
12.2298	-0.142934	0.276266	4.60423
12.15	-0.15614	0.271341	4.79637
11.4668	-0.122614	0.266486	6.53544
10.7756	-0.150941	0.238442	9.12392
10.0306	-0.124061	0.218103	11.2279
8.51654	-0.0916549	0.183141	19.5807
8.42384	-0.0863602	0.1795	17.2221
8.25104	-0.0801434	0.176346	13.9788
7.63531	-0.0695419	0.162241	16.8833
7.46903	-0.0715101	0.183207	16.3022
5.15528	-0.054464	0.109265	13.2539
3.88757	-0.0550248	0.0815228	19.3633
12.318	-0.150369	0.276281	4.33298
12.318	-0.150369	0.276281	4.33298
11.4201	-0.121751	0.265776	6.95302
10.3527	-0.137153	0.226404	11.2731
10.3527	-0.137153	0.226404	11.2731
8.71101	-0.0940862	0.187207	18.4994
8.71101	-0.0940862	0.187207	18.4994
7.98615	-0.0748986	0.170381	15.7949
7.79783	-0.0688716	0.165344	15.0273
7.04656	-0.0682383	0.173368	17.2218
4.5987	-0.0559125	0.096607	13.5756
4.30023	-0.0548596	0.0919429	15.6949
12.3567	-0.150977	0.277214	4.20202
12.3346	-0.15312	0.275884	4.21849
11.3757	-0.123092	0.264992	7.1714
10.4647	-0.142129	0.229132	11.2183
10.2398	-0.13426	0.222794	11.9716
8.87306	-0.0989027	0.191675	19.2393
8.81331	-0.0958772	0.189597	18.3939
7.96432	-0.0723304	0.169344	14.9922
7.80078	-0.0690561	0.165626	15.6146
6.68351	-0.06808	0.166038	19.5685
4.71801	-0.0522719	0.0995247	12.9583
4.27806	-0.0563574	0.0907816	15.1725
12.3969	-0.151176	0.277417	4.06489
12.3969	-0.151176	0.277417	4.06489
11.3396	-0.123251	0.264394	7.46288
10.3101	-0.137034	0.224373	12.6178
10.3101	-0.137034	0.224373	12.6178
8.99594	-0.1016	0.194658	19.02
8.99594	-0.1016	0.194658	19.02
7.86405	-0.0689144	0.166892	15.2034
7.86405	-0.0689144	0.166892	15.2034
6.28536	-0.0668426	0.158568	24.7423
4.55911	-0.0538855	0.0959804	12.7051
4.55911	-0.0538855	0.0959804	12.7051
12.3748	-0.126974	0.282803	5.2776
12.3748	-0.126974	0.282803	5.2776
12.3748	-0.126974	0.282803	5.2776
9.24345	-0.0852413	0.222578	15.8585
9.11867	-0.105139	0.198951	19.469
9.11867	-0.105139	0.198951	19.469
9.11867	-0.105139	0.198951	19.469
7.69886	-0.0749886	0.162504	15.4731
7.69886	-0.0749886	0.162504	15.4731
7.69886	-0.0749886	0.162504	15.4731
4.26613	-0.057337	0.0881736	18.0204
4.26613	-0.057337	0.0881736	18.0204
12.3944	-0.133931	0.280605	4.89553
12.2423	-0.127279	0.279918	5.28725
12.2423	-0.127279	0.279918	5.28725
9.91708	-0.122831	0.217772	15.1385
9.13556	-0.102649	0.198539	17.3141
9.13556	-0.102649	0.198539	17.3141
8.40771	-0.0746284	0.203602	18.773
7.99111	-0.0771598	0.168863	15.8297
7.90474	-0.0762547	0.167445	16.2287
7.90474	-0.0762547	0.167445	16.2287
4.36471	-0.0571513	0.0913009	17.5675
3.67828	-0.0535956	0.0755275	21.075
12.3101	-0.143868	0.276411	4.64296
12.1364	-0.128597	0.277702	5.16646
12.1364	-0.128597	0.277702	5.16646
10.5046	-0.140189	0.232134	11.0467
9.15956	-0.101075	0.197956	14.2554
9.15956	-0.101075	0.197956	14.2554
8.16945	-0.0787438	0.172742	16.0933
8.05103	-0.0791615	0.171435	17.809
8.05103	-0.0791615	0.171435	17.809
7.66522	-0.068396	0.186943	17.0426
4.72998	-0.0572996	0.100267	14.9897
3.25359	-0.0500058	0.0663825	25.7486
12.2452	-0.154262	0.273852	4.63123
12.0953	-0.128702	0.276871	5.11048
12.0953	-0.128702	0.276871	5.11048
10.7392	-0.149432	0.238115	9.30736
9.17188	-0.100754	0.197664	12.9929
9.17188	-0.100754	0.197664	12.9929
8.22939	-0.079097	0.174045	16.1552
8.10297	-0.0806397	0.172993	18.7561
8.10297	-0.0806397	0.172993	18.7561
7.31809	-0.0690193	0.179617	16.4839
4.96584	-0.055165	0.105422	13.6081
3.09519	-0.0483158	0.0629658	28.0938
12.4329	-0.135717	0.281602	4.66922
12.4329	-0.135717	0.281602	4.66922
12.1983	-0.126994	0.279428	5.24904
9.7798	-0.11855	0.213559	14.2868
9.7798	-0.118551	0.213559	14.2868
8.93724	-0.0973807	0.19328	16.8796
8.2514	-0.0798657	0.175012	16.5004
8.2514	-0.0798657	0.175012	16.5004
8.07163	-0.0751011	0.170979	15.7994
7.49594	-0.0630536	0.182593	18.7973
3.85285	-0.0541308	0.0800805	19.531
3.41707	-0.0509367	0.0708871	23.5171
12.5182	-0.14152	0.281531	4.14906
12.4629	-0.136711	0.282462	4.4072
12.1624	-0.127808	0.279002	5.2175
10.2105	-0.131926	0.223883	12.1012
9.61369	-0.114385	0.208338	13.9344
8.80236	-0.0925637	0.189113	15.7277
8.49359	-0.0856712	0.181303	17.811
8.45876	-0.0822573	0.179546	16.6914
8.1971	-0.0767561	0.174168	16.5792
6.68105	-0.0612423	0.163971	16.6154
4.01118	-0.0540783	0.084549	17.0496
3.03206	-0.0472954	0.062763	29.1691
12.5391	-0.145031	0.281224	3.90837
12.4741	-0.135883	0.282799	4.29856
12.1485	-0.128237	0.278834	5.20407
10.3639	-0.137391	0.227645	11.4751
9.52697	-0.111332	0.205503	13.9497
8.75374	-0.0897617	0.187314	15.1182
8.606	-0.089516	0.184477	18.7476
8.5279	-0.0829628	0.181058	16.7864
8.2445	-0.0787238	0.175653	17.4271
6.28855	-0.0623009	0.155561	17.0636
4.23187	-0.052941	0.0894543	14.7492
2.85071	-0.0450551	0.0588244	32.9282
12.6561	-0.138363	0.284994	3.81413
12.6561	-0.138363	0.284994	3.81413
12.1717	-0.129459	0.279694	5.25622
9.90551	-0.123276	0.215139	13.9176
9.90551	-0.123276	0.215139	13.9176
8.75637	-0.0896867	0.187185	17.7559
8.75637	-0.0896867	0.187185	17.7559
8.56534	-0.0843644	0.183043	16.4836
8.30489	-0.0753588	0.17632	16.1774
5.78128	-0.0601399	0.143128	18.5568
3.58588	-0.0531896	0.0750736	19.36
3.17506	-0.0485681	0.0677664	26.0364
12.7198	-0.136653	0.285773	3.61371
12.7038	-0.137134	0.286204	3.68261
12.1734	-0.130472	0.27991	5.23804
10.0063	-0.126198	0.217518	13.8461
9.74348	-0.116094	0.210283	15.1547
8.91565	-0.0956026	0.191647	18.4711
8.84337	-0.0909702	0.189135	17.7356
8.47981	-0.079403	0.180519	16.1906
8.34692	-0.0765454	0.177491	16.5896
5.31722	-0.0590877	0.133256	22.1701
3.69529	-0.0531304	0.0777835	16.543
3.1364	-0.0483312	0.0666596	26.5383
12.7808	-0.134384	0.287309	3.5351
12.7808	-0.134384	0.287309	3.5351
12.1803	-0.131749	0.280251	5.20855
9.81623	-0.117458	0.211889	15.5427
9.81623	-0.117458	0.211889	15.5427
9.02018	-0.0976848	0.194086	18.36
9.02018	-0.0976848	0.194086	18.36
8.38425	-0.0755598	0.178145	16.3753
8.38425	-0.0755598	0.178145	16.3753
4.76176	-0.0560885	0.122522	33.3693
3.49322	-0.0534356	0.0733849	18.3651
3.49322	-0.0534356	0.0733849	18.3651
12.5497	-0.135351	0.284786	4.37596
12.5497	-0.135351	0.284786	4.37596
12.5497	-0.135351	0.284786	4.37596
9.50038	-0.111702	0.206156	14.9402
9.50038	-0.111702	0.206156	14.9402
9.50038	-0.111702	0.206156	14.9402
8.41223	-0.0789269	0.178368	16.4933
8.41223	-0.0789269	0.178368	16.4933
8.41223	-0.0789269	0.178368	16.4933
6.47774	-0.0561381	0.158634	16.3447
3.02032	-0.0471499	0.0622735	28.3258
3.02032	-0.0471499	0.0622735	28.3258
12.759	-0.133253	0.287698	3.75453
12.6262	-0.132645	0.286909	4.16754
12.6262	-0.132645	0.286909	4.16754
9.85041	-0.121923	0.214318	13.7578
9.24938	-0.102747	0.199165	16.0072
9.24938	-0.102747	0.199165	16.0072
8.6194	-0.0813716	0.182862	16.856
8.58491	-0.0820331	0.182614	17.1544
8.58491	-0.0820331	0.182614	17.1544
5.55774	-0.0565361	0.137038	16.877
3.13151	-0.0487633	0.0656914	24.8446
2.34844	-0.038499	0.0478449	44.2719
12.8283	-0.127922	0.288607	3.50393
12.6526	-0.131464	0.287652	4.1239
12.6526	-0.131464	0.287652	4.1239
9.96925	-0.125325	0.217123	13.33
9.12041	-0.0961065	0.195319	16.2845
9.12041	-0.0961065	0.195319	16.2845
8.68893	-0.0822071	0.184369	16.9743
8.68665	-0.0861777	0.185493	17.8265
8.68665	-0.0861777	0.185493	17.8265
5.09372	-0.0572747	0.126795	18.4993
3.35183	-0.051232	0.0706456	19.5699
2.06952	-0.0342581	0.0418121	55.0681
12.9105	-0.124592	0.291607	3.50138
12.9105	-0.124592	0.291607	3.50138
12.7271	-0.130132	0.289694	4.03123
9.52509	-0.109339	0.205426	16.048
9.52509	-0.109339	0.205426	16.048
8.98446	-0.0920803	0.19228	17.0427
8.81687	-0.0852725	0.187675	17.4951
8.81687	-0.0852725	0.187675	17.4951
8.6736	-0.080594	0.184306	17.104
4.51802	-0.053748	0.112035	20.7648
2.54438	-0.0419122	0.0530029	36.3083
2.1404	-0.0354237	0.0448688	53.6397
13.0063	-0.115931	0.293164	3.34249
12.962	-0.120102	0.292942	3.43114
12.7612	-0.129672	0.29064	3.98375
9.61813	-0.111668	0.20755	16.026
9.34347	-0.0999289	0.200189	16.9644
8.9546	-0.0910322	0.1915	17.9958
8.89416	-0.0862826	0.189362	17.5635
8.85474	-0.0852738	0.188652	17.1447
8.74234	-0.0828465	0.186117	17.3945
3.94491	-0.0513013	0.0991226	28.3158
2.65111	-0.0447464	0.0556998	30.9933
1.96928	-0.0327651	0.0414069	62.7833
13.0663	-0.111867	0.294706	3.27593
13.0663	-0.111867	0.294706	3.27593
12.7976	-0.129423	0.29165	3.91615
9.41833	-0.101211	0.201824	17.2273
9.41833	-0.101211	0.201824	17.2273
9.04435	-0.0925799	0.19352	18.051
9.04435	-0.0925799	0.19352	18.051
8.76218	-0.0814316	0.186327	17.3177
8.76218	-0.0814316	0.186327	17.3177
3.19392	-0.0415989	0.0835069	62.9733
2.36467	-0.0407053	0.0495907	40.266
2.36467	-0.0407053	0.0495907	40.266
13.0677	-0.112452	0.29572	3.38096
13.0677	-0.112452	0.29572	3.38096
13.0677	-0.112452	0.29572	3.38096
9.23811	-0.0971878	0.197897	17.3565
9.23811	-0.0971878	0.197897	17.3565
9.23811	-0.0971878	0.197897	17.3565
8.89749	-0.0839874	0.189156	17.7498
8.89749	-0.0839874	0.189156	17.7498
8.89749	-0.0839874	0.189156	17.7498
3.33083	-0.0469769	0.0825992	32.4031
1.56484	-0.0271784	0.0322071	82.0813
1.56484	-0.0271784	0.0322071	82.0813
13.1825	-0.0994045	0.297733	3.27529
13.1209	-0.108207	0.297113	3.35832
13.1209	-0.108207	0.297113	3.35832
9.32302	-0.0988512	0.199782	17.4879
9.08243	-0.0892788	0.193591	17.7709
9.08243	-0.0892788	0.193591	17.7709
8.9818	-0.0870404	0.191352	17.9852
8.9818	-0.0870404	0.191352	17.9852
8.97257	-0.0850617	0.190782	17.8936
2.61159	-0.0376113	0.0656232	60.1464
1.68845	-0.0306146	0.0354156	74.5548
1.03619	-0.0180488	0.0208355	163.599
13.242	-0.0928491	0.299276	3.278
13.242	-0.0928491	0.299276	3.278
13.1745	-0.104428	0.298525	3.33495
9.15878	-0.0905018	0.195248	17.9377
9.15878	-0.0905018	0.195248	17.9377
9.062	-0.0883588	0.193107	18.1103
9.062	-0.0883588	0.193107	18.1103
8.99155	-0.0854747	0.191292	18.067
8.99155	-0.0854747	0.191292	18.067
1.60203	-0.0217948	0.042327	193.148
1.19324	-0.0218486	0.0249955	146.042
1.19324	-0.0218486	0.0249955	146.042
13.3012	-0.0865374	0.300823	3.31765
13.3012	-0.0865374	0.300823	3.31765
13.3012	-0.0865374	0.300823	3.31765
9.06845	-0.08676	0.192957	18.2057
9.06845	-0.08676	0.192957	18.2057
9.06845	-0.08676	0.192957	18.2057
9.06845	-0.08676	0.192957	18.2057
9.06845	-0.08676	0.192957	18.2057
9.06845	-0.08676	0.192957	18.2057
0	0	0	0
0	0	0	0
0	0	0	0
