1008 Out of 20736 QH, Third, Fourth Freq in rad/ps and Lifetimes in ps for a 12x12x12 Ar Lattice at 10K. (atoms/UC=4)
13.3026	-0.145922	0.317156	6.25773
13.3026	-0.145922	0.317156	6.25773
13.3026	-0.145922	0.317156	6.25773
13.3026	-0.145922	0.317156	6.25773
6.01832	-0.0641655	0.128507	14.1161
6.01832	-0.0641655	0.128507	14.1161
6.01832	-0.0641655	0.128507	14.1161
6.01832	-0.0641655	0.128507	14.1161
6.01832	-0.0641655	0.128507	14.1161
6.01832	-0.0641655	0.128507	14.1161
6.01832	-0.0641655	0.128507	14.1161
6.01832	-0.0641655	0.128507	14.1161
13.222	-0.139944	0.315133	6.53293
13.222	-0.139944	0.315133	6.53293
13.222	-0.139944	0.315133	6.53293
13.222	-0.139944	0.315133	6.53293
6.2016	-0.0716511	0.133179	15.9459
6.2016	-0.0716511	0.133179	15.9459
6.2016	-0.0716511	0.133179	15.9459
6.2016	-0.0716511	0.133179	15.9459
6.01789	-0.0634032	0.128515	15.6877
6.01789	-0.0634032	0.128515	15.6877
6.01789	-0.0634032	0.128515	15.6877
6.01789	-0.0634032	0.128515	15.6877
12.9844	-0.135181	0.3092	6.51686
12.9844	-0.135181	0.3092	6.51686
12.9844	-0.135181	0.3092	6.51686
12.9844	-0.135181	0.3092	6.51686
6.70524	-0.0805694	0.145886	17.5682
6.70524	-0.0805694	0.145886	17.5682
6.70524	-0.0805694	0.145886	17.5682
6.70524	-0.0805694	0.145886	17.5682
6.01671	-0.063028	0.128535	14.8432
6.01671	-0.063028	0.128535	14.8432
6.01671	-0.063028	0.128535	14.8432
6.01671	-0.063028	0.128535	14.8432
12.6048	-0.127942	0.299826	6.19244
12.6048	-0.127942	0.299826	6.19244
12.6048	-0.127942	0.299826	6.19244
12.6048	-0.127942	0.299826	6.19244
7.41959	-0.0886267	0.163673	19.5851
7.41959	-0.0886267	0.163673	19.5851
7.41959	-0.0886267	0.163673	19.5851
7.41959	-0.0886267	0.163673	19.5851
6.01511	-0.0653286	0.128558	15.3371
6.01511	-0.0653286	0.128558	15.3371
6.01511	-0.0653286	0.128558	15.3371
6.01511	-0.0653286	0.128558	15.3371
12.1168	-0.129879	0.288095	5.89009
12.1168	-0.129879	0.288095	5.89009
12.1168	-0.129879	0.288095	5.89009
12.1168	-0.129879	0.288095	5.89009
8.21517	-0.0964667	0.183208	19.4786
8.21517	-0.0964667	0.183208	19.4786
8.21517	-0.0964667	0.183208	19.4786
8.21517	-0.0964667	0.183208	19.4786
6.0135	-0.0640058	0.128576	16.0212
6.0135	-0.0640058	0.128576	16.0212
6.0135	-0.0640058	0.128576	16.0212
6.0135	-0.0640058	0.128576	16.0212
11.6086	-0.140166	0.276535	6.3365
11.6086	-0.140166	0.276535	6.3365
11.6086	-0.140166	0.276535	6.3365
11.6086	-0.140166	0.276535	6.3365
8.93418	-0.105102	0.200256	20.789
8.93418	-0.105102	0.200256	20.7891
8.93418	-0.105102	0.200256	20.789
8.93418	-0.105102	0.200256	20.789
6.01233	-0.0638772	0.128584	15.1157
6.01233	-0.0638772	0.128584	15.1157
6.01233	-0.0638772	0.128584	15.1157
6.01233	-0.0638772	0.128584	15.1157
11.3439	-0.1483	0.270982	6.92177
11.3439	-0.1483	0.270982	6.92177
11.3439	-0.1483	0.270982	6.92177
11.3439	-0.1483	0.270982	6.92177
9.2734	-0.105409	0.207729	19.3552
9.2734	-0.105409	0.207729	19.3552
9.2734	-0.105409	0.207729	19.3552
9.2734	-0.105409	0.207729	19.3552
6.0119	-0.0635965	0.128589	14.8086
6.0119	-0.0635965	0.128589	14.8086
6.0119	-0.0635965	0.128589	14.8086
6.0119	-0.0635965	0.128589	14.8086
13.2224	-0.139741	0.314546	6.48906
13.2224	-0.139741	0.314546	6.48906
13.0628	-0.129596	0.311724	6.47661
13.0628	-0.129596	0.311724	6.47661
6.51811	-0.0728314	0.141119	17.9177
6.51811	-0.0728314	0.141119	17.9177
6.18019	-0.0684243	0.132222	16.3664
6.18019	-0.0684243	0.132222	16.3664
6.04739	-0.0727389	0.129317	14.8991
6.04739	-0.0727389	0.129317	14.8991
6.03905	-0.0681705	0.129505	16.568
6.03905	-0.0681705	0.129505	16.568
13.0633	-0.136275	0.310023	6.20942
13.0633	-0.136275	0.310023	6.20942
12.7541	-0.127261	0.30458	6.69809
12.7541	-0.127261	0.30458	6.69809
7.12638	-0.0885956	0.156238	20.5966
7.12638	-0.0885956	0.156238	20.5966
6.38296	-0.0768418	0.13812	15.4316
6.38296	-0.0768418	0.13812	15.4316
6.31279	-0.0692681	0.135289	16.6225
6.31279	-0.0692681	0.135289	16.6225
5.91888	-0.0672308	0.126609	14.7313
5.91888	-0.0672308	0.126609	14.7313
12.7539	-0.138075	0.301891	6.1485
12.7539	-0.138075	0.301891	6.1485
12.3164	-0.11699	0.29427	6.99594
12.3164	-0.11699	0.29427	6.99594
7.91355	-0.0979052	0.17563	20.9703
7.91355	-0.0979052	0.17563	20.9703
6.97068	-0.0783211	0.152865	17.0072
6.97068	-0.0783211	0.152865	17.0072
6.40983	-0.0698955	0.137546	17.2741
6.40983	-0.0698955	0.137546	17.2741
5.81485	-0.0631815	0.124311	15.3154
5.81485	-0.0631815	0.124311	15.3154
12.3193	-0.138175	0.291008	5.82118
12.3193	-0.138175	0.291008	5.82118
11.7911	-0.124592	0.28205	6.64946
11.7911	-0.124592	0.28205	6.64946
8.75201	-0.108043	0.196132	23.5667
8.75201	-0.108043	0.196132	23.5667
7.6773	-0.0869538	0.17024	18.942
7.6773	-0.0869538	0.17024	18.942
6.47981	-0.0681727	0.139173	15.8516
6.47981	-0.0681727	0.139173	15.8516
5.73466	-0.0624583	0.122568	13.9087
5.73466	-0.0624583	0.122568	13.9087
11.8322	-0.149347	0.279571	6.15013
11.8322	-0.149347	0.279571	6.15013
11.2772	-0.134195	0.270604	7.07957
11.2772	-0.134195	0.270604	7.07957
9.50457	-0.120439	0.21404	18.7672
9.50457	-0.120439	0.21404	18.7672
8.32965	-0.0908965	0.185642	20.6226
8.32965	-0.0908965	0.185642	20.6226
6.52256	-0.0690726	0.140168	15.9829
6.52256	-0.0690726	0.140168	15.9829
5.6838	-0.0599502	0.12147	14.0829
5.6838	-0.0599502	0.12147	14.0829
11.5568	-0.148166	0.273708	6.22452
11.5568	-0.148166	0.273708	6.22452
11.0266	-0.136281	0.265392	9.02203
11.0266	-0.136281	0.265392	9.02203
9.87224	-0.117609	0.222145	16.3037
9.87224	-0.117609	0.222145	16.3037
8.63124	-0.0927848	0.192289	24.6507
8.63124	-0.0927848	0.192289	24.6507
6.53697	-0.0666732	0.140503	15.8251
6.53697	-0.0666732	0.140503	15.8251
5.66634	-0.0579566	0.121095	14.2392
5.66634	-0.0579566	0.121095	14.2392
12.9857	-0.141304	0.306996	5.82554
12.9857	-0.141304	0.306996	5.82554
12.3861	-0.117759	0.296483	6.54709
12.3861	-0.117759	0.296483	6.54709
7.72154	-0.0950289	0.170844	21.87
7.72154	-0.0950289	0.170844	21.87
6.6303	-0.0747768	0.142624	16.2778
6.6303	-0.0747768	0.142624	16.2778
6.12582	-0.0714655	0.131413	15.0584
6.12582	-0.0714655	0.131413	15.0584
6.09676	-0.0685874	0.132108	16.7575
6.09676	-0.0685874	0.132108	16.7575
12.7553	-0.141558	0.300325	5.95984
12.7553	-0.141558	0.300325	5.95984
11.9055	-0.113445	0.285595	6.73713
11.9055	-0.113445	0.285595	6.73713
8.47401	-0.103546	0.189164	21.8
8.47401	-0.103546	0.189164	21.8
6.87144	-0.073134	0.148262	16.1494
6.87144	-0.073134	0.148262	16.1494
6.56248	-0.0730204	0.143111	15.0045
6.56248	-0.0730204	0.143111	15.0045
5.88253	-0.0646648	0.12655	14.6979
5.88253	-0.0646648	0.12655	14.6979
12.3887	-0.143975	0.290665	5.52405
12.3887	-0.143975	0.290665	5.52405
11.3599	-0.118587	0.27322	6.8076
11.3599	-0.118587	0.27322	6.8076
9.28033	-0.118804	0.208772	22.7731
9.28033	-0.118804	0.208772	22.7731
7.15824	-0.0762198	0.157751	18.2725
7.15824	-0.0762198	0.157751	18.2725
7.03491	-0.0733022	0.152116	17.254
7.03491	-0.0733022	0.152116	17.254
5.70632	-0.0597296	0.122541	13.8053
5.70632	-0.0597296	0.122541	13.8053
11.9406	-0.15416	0.279721	6.03318
11.9406	-0.15416	0.279721	6.03318
10.854	-0.12846	0.262103	7.76518
10.854	-0.12846	0.262103	7.76518
10.0168	-0.130479	0.226386	17.4781
10.0168	-0.130479	0.226386	17.4781
7.72513	-0.077687	0.171049	19.0656
7.72513	-0.077687	0.171049	19.0656
7.13056	-0.0752663	0.154374	17.2793
7.13056	-0.0752663	0.154374	17.2793
5.59397	-0.0582037	0.120019	12.6261
5.59397	-0.0582037	0.120019	12.6261
11.6594	-0.159807	0.273611	5.46371
11.6594	-0.159807	0.273611	5.46371
10.6201	-0.125454	0.25724	10.8158
10.6201	-0.125454	0.25724	10.8158
10.3979	-0.134027	0.234844	15.0395
10.3979	-0.134027	0.234844	15.0395
7.98458	-0.0787034	0.176745	17.6998
7.98458	-0.0787034	0.176745	17.6998
7.16218	-0.0737099	0.15512	17.2191
7.16218	-0.0737099	0.15512	17.2191
5.55528	-0.0571172	0.119156	12.1253
5.55528	-0.0571172	0.119156	12.1253
12.6083	-0.143626	0.295268	5.78171
12.6083	-0.143626	0.295268	5.78171
11.4007	-0.119589	0.274489	7.81978
11.4007	-0.119589	0.274489	7.81978
9.1145	-0.114921	0.204578	23.2264
9.1145	-0.114921	0.204578	23.2264
7.27994	-0.0772945	0.157927	18.4441
7.27994	-0.0772945	0.157927	18.4441
6.23063	-0.0676224	0.134176	13.816
6.23063	-0.0676224	0.134176	13.816
6.18115	-0.0623636	0.13535	18.1837
6.18115	-0.0623636	0.13535	18.1837
12.3228	-0.151383	0.287181	5.21266
12.3228	-0.151383	0.287181	5.21266
10.8527	-0.115259	0.262277	8.76535
10.8527	-0.115259	0.262277	8.76535
9.80304	-0.130231	0.221212	22.0805
9.80304	-0.130231	0.221212	22.0805
7.57531	-0.0799707	0.165038	20.7933
7.57531	-0.0799707	0.165038	20.7933
6.68912	-0.0664833	0.146485	15.2085
6.68912	-0.0664833	0.146485	15.2085
5.92362	-0.0579916	0.128264	13.4778
5.92362	-0.0579916	0.128264	13.4778
11.9353	-0.161283	0.277225	5.49592
11.9353	-0.161283	0.277225	5.49592
10.457	-0.145421	0.236953	15.3902
10.457	-0.145421	0.236953	15.3902
10.3666	-0.119331	0.251723	10.9031
10.3666	-0.119331	0.251723	10.9031
7.74871	-0.0821031	0.169253	21.7702
7.74871	-0.0821031	0.169253	21.7702
7.16512	-0.0647057	0.157552	15.5344
7.16512	-0.0647057	0.157552	15.5344
5.74209	-0.0548177	0.124022	11.6722
5.74209	-0.0548177	0.124022	11.6722
11.6573	-0.178964	0.27097	5.19975
11.6573	-0.178964	0.27097	5.19975
10.8281	-0.151452	0.245296	12.8522
10.8281	-0.151452	0.245296	12.8522
10.151	-0.113907	0.247248	11.7758
10.151	-0.113907	0.247248	11.7758
7.80559	-0.083362	0.170638	21.2419
7.80559	-0.083362	0.170638	21.2419
7.38259	-0.0629881	0.162272	15.3312
7.38259	-0.0629881	0.162272	15.3312
5.67904	-0.0509885	0.12256	10.6244
5.67904	-0.0509885	0.12256	10.6244
12.1284	-0.163402	0.280921	5.10838
12.1284	-0.163402	0.280921	5.10838
10.3236	-0.146948	0.233645	17.4893
10.3236	-0.146948	0.233645	17.4893
10.3204	-0.112011	0.250608	11.3265
10.3204	-0.112011	0.250608	11.3265
8.01312	-0.0877274	0.17579	22.9727
8.01312	-0.0877274	0.17579	22.9727
6.33289	-0.059603	0.136854	11.5938
6.33289	-0.059603	0.136854	11.5938
6.28177	-0.0549948	0.138098	17.0992
6.28177	-0.0549948	0.138098	17.0992
11.8285	-0.174878	0.272619	5.55243
11.8285	-0.174878	0.272619	5.55243
10.8234	-0.1622	0.245705	12.6995
10.8234	-0.1622	0.245705	12.6995
9.86353	-0.107281	0.240798	14.1965
9.86353	-0.107281	0.240798	14.1965
8.29135	-0.0916596	0.182769	24.3413
8.29135	-0.0916596	0.182769	24.3413
6.70311	-0.0580721	0.146438	14.0493
6.70311	-0.0580721	0.146438	14.0493
6.05589	-0.0477943	0.13156	12.2447
6.05589	-0.0477943	0.13156	12.2447
11.5737	-0.188328	0.266516	6.02335
11.5737	-0.188328	0.266516	6.02335
11.1463	-0.170294	0.253123	9.32906
11.1463	-0.170294	0.253123	9.32906
9.66685	-0.103777	0.236788	14.191
9.66685	-0.103777	0.236788	14.191
8.38579	-0.0919213	0.185163	25.8572
8.38579	-0.0919213	0.185163	25.8572
6.88392	-0.0568285	0.15031	13.3354
6.88392	-0.0568285	0.15031	13.3354
5.9684	-0.040466	0.129445	11.8945
5.9684	-0.040466	0.129445	11.8945
11.6451	-0.184229	0.266719	5.91268
11.6451	-0.184229	0.266719	5.91268
11.1271	-0.184625	0.252977	10.3362
11.1271	-0.184625	0.252977	10.3362
9.43908	-0.100708	0.231843	17.21
9.43908	-0.100708	0.231843	17.21
8.67171	-0.0994017	0.192586	28.4687
8.67171	-0.0994017	0.192586	28.4687
6.40619	-0.0533184	0.138772	11.7534
6.40619	-0.0533184	0.138772	11.7534
6.38265	-0.0488557	0.139376	13.4717
6.38265	-0.0488557	0.139376	13.4717
11.462	-0.199563	0.261873	6.90439
11.462	-0.199563	0.261873	6.90439
11.3416	-0.195707	0.258032	7.7888
11.3416	-0.195707	0.258032	7.7888
9.25921	-0.099239	0.228271	18.3407
9.25921	-0.099239	0.228271	18.3407
8.81035	-0.102787	0.196257	32.2064
8.81035	-0.102787	0.196257	32.2064
6.55049	-0.0543674	0.142312	11.5898
6.55049	-0.0543674	0.142312	11.5898
6.2857	-0.0475497	0.136456	13.8815
6.2857	-0.0475497	0.136456	13.8815
11.4073	-0.212931	0.259734	7.05942
11.4073	-0.212931	0.259734	7.05942
11.4073	-0.212931	0.259734	7.05942
11.4073	-0.212931	0.259734	7.05942
9.08701	-0.0954533	0.224892	24.8406
9.08701	-0.0954533	0.224892	24.8406
8.97164	-0.108119	0.200622	35.1772
8.97164	-0.108119	0.200622	35.1772
6.43271	-0.0519426	0.139471	14.0047
6.43271	-0.0519426	0.139471	14.0047
6.43271	-0.0519426	0.139471	14.0047
6.43271	-0.0519426	0.139471	14.0047
13.1461	-0.137381	0.312632	6.81294
13.1461	-0.137381	0.312632	6.81294
13.1461	-0.137381	0.312632	6.81294
12.8198	-0.126028	0.306811	7.56405
6.59316	-0.0774132	0.143179	19.4437
6.59316	-0.0774132	0.143179	19.4437
6.59316	-0.0774132	0.143179	19.4437
6.27006	-0.0706187	0.134303	15.1256
6.27006	-0.0706187	0.134303	15.1256
6.27006	-0.0706187	0.134303	15.1256
5.81518	-0.0698034	0.124138	14.1958
5.81518	-0.0698034	0.124138	14.1958
13.064	-0.139261	0.309473	6.25901
12.9219	-0.133337	0.307057	6.41046
12.9219	-0.133337	0.307057	6.41046
12.4308	-0.115444	0.298188	7.13784
7.37392	-0.0930048	0.162402	21.0011
6.96161	-0.0848838	0.152359	20.0711
6.96161	-0.0848838	0.152359	20.0711
6.46997	-0.0714078	0.138796	16.6048
6.35729	-0.0696597	0.136479	16.018
6.35729	-0.0696597	0.136479	16.018
5.96104	-0.0703858	0.12811	15.5247
5.58897	-0.0666077	0.119125	13.656
12.8191	-0.145839	0.302416	5.75283
12.5653	-0.129331	0.298293	6.19064
12.5653	-0.129331	0.298293	6.19064
11.9212	-0.106832	0.28654	7.37514
8.26862	-0.101942	0.184354	21.8607
7.5911	-0.0890608	0.167761	18.9236
7.5911	-0.0890608	0.167761	18.9236
6.63642	-0.0704131	0.142541	16.1715
6.41708	-0.0722871	0.139764	13.8457
6.37857	-0.067618	0.137154	16.1277
6.37857	-0.067618	0.137154	16.1277
5.38612	-0.0648726	0.114676	13.9383
12.4256	-0.141997	0.292019	5.91817
12.1116	-0.13291	0.287442	5.65965
12.1116	-0.13291	0.287442	5.65965
11.3379	-0.121061	0.273256	6.32738
9.17919	-0.119623	0.206674	20.8315
8.31251	-0.0968014	0.185255	19.9889
8.31251	-0.0968014	0.185255	19.9889
7.0484	-0.0771137	0.155419	18.0201
6.76117	-0.0726002	0.145353	16.761
6.3837	-0.0684922	0.137394	15.9542
6.3837	-0.0684922	0.137394	15.9542
5.22438	-0.0653834	0.111152	13.6848
11.932	-0.155148	0.279962	5.60232
11.6498	-0.140372	0.276923	6.57034
11.6498	-0.140372	0.276923	6.57034
10.7878	-0.123675	0.261099	7.92313
10.0028	-0.13437	0.226521	17.585
8.9615	-0.102726	0.200502	20.304
8.9615	-0.102726	0.200502	20.304
7.66316	-0.0768004	0.169964	20.848
6.83836	-0.072058	0.147088	16.5044
6.38477	-0.0663463	0.137493	16.5331
6.38477	-0.0663463	0.137493	16.5331
5.11974	-0.0611072	0.108878	14.2473
11.6011	-0.163666	0.272869	5.63642
11.418	-0.150816	0.272061	6.5807
11.418	-0.150816	0.272061	6.5807
10.5273	-0.120602	0.255654	11.6602
10.4469	-0.133609	0.236307	14.2872
9.25991	-0.102305	0.207078	17.955
9.25991	-0.102305	0.207078	17.955
7.9512	-0.0768291	0.176306	24.6993
6.86448	-0.0734252	0.147678	14.4132
6.38489	-0.0653094	0.137518	16.749
6.38489	-0.0653094	0.137518	16.749
5.08348	-0.0598733	0.10809	14.0426
12.9242	-0.141072	0.305466	6.12719
12.9242	-0.141072	0.305466	6.12719
12.6489	-0.13229	0.300828	6.10294
11.9698	-0.107673	0.288255	7.70122
7.7577	-0.0960943	0.171847	22.8846
7.7577	-0.0960943	0.171847	22.8846
6.93843	-0.0836936	0.152366	22.5909
6.71403	-0.0728063	0.144473	16.0555
6.71403	-0.0728063	0.144473	16.0555
6.54429	-0.0716329	0.140728	15.2008
5.67513	-0.068723	0.121405	14.788
5.48605	-0.0665576	0.117456	14.6904
12.7581	-0.141206	0.29986	5.6371
12.655	-0.137353	0.298403	5.97129
12.2656	-0.12567	0.291931	6.25023
11.4	-0.10937	0.275533	7.61326
8.66424	-0.109489	0.193949	23.4494
8.30999	-0.0992335	0.18512	22.8664
7.31296	-0.0821559	0.16122	20.9494
6.98032	-0.0744772	0.150491	17.2918
6.91639	-0.0704329	0.149408	17.643
6.55578	-0.0680699	0.141456	15.8373
5.91948	-0.0703834	0.128076	13.9234
5.22511	-0.0640504	0.111624	13.4259
12.4284	-0.144998	0.290534	5.75165
12.2858	-0.144671	0.289234	5.64806
11.815	-0.130488	0.281556	6.64486
10.773	-0.114303	0.261395	8.69898
9.5769	-0.125404	0.216338	24.2738
8.95348	-0.105919	0.200446	21.3256
7.88595	-0.0857846	0.174766	19.071
7.17026	-0.0760096	0.154787	17.3949
7.04599	-0.0734954	0.152699	19.8067
6.48795	-0.0635223	0.140167	16.7956
6.442	-0.0660997	0.141182	14.3516
4.97025	-0.0622722	0.105945	14.2523
11.9566	-0.160912	0.278418	5.38173
11.8946	-0.147838	0.280023	6.17074
11.3923	-0.131569	0.272182	6.67141
10.4178	-0.14854	0.236953	15.2286
10.2004	-0.114874	0.248705	12.4249
9.53845	-0.11662	0.21407	17.5742
8.41419	-0.0896009	0.186926	17.7974
7.2852	-0.0744037	0.157385	16.6711
7.11702	-0.073358	0.154535	19.1163
6.99398	-0.0647213	0.15424	17.2036
6.43665	-0.0614103	0.139112	17.0238
4.80111	-0.0630099	0.10221	14.1806
11.6939	-0.147727	0.27568	5.26626
11.5468	-0.172371	0.269488	6.0634
11.198	-0.142237	0.268187	7.80283
10.9537	-0.153209	0.248838	12.6122
9.9361	-0.106107	0.243166	13.0296
9.80835	-0.117234	0.220028	15.7977
8.64837	-0.0919121	0.192042	18.7207
7.32375	-0.0753437	0.158259	15.5024
7.25842	-0.0642673	0.160041	17.2882
7.13973	-0.0740326	0.155124	19.6263
6.4184	-0.0606176	0.138733	17.6497
4.7419	-0.0619865	0.100908	14.038
12.579	-0.145346	0.294582	5.40495
12.579	-0.145346	0.294582	5.40495
11.8798	-0.129062	0.283415	6.99377
10.7844	-0.109007	0.261952	9.28121
9.11361	-0.114577	0.204593	27.4193
9.11361	-0.114577	0.204593	27.4193
7.33626	-0.0778466	0.159048	19.5017
7.33626	-0.0778466	0.159048	19.5017
7.18518	-0.0719685	0.158776	23.6426
6.80587	-0.0680793	0.146916	14.6425
5.59455	-0.0693253	0.120144	12.9099
5.27096	-0.06518	0.114128	14.2768
12.337	-0.15884	0.286982	5.19257
12.3072	-0.153726	0.287395	5.66306
11.4545	-0.123561	0.273953	7.01118
10.128	-0.109135	0.247146	13.5876
9.93511	-0.135894	0.224764	22.5693
9.60306	-0.122757	0.215976	22.6276
7.62641	-0.0795708	0.16575	18.5805
7.61894	-0.0802178	0.166128	21.1759
7.50839	-0.0757603	0.165652	19.6108
6.75206	-0.0611184	0.146366	16.463
5.89638	-0.0654992	0.128338	11.7662
5.02317	-0.0614451	0.108271	13.8191
12.0098	-0.154402	0.280081	5.54329
11.9349	-0.166104	0.275892	5.84742
11.0819	-0.129053	0.265968	7.26986
10.7078	-0.162143	0.244132	14.3826
10.0494	-0.129314	0.226143	16.923
9.54394	-0.0974326	0.234152	16.5374
7.90852	-0.0755635	0.174431	17.4494
7.79654	-0.0810049	0.16969	18.3989
7.79113	-0.0816728	0.17057	22.6553
6.64484	-0.0572318	0.144116	16.9926
6.36778	-0.0551582	0.139585	12.6612
4.79273	-0.0614536	0.102962	12.5984
11.8575	-0.165718	0.276657	4.89119
11.4002	-0.180955	0.263775	7.03256
11.3696	-0.169198	0.259185	9.63278
10.9215	-0.138442	0.26273	8.49833
10.2552	-0.134432	0.230647	13.212
9.27957	-0.0935521	0.228626	14.3739
8.08477	-0.0805166	0.178177	17.1625
7.8527	-0.0811056	0.170991	18.2119
7.84804	-0.0819417	0.172058	23.0142
6.6047	-0.0558548	0.143235	17.6341
6.60393	-0.0529097	0.144732	14.2099
4.70947	-0.0620998	0.101074	12.7968
12.1776	-0.165778	0.282164	5.087
12.1776	-0.165778	0.282164	5.087
11.0755	-0.12082	0.265898	8.10809
10.246	-0.143433	0.23169	20.3889
10.246	-0.143433	0.23169	20.3889
9.45619	-0.0960952	0.231947	16.8461
8.04156	-0.0867825	0.17617	22.5923
8.04156	-0.0867825	0.17617	22.5923
7.28796	-0.0682889	0.160703	21.599
7.02068	-0.0644575	0.152035	13.8221
5.55807	-0.0619924	0.119865	11.4882
5.23049	-0.0605641	0.11461	13.6878
12.0069	-0.170506	0.277643	4.90377
11.9161	-0.179585	0.274085	5.7499
10.8343	-0.170089	0.246684	12.8358
10.7602	-0.127847	0.259386	8.87937
10.4857	-0.152513	0.236661	14.3674
8.86786	-0.0856172	0.218927	17.3711
8.33242	-0.0918699	0.183771	25.6977
8.2944	-0.0897549	0.182228	23.1265
7.49577	-0.0677111	0.164281	15.5009
6.9329	-0.059006	0.150664	17.2037
5.84593	-0.0552007	0.127374	11.1488
5.05733	-0.0586263	0.109951	11.5394
11.9264	-0.178355	0.275704	4.99273
11.678	-0.192259	0.266897	6.92552
11.1849	-0.189619	0.256388	7.71128
10.6306	-0.130512	0.256794	10.5908
10.5848	-0.156885	0.238594	11.1605
8.60393	-0.0836059	0.21347	15.2218
8.43703	-0.0931274	0.186577	28.8849
8.378	-0.090793	0.184238	22.7756
7.62303	-0.0695199	0.166808	13.4649
6.87055	-0.0559018	0.149291	18.3341
6.0526	-0.0530118	0.131909	12.4195
4.95788	-0.0628818	0.10755	10.9746
11.9256	-0.192748	0.273856	5.20158
11.9256	-0.192748	0.273856	5.20158
10.8199	-0.171179	0.245111	11.9353
10.8199	-0.171179	0.245111	11.9353
10.4986	-0.12879	0.254099	11.7941
8.68186	-0.0981571	0.192487	29.4259
8.68186	-0.0981571	0.192487	29.4259
8.27681	-0.0768736	0.206043	18.557
7.25474	-0.0657459	0.158485	16.6404
7.16123	-0.0612547	0.155414	14.8024
5.54636	-0.0521344	0.119968	10.9868
5.38782	-0.0494211	0.117952	10.6311
11.9359	-0.19765	0.274043	4.81193
11.8675	-0.204181	0.271624	5.09472
10.9612	-0.185134	0.248914	13.1488
10.7867	-0.176412	0.243593	12.7032
10.3935	-0.118675	0.252025	12.9259
8.83549	-0.103015	0.19673	33.1336
8.80236	-0.101584	0.195533	28.1842
8.0097	-0.0824198	0.200721	20.4118
7.31737	-0.0647583	0.159274	15.3976
7.11084	-0.0588176	0.154523	16.5035
5.678	-0.0499188	0.123167	11.4275
5.33632	-0.0456122	0.116025	8.82258
11.9313	-0.205329	0.273202	4.55497
11.9313	-0.205329	0.273202	4.55497
10.8547	-0.18517	0.24532	15.3691
10.8547	-0.18517	0.24532	15.3691
10.2987	-0.118444	0.250164	11.6876
8.97816	-0.105233	0.200454	34.4276
8.97816	-0.105233	0.200454	34.4276
7.7378	-0.0778007	0.195477	26.9162
7.21006	-0.0611682	0.156607	15.2073
7.21006	-0.0611682	0.156607	15.2073
5.54432	-0.0447238	0.120041	10.707
5.54432	-0.0447238	0.120041	10.707
12.7448	-0.132721	0.301053	5.61503
12.7448	-0.132721	0.301053	5.61503
12.7448	-0.132721	0.301053	5.61503
11.4211	-0.102772	0.276549	7.77875
7.89515	-0.0942962	0.175386	24.2197
7.89515	-0.0942962	0.175386	24.2197
7.89515	-0.0942962	0.175386	24.2197
6.91066	-0.0721795	0.148899	16.9573
6.91066	-0.0721795	0.148899	16.9573
6.91066	-0.0721795	0.148899	16.9573
5.21847	-0.0653022	0.111281	14.0324
5.21847	-0.0653022	0.111281	14.0324
12.6665	-0.1507	0.297138	5.60381
12.4651	-0.137636	0.294303	5.72284
12.4651	-0.137636	0.294303	5.72284
10.7718	-0.11284	0.262175	8.27738
8.87611	-0.112377	0.199151	26.9429
8.19504	-0.0939259	0.182447	29.274
8.19504	-0.0939259	0.182447	29.274
7.21002	-0.0740838	0.155584	16.1605
7.09152	-0.0726542	0.153288	17.1856
7.09152	-0.0726542	0.153288	17.1856
5.33353	-0.0665843	0.114702	14.6322
4.78995	-0.0635316	0.101823	14.6126
12.4127	-0.147751	0.289161	5.24655
12.1238	-0.142153	0.286244	6.36083
12.1238	-0.142153	0.286244	6.36083
10.0763	-0.105933	0.246361	13.5963
9.81579	-0.134554	0.222272	28.0007
8.62903	-0.0959295	0.192293	23.8476
8.62903	-0.0959295	0.192293	23.8476
7.4314	-0.0758012	0.160525	15.8095
7.18953	-0.0722379	0.15603	20.3866
7.18953	-0.0722379	0.15603	20.3866
5.74564	-0.0703654	0.125263	12.8043
4.43178	-0.0595622	0.0939518	15.0636
11.9881	-0.171667	0.277415	5.06977
11.8035	-0.143686	0.278998	6.24871
11.8035	-0.143686	0.278998	6.24871
10.6673	-0.164045	0.24372	15.403
9.45088	-0.0935368	0.232323	18.0074
9.04207	-0.104175	0.201462	17.4393
9.04207	-0.104175	0.201462	17.4393
7.56722	-0.0762888	0.163556	17.9181
7.23037	-0.0707534	0.157335	20.1511
7.23037	-0.0707534	0.157335	20.1511
6.25065	-0.0547853	0.137252	11.5667
4.19029	-0.0590203	0.0886591	16.4287
11.6595	-0.141347	0.275943	5.43026
11.6595	-0.141347	0.275943	5.43026
11.4453	-0.162535	0.261264	8.92634
11.3548	-0.174215	0.263265	6.84999
9.22288	-0.102611	0.205337	15.3783
9.22288	-0.102611	0.205337	15.3783
9.16334	-0.0965036	0.22627	13.01
7.61299	-0.0767514	0.164578	16.2595
7.2413	-0.0715392	0.157715	20.6071
7.2413	-0.0715392	0.157715	20.6071
6.50693	-0.0429761	0.142824	13.3997
4.10454	-0.06011	0.0867834	17.1999
12.4961	-0.152994	0.292664	5.57699
12.4961	-0.152994	0.292664	5.57699
12.2065	-0.138322	0.288542	5.86192
10.0541	-0.106255	0.246128	12.3073
9.11312	-0.111901	0.204584	31.7144
9.11312	-0.111901	0.204584	31.7144
8.18771	-0.0916106	0.182274	31.138
7.48993	-0.075019	0.162202	18.4061
7.48993	-0.075019	0.162202	18.4061
7.30018	-0.0718836	0.157906	17.1436
4.92587	-0.0648284	0.105404	14.0626
4.58536	-0.0613617	0.0980489	15.4756
12.3599	-0.158869	0.287151	5.27467
12.281	-0.150116	0.28733	5.81736
11.9192	-0.135187	0.282141	6.11895
9.97505	-0.136947	0.225791	25.1676
9.36867	-0.116117	0.209962	26.1537
9.3024	-0.0954775	0.228834	18.2106
8.3499	-0.0883957	0.185381	25.7156
7.77122	-0.077073	0.168518	18.214
7.73978	-0.0792026	0.168568	20.8223
7.41169	-0.0707527	0.160853	19.5395
5.11173	-0.0651757	0.110731	13.6304
4.21594	-0.0596295	0.0899576	16.1398
12.0851	-0.154828	0.282764	5.27107
12.0819	-0.1721	0.278515	5.02551
11.6749	-0.137798	0.276912	6.2535
10.7053	-0.165738	0.244494	15.0806
9.59328	-0.11774	0.214388	16.7372
8.63423	-0.0820321	0.213718	19.7836
8.58042	-0.0902841	0.18983	18.2697
7.94018	-0.0793917	0.172317	17.8164
7.90285	-0.0805529	0.173026	25.14
7.42901	-0.0697541	0.161773	22.2383
5.54167	-0.0596225	0.121182	10.9068
3.90653	-0.0595839	0.0830748	17.3208
12.0016	-0.155994	0.280914	4.95333
11.8498	-0.190863	0.271493	7.16368
11.5743	-0.14845	0.274879	5.88315
11.0908	-0.185606	0.255141	7.53345
9.68839	-0.119999	0.216193	13.2903
8.68695	-0.0880709	0.191887	13.6439
8.32711	-0.0785359	0.207219	17.4352
7.99664	-0.0788709	0.173586	17.083
7.95815	-0.0824388	0.174599	24.7908
7.42628	-0.0675877	0.161897	23.5822
5.78196	-0.0549678	0.126414	10.3308
3.7927	-0.0586859	0.0805493	17.7822
12.2963	-0.160721	0.285245	4.90042
12.2963	-0.160721	0.285245	4.90042
11.7051	-0.128506	0.277799	6.26504
10.0449	-0.137326	0.226532	20.1213
10.0449	-0.137326	0.226532	20.1213
8.50474	-0.0769939	0.210337	25.1874
8.18808	-0.0861078	0.181141	23.6394
8.12378	-0.0838637	0.177379	21.4608
8.12378	-0.0838637	0.177379	21.4608
7.60454	-0.0692608	0.164997	16.5764
4.71956	-0.0626954	0.101526	13.6922
4.22558	-0.0558495	0.0918154	16.4359
12.2476	-0.170204	0.284044	4.55896
12.2132	-0.184957	0.281353	4.4172
11.5339	-0.135939	0.274434	6.75348
10.5638	-0.16238	0.239807	17.2891
10.0443	-0.140517	0.225267	15.9898
8.40494	-0.0900346	0.184929	26.7358
8.3494	-0.0866873	0.182573	21.9272
8.20643	-0.0843944	0.180449	17.2331
7.79778	-0.0665927	0.194275	18.8156
7.64881	-0.0692185	0.166445	20.55
4.93868	-0.0597549	0.107422	12.183
4.00949	-0.0587854	0.0868876	16.185
12.2298	-0.174817	0.283668	4.33407
12.15	-0.198792	0.279004	4.54359
11.4668	-0.148592	0.27318	6.27504
10.7756	-0.177593	0.245507	15.8521
10.0306	-0.142136	0.224287	14.9081
8.51654	-0.093227	0.188082	28.2457
8.42384	-0.0867978	0.184287	22.7503
8.25104	-0.0868989	0.180938	14.7615
7.63531	-0.0676726	0.166389	22.4074
7.46903	-0.0687543	0.187362	16.0295
5.15528	-0.0563542	0.112225	11.6384
3.88757	-0.0596412	0.0840523	17.4109
12.318	-0.192632	0.283874	4.00614
12.318	-0.192632	0.283874	4.00614
11.4201	-0.13874	0.272435	7.41918
10.3527	-0.156961	0.232997	18.2996
10.3527	-0.156961	0.232997	18.2996
8.71101	-0.0963233	0.192267	26.8957
8.71101	-0.0963233	0.192267	26.8957
7.98615	-0.0786983	0.174768	19.7362
7.79783	-0.0672024	0.169531	19.1788
7.04656	-0.0681831	0.177306	14.2984
4.5987	-0.0558915	0.0993997	10.6072
4.30023	-0.0601492	0.0946231	12.3336
12.3567	-0.196526	0.284835	3.93877
12.3346	-0.191913	0.283542	3.85487
11.3757	-0.144584	0.271669	7.44971
10.4647	-0.157719	0.235876	22.2533
10.2398	-0.153036	0.229277	23.7186
8.87306	-0.101458	0.196901	31.7269
8.81331	-0.098051	0.194733	27.0033
7.96432	-0.0737327	0.173665	19.0393
7.80078	-0.0696143	0.169819	19.9726
6.68351	-0.068517	0.169854	20.5283
4.71801	-0.0450212	0.102283	10.6487
4.27806	-0.0634266	0.093481	12.5639
12.3969	-0.18867	0.285052	3.83725
12.3969	-0.18867	0.285052	3.83725
11.3396	-0.147473	0.271063	8.21592
10.3101	-0.15196	0.230942	29.8798
10.3101	-0.15196	0.230942	29.8798
8.99594	-0.103828	0.199987	30.5029
8.99594	-0.103828	0.199987	30.5029
7.86405	-0.0717062	0.171103	19.2
7.86405	-0.0717062	0.171103	19.2
6.28536	-0.0689918	0.162223	26.2187
4.55911	-0.0529926	0.0987171	9.26979
4.55911	-0.0529926	0.0987171	9.26979
12.3748	-0.151172	0.289894	5.4945
12.3748	-0.151172	0.289894	5.4945
12.3748	-0.151172	0.289894	5.4945
9.24345	-0.0893592	0.227647	23.6855
9.11867	-0.110017	0.204409	34.2588
9.11867	-0.110017	0.204409	34.2588
9.11867	-0.110017	0.204409	34.2588
7.69886	-0.0763744	0.166787	15.8838
7.69886	-0.0763744	0.166787	15.8838
7.69886	-0.0763744	0.166787	15.8838
4.26613	-0.0612567	0.0908728	15.8591
4.26613	-0.0612567	0.0908728	15.8591
12.3944	-0.162224	0.287857	5.17489
12.2423	-0.153241	0.286972	5.64909
12.2423	-0.153241	0.286972	5.64909
9.91708	-0.134482	0.223903	25.5698
9.13556	-0.107932	0.203944	25.827
9.13556	-0.107932	0.203944	25.827
8.40771	-0.0753169	0.20814	28.3589
7.99111	-0.0753629	0.173295	17.6362
7.90474	-0.0761407	0.171829	20.4579
7.90474	-0.0761407	0.171829	20.4579
4.36471	-0.0604334	0.0940379	15.4062
3.67828	-0.0575354	0.0779388	17.1499
12.3101	-0.170414	0.283854	4.46934
12.1364	-0.154048	0.284752	5.12418
12.1364	-0.154048	0.284752	5.12418
10.5046	-0.16076	0.238863	18.7192
9.15956	-0.111006	0.203328	17.2526
9.15956	-0.111006	0.203328	17.2526
8.16945	-0.0786909	0.17727	18.7763
8.05103	-0.0786374	0.175936	22.8574
8.05103	-0.0786374	0.175936	22.8574
7.66522	-0.0677165	0.191087	19.4815
4.72998	-0.0613541	0.103141	12.9884
3.25359	-0.0542162	0.0685665	23.3372
12.2452	-0.193711	0.281506	4.44366
12.0953	-0.149235	0.283909	4.99904
12.0953	-0.149235	0.283909	4.99904
10.7392	-0.175863	0.245136	16.6358
9.17188	-0.11149	0.203031	15.179
9.17188	-0.11149	0.203031	15.179
8.22939	-0.0802713	0.178602	19.7804
8.10297	-0.081147	0.177546	26.7322
8.10297	-0.081147	0.177546	26.7322
7.31809	-0.0691844	0.183662	19.5354
4.96584	-0.0565383	0.108332	11.762
3.09519	-0.0532557	0.0650575	24.3521
12.4329	-0.165742	0.288908	4.84282
12.4329	-0.165742	0.288908	4.84282
12.1983	-0.152233	0.286462	5.32591
9.7798	-0.12964	0.219541	20.2683
9.7798	-0.12964	0.219541	20.2683
8.93724	-0.102548	0.198496	22.6728
8.2514	-0.0788687	0.179594	21.287
8.2514	-0.0788687	0.179594	21.287
8.07163	-0.0736445	0.175395	18.8571
7.49594	-0.0532648	0.186551	26.1484
3.85285	-0.0570759	0.0825706	16.8954
3.41707	-0.0552912	0.0731586	19.7868
12.5182	-0.174728	0.288993	3.88916
12.4629	-0.169185	0.289802	4.34007
12.1624	-0.151284	0.286043	5.32031
10.2105	-0.148633	0.230315	20.7738
9.61369	-0.12869	0.214162	22.4358
8.80236	-0.100374	0.194171	22.3284
8.49359	-0.0866823	0.186099	25.447
8.45876	-0.084034	0.184252	20.7164
8.1971	-0.0778316	0.178665	22.6917
6.68105	-0.0551198	0.16762	14.887
4.01118	-0.0562769	0.0871016	14.1144
3.03206	-0.0516173	0.0648223	25.5324
12.5391	-0.186998	0.28877	3.40887
12.4741	-0.161205	0.290125	4.24882
12.1485	-0.155036	0.285881	5.14883
10.3639	-0.15265	0.234254	20.5646
9.52697	-0.124056	0.211224	25.877
8.75374	-0.0966286	0.19229	23.1414
8.606	-0.091823	0.189399	30.6228
8.5279	-0.0853527	0.185804	20.8407
8.2445	-0.0813357	0.180211	23.3298
6.28855	-0.0568089	0.159108	15.1742
4.23187	-0.0512173	0.0920597	12.1213
2.85071	-0.048044	0.0607714	29.555
12.6561	-0.171999	0.292432	3.39026
12.6561	-0.171999	0.292432	3.39026
12.1717	-0.160806	0.286778	5.5611
9.90551	-0.135263	0.221262	26.9621
9.90551	-0.135263	0.221262	26.9621
8.75637	-0.0919766	0.19216	25.7578
8.75637	-0.0919766	0.19216	25.7578
8.56534	-0.0876862	0.187836	23.1454
8.30489	-0.077093	0.180824	22.6104
5.78128	-0.0617073	0.146461	17.2677
3.58588	-0.0607586	0.0774549	16.0699
3.17506	-0.0537234	0.0699217	22.9251
12.7198	-0.169163	0.293191	3.01433
12.7038	-0.174101	0.293631	3.11486
12.1734	-0.161131	0.287018	5.46134
10.0063	-0.137969	0.223741	27.5733
9.74348	-0.123902	0.216184	32.5241
8.91565	-0.0993814	0.19681	32.2456
8.84337	-0.0929074	0.194168	26.2708
8.47981	-0.0815695	0.185172	20.9109
8.34692	-0.0796914	0.182035	21.8227
5.31722	-0.0604483	0.136414	24.3216
3.69529	-0.0582415	0.0802047	12.5041
3.1364	-0.0532431	0.0687929	23.2173
12.7808	-0.169156	0.294697	3.03653
12.7808	-0.169156	0.294697	3.03653
12.1803	-0.170539	0.287392	5.42308
9.81623	-0.124797	0.217845	36.7336
9.81623	-0.124797	0.217845	36.7336
9.02018	-0.0996076	0.199333	30.6787
9.02018	-0.0996076	0.199333	30.6787
8.38425	-0.0794775	0.182681	22.5323
8.38425	-0.0794775	0.182681	22.5323
4.76176	-0.0594924	0.125425	35.5927
3.49322	-0.0659996	0.0757415	14.2307
3.49322	-0.0659996	0.0757415	14.2307
12.5497	-0.173705	0.292124	4.43096
12.5497	-0.173705	0.292124	4.43096
12.5497	-0.173705	0.292124	4.43096
9.50038	-0.126486	0.211884	22.951
9.50038	-0.126486	0.211884	22.951
9.50038	-0.126486	0.211884	22.951
8.41223	-0.0787032	0.182985	23.7162
8.41223	-0.0787032	0.182985	23.7162
8.41223	-0.0787032	0.182985	23.7162
6.47774	-0.0481117	0.162092	14.5896
3.02032	-0.0512381	0.0643218	24.6328
3.02032	-0.0512381	0.0643218	24.6328
12.759	-0.170909	0.295054	3.27312
12.6262	-0.165519	0.294212	3.9966
12.6262	-0.165519	0.294212	3.9966
9.85041	-0.136043	0.220395	22.8377
9.24938	-0.109742	0.204601	28.5228
9.24938	-0.109742	0.204601	28.5228
8.6194	-0.08148	0.187604	25.3311
8.58491	-0.0844731	0.18736	26.9043
8.58491	-0.0844731	0.18736	26.9043
5.55774	-0.0523073	0.14021	14.0787
3.13151	-0.054685	0.0678227	22.5509
2.34844	-0.0407387	0.0494707	40.413
12.8283	-0.146226	0.295864	2.77679
12.6526	-0.168461	0.294937	4.02825
12.6526	-0.168461	0.294937	4.02825
9.96925	-0.138829	0.223317	19.6049
9.12041	-0.0998378	0.20056	25.5648
9.12041	-0.0998378	0.20056	25.5648
8.68893	-0.0828989	0.189154	24.0238
8.68665	-0.0887936	0.190366	30.7877
8.68665	-0.0887936	0.190366	30.7877
5.09372	-0.0586515	0.129838	12.3026
3.35183	-0.0576891	0.0729083	17.353
2.06952	-0.0358595	0.0432483	48.2635
12.9105	-0.153416	0.298818	2.8291
12.9105	-0.153416	0.298818	2.8291
12.7271	-0.1694	0.296974	3.82683
9.52509	-0.117139	0.211103	29.6137
9.52509	-0.117139	0.211103	29.6137
8.98446	-0.0966587	0.197386	26.3752
8.81687	-0.0871651	0.192572	27.389
8.81687	-0.0871651	0.192572	27.389
8.6736	-0.081992	0.189051	25.8225
4.51802	-0.0552723	0.114808	16.9539
2.54438	-0.0455544	0.0547797	34.8743
2.1404	-0.0375922	0.0463721	49.5623
13.0063	-0.124894	0.30021	2.74388
12.962	-0.137593	0.300069	2.84717
12.7612	-0.169753	0.297922	3.70143
9.61813	-0.119961	0.213311	32.9126
9.34347	-0.103987	0.205591	32.7548
8.9546	-0.0942802	0.196573	29.6735
8.89416	-0.0859229	0.194308	27.3009
8.85474	-0.088208	0.193562	25.7739
8.74234	-0.0863439	0.190935	25.4782
3.94491	-0.0562084	0.101654	23.2059
2.65111	-0.0508096	0.0575788	27.6657
1.96928	-0.0343812	0.0427952	55.5478
13.0663	-0.128078	0.301679	2.6461
13.0663	-0.128078	0.301679	2.6461
12.7976	-0.177725	0.298939	3.46465
9.41833	-0.105446	0.207279	35.4816
9.41833	-0.105446	0.207279	35.4816
9.04435	-0.0941133	0.198657	30.3308
9.04435	-0.0941133	0.198657	30.3308
8.76218	-0.0836588	0.19112	24.6528
8.76218	-0.0836588	0.19112	24.6528
3.19392	-0.0428642	0.085556	63.7194
2.36467	-0.044843	0.0512828	40.9571
2.36467	-0.044843	0.0512828	40.9571
13.0677	-0.126193	0.302708	2.83879
13.0677	-0.126193	0.302708	2.83879
13.0677	-0.126193	0.302708	2.83879
9.23811	-0.101844	0.203202	31.4542
9.23811	-0.101844	0.203202	31.4542
9.23811	-0.101844	0.203202	31.4542
8.89749	-0.0866892	0.194052	31.3608
8.89749	-0.0866892	0.194052	31.3608
8.89749	-0.0866892	0.194052	31.3608
3.33083	-0.0526525	0.0848282	29.3851
1.56484	-0.0290044	0.0333258	68.1832
1.56484	-0.0290044	0.0333258	68.1832
13.1825	-0.103859	0.304461	2.74418
13.1209	-0.120849	0.304022	2.82452
13.1209	-0.120849	0.304022	2.82452
9.32302	-0.103386	0.205153	33.776
9.08243	-0.0942274	0.198667	29.8626
9.08243	-0.0942274	0.198667	29.8626
8.9818	-0.091548	0.196345	32.5418
8.9818	-0.091548	0.196345	32.5418
8.97257	-0.0878053	0.195727	32.1818
2.61159	-0.0403428	0.0673921	66.3031
1.68845	-0.0335091	0.0366574	71.7175
1.03619	-0.0187599	0.0215719	128.212
13.242	-0.0892165	0.305876	2.88275
13.242	-0.0892165	0.305876	2.88275
13.1745	-0.12175	0.305365	2.69582
9.15878	-0.0943286	0.200377	30.2232
9.15878	-0.0943286	0.200377	30.2232
9.062	-0.0925283	0.198156	32.3485
9.062	-0.0925283	0.198156	32.3485
8.99155	-0.0908128	0.196253	32.6009
8.99155	-0.0908128	0.196253	32.6009
1.60203	-0.021868	0.0433786	276.998
1.19324	-0.0234637	0.0258773	141.357
1.19324	-0.0234637	0.0258773	141.357
13.3012	-0.0842468	0.307299	2.78636
13.3012	-0.0842468	0.307299	2.78636
13.3012	-0.0842468	0.307299	2.78636
9.06845	-0.0910636	0.197972	29.4747
9.06845	-0.0910636	0.197972	29.4747
9.06845	-0.0910636	0.197972	29.4747
9.06845	-0.0910636	0.197972	29.4747
9.06845	-0.0910636	0.197972	29.4747
9.06845	-0.0910636	0.197972	29.4747
0	0	0	0
0	0	0	0
0	0	0	0
