1008 Out of 20736 QH, Third, Fourth Freq in rad/ps and Lifetimes in ps for a 12x12x12 Ar Lattice at 10K. (atoms/UC=4)
13.3026	-0.148079	0.317848	6.45395
13.3026	-0.148079	0.317848	6.45395
13.3026	-0.148079	0.317848	6.45395
13.3026	-0.148079	0.317848	6.45395
6.01832	-0.0630733	0.128415	14.3183
6.01832	-0.0630733	0.128415	14.3183
6.01832	-0.0630733	0.128415	14.3183
6.01832	-0.0630733	0.128415	14.3183
6.01832	-0.0630733	0.128415	14.3183
6.01832	-0.0630733	0.128415	14.3183
6.01832	-0.0630733	0.128415	14.3183
6.01832	-0.0630733	0.128415	14.3183
13.222	-0.140978	0.315686	6.6424
13.222	-0.140978	0.315686	6.6424
13.222	-0.140978	0.315686	6.6424
13.222	-0.140978	0.315686	6.6424
6.2016	-0.0709499	0.133166	16.19
6.2016	-0.0709499	0.133166	16.19
6.2016	-0.0709499	0.133166	16.19
6.2016	-0.0709499	0.133166	16.19
6.01789	-0.0630562	0.128423	16.1621
6.01789	-0.0630562	0.128423	16.1621
6.01789	-0.0630562	0.128423	16.1621
6.01789	-0.0630562	0.128423	16.1621
12.9844	-0.136027	0.309698	6.66368
12.9844	-0.136027	0.309698	6.66368
12.9844	-0.136027	0.309698	6.66368
12.9844	-0.136027	0.309698	6.66368
6.70524	-0.0806863	0.14591	18.0671
6.70524	-0.0806863	0.14591	18.0671
6.70524	-0.0806863	0.14591	18.0671
6.70524	-0.0806863	0.14591	18.0671
6.01671	-0.0625067	0.128436	15.2777
6.01671	-0.0625067	0.128436	15.2777
6.01671	-0.0625067	0.128436	15.2777
6.01671	-0.0625067	0.128436	15.2777
12.6048	-0.128497	0.300192	6.24249
12.6048	-0.128497	0.300192	6.24249
12.6048	-0.128497	0.300192	6.24249
12.6048	-0.128497	0.300192	6.24249
7.41959	-0.0889488	0.163722	19.7624
7.41959	-0.0889488	0.163722	19.7624
7.41959	-0.0889488	0.163722	19.7624
7.41959	-0.0889488	0.163722	19.7624
6.01511	-0.0650275	0.12852	15.6473
6.01511	-0.0650275	0.12852	15.6473
6.01511	-0.0650275	0.12852	15.6473
6.01511	-0.0650275	0.12852	15.6473
12.1168	-0.130519	0.288444	5.94169
12.1168	-0.130519	0.288444	5.94169
12.1168	-0.130519	0.288444	5.94169
12.1168	-0.130519	0.288444	5.94169
8.21517	-0.0964817	0.18325	19.8587
8.21517	-0.0964817	0.18325	19.8587
8.21517	-0.0964817	0.18325	19.8587
8.21517	-0.0964817	0.18325	19.8587
6.0135	-0.0640016	0.128531	16.2835
6.0135	-0.0640016	0.128531	16.2835
6.0135	-0.0640016	0.128531	16.2835
6.0135	-0.0640016	0.128531	16.2835
11.6086	-0.140439	0.276924	6.38872
11.6086	-0.140439	0.276924	6.38872
11.6086	-0.140439	0.276924	6.38872
11.6086	-0.140439	0.276924	6.38872
8.93418	-0.105274	0.200352	21.1135
8.93418	-0.105274	0.200352	21.1135
8.93418	-0.105274	0.200352	21.1135
8.93418	-0.105274	0.200352	21.1135
6.01233	-0.0636057	0.128547	15.3745
6.01233	-0.0636057	0.128547	15.3745
6.01233	-0.0636057	0.128547	15.3745
6.01233	-0.0636057	0.128547	15.3745
11.3439	-0.148474	0.271491	7.07452
11.3439	-0.148474	0.271491	7.07452
11.3439	-0.148474	0.271491	7.07452
11.3439	-0.148474	0.271491	7.07452
9.2734	-0.105281	0.20779	19.2556
9.2734	-0.105281	0.20779	19.2556
9.2734	-0.105281	0.20779	19.2556
9.2734	-0.105281	0.20779	19.2556
6.0119	-0.0634335	0.128552	14.9457
6.0119	-0.0634335	0.128552	14.9457
6.0119	-0.0634335	0.128552	14.9457
6.0119	-0.0634335	0.128552	14.9457
13.2224	-0.140103	0.315042	6.5809
13.2224	-0.140103	0.315042	6.5809
13.0628	-0.129975	0.312114	6.53005
13.0628	-0.129975	0.312114	6.53005
6.51811	-0.0729548	0.141046	18.6176
6.51811	-0.0729548	0.141046	18.6176
6.18019	-0.0680626	0.132193	16.5417
6.18019	-0.0680626	0.132193	16.5417
6.04739	-0.072577	0.129382	14.9643
6.04739	-0.072577	0.129382	14.9643
6.03905	-0.0680354	0.129481	16.8516
6.03905	-0.0680354	0.129481	16.8516
13.0633	-0.136488	0.310433	6.24213
13.0633	-0.136488	0.310433	6.24213
12.7541	-0.128016	0.305012	6.80039
12.7541	-0.128016	0.305012	6.80039
7.12638	-0.0887211	0.156315	20.7111
7.12638	-0.0887211	0.156315	20.7111
6.38296	-0.0763376	0.138155	15.6153
6.38296	-0.0763376	0.138155	15.6153
6.31279	-0.0690066	0.135261	16.9575
6.31279	-0.0690066	0.135261	16.9575
5.91888	-0.0666655	0.126593	14.9499
5.91888	-0.0666655	0.126593	14.9499
12.7539	-0.138575	0.302351	6.28065
12.7539	-0.138575	0.302351	6.28065
12.3164	-0.117273	0.294501	7.04562
12.3164	-0.117273	0.294501	7.04562
7.91355	-0.0981021	0.175721	21.2671
7.91355	-0.0981021	0.175721	21.2671
6.97068	-0.0784988	0.152841	17.5298
6.97068	-0.0784988	0.152841	17.5298
6.40983	-0.0697343	0.137531	17.7015
6.40983	-0.0697343	0.137531	17.7015
5.81485	-0.0627013	0.124249	15.6691
5.81485	-0.0627013	0.124249	15.6691
12.3193	-0.139058	0.291415	5.88112
12.3193	-0.139058	0.291415	5.88112
11.7911	-0.124609	0.282371	6.73891
11.7911	-0.124609	0.282371	6.73891
8.75201	-0.108137	0.196226	24.1466
8.75201	-0.108137	0.196226	24.1466
7.6773	-0.0869302	0.170281	19.2041
7.6773	-0.0869302	0.170281	19.2041
6.47981	-0.0678267	0.139129	16.1937
6.47981	-0.0678267	0.139129	16.1937
5.73466	-0.0618709	0.12252	14.154
5.73466	-0.0618709	0.12252	14.154
11.8322	-0.149505	0.280057	6.28486
11.8322	-0.149505	0.280057	6.28486
11.2772	-0.134424	0.270988	7.21508
11.2772	-0.134424	0.270988	7.21508
9.50457	-0.120595	0.214228	18.9934
9.50457	-0.120595	0.214228	18.9934
8.32965	-0.0911269	0.185682	20.8809
8.32965	-0.0911269	0.185682	20.8809
6.52256	-0.0689389	0.140156	16.2274
6.52256	-0.0689389	0.140156	16.2274
5.6838	-0.0594904	0.121399	14.3335
5.6838	-0.0594904	0.121399	14.3335
11.5568	-0.148769	0.2741	6.29905
11.5568	-0.148769	0.2741	6.29905
11.0266	-0.136031	0.265759	9.19755
11.0266	-0.136031	0.265759	9.19755
9.87224	-0.117399	0.222225	16.4896
9.87224	-0.117399	0.222225	16.4896
8.63124	-0.0929919	0.19234	25.2338
8.63124	-0.0929919	0.19234	25.2338
6.53697	-0.0666335	0.140447	16.1869
6.53697	-0.0666335	0.140447	16.1869
5.66634	-0.0576687	0.120996	14.6783
5.66634	-0.0576687	0.120996	14.6783
12.9857	-0.142374	0.307478	5.87563
12.9857	-0.142374	0.307478	5.87563
12.3861	-0.118697	0.296796	6.59954
12.3861	-0.118697	0.296796	6.59954
7.72154	-0.0950374	0.170901	22.4992
7.72154	-0.0950374	0.170901	22.4992
6.6303	-0.0742004	0.142643	16.4589
6.6303	-0.0742004	0.142643	16.4589
6.12582	-0.0710514	0.131439	15.1765
6.12582	-0.0710514	0.131439	15.1765
6.09676	-0.068088	0.13206	17.174
6.09676	-0.068088	0.13206	17.174
12.7553	-0.142141	0.300761	6.05044
12.7553	-0.142141	0.300761	6.05044
11.9055	-0.114193	0.285819	6.76867
11.9055	-0.114193	0.285819	6.76867
8.47401	-0.103807	0.189223	22.1471
8.47401	-0.103807	0.189223	22.1471
6.87144	-0.0729811	0.14823	16.331
6.87144	-0.0729811	0.14823	16.331
6.56248	-0.0727992	0.143105	15.2469
6.56248	-0.0727992	0.143105	15.2469
5.88253	-0.064157	0.126514	14.9325
5.88253	-0.064157	0.126514	14.9325
12.3887	-0.144668	0.291064	5.56297
12.3887	-0.144668	0.291064	5.56297
11.3599	-0.119405	0.273493	6.88
11.3599	-0.119405	0.273493	6.88
9.28033	-0.11883	0.208914	23.4929
9.28033	-0.11883	0.208914	23.4929
7.15824	-0.0764609	0.15776	18.5505
7.15824	-0.0764609	0.15776	18.5505
7.03491	-0.0731193	0.152074	17.6587
7.03491	-0.0731193	0.152074	17.6587
5.70632	-0.0593418	0.122469	14.0534
5.70632	-0.0593418	0.122469	14.0534
11.9406	-0.154279	0.28019	6.1317
11.9406	-0.154279	0.28019	6.1317
10.854	-0.129038	0.262499	7.93202
10.854	-0.129038	0.262499	7.93202
10.0168	-0.130135	0.226554	17.9587
10.0168	-0.130135	0.226554	17.9587
7.72513	-0.0778673	0.171042	19.2969
7.72513	-0.0778673	0.171042	19.2969
7.13056	-0.075124	0.15437	17.4819
7.13056	-0.075124	0.15437	17.4819
5.59397	-0.0576638	0.11995	12.8292
5.59397	-0.0576638	0.11995	12.8292
11.6594	-0.160935	0.27412	5.53204
11.6594	-0.160935	0.27412	5.53204
10.6201	-0.125252	0.257531	11.1085
10.6201	-0.125252	0.257531	11.1085
10.3979	-0.134035	0.235045	15.3287
10.3979	-0.134035	0.235045	15.3287
7.98458	-0.0787043	0.176744	18.0345
7.98458	-0.0787043	0.176744	18.0345
7.16218	-0.0735141	0.155083	17.5085
7.16218	-0.0735141	0.155083	17.5085
5.55528	-0.056196	0.11907	12.3597
5.55528	-0.056196	0.11907	12.3597
12.6083	-0.143638	0.295645	5.84495
12.6083	-0.143638	0.295645	5.84495
11.4007	-0.119942	0.274849	7.95242
11.4007	-0.119942	0.274849	7.95242
9.1145	-0.114834	0.204686	23.7392
9.1145	-0.114834	0.204686	23.7392
7.27994	-0.0773486	0.157904	18.883
7.27994	-0.0773486	0.157904	18.883
6.23063	-0.067633	0.134184	13.9735
6.23063	-0.067633	0.134184	13.9735
6.18115	-0.0625989	0.135276	18.7595
6.18115	-0.0625989	0.135276	18.7595
12.3228	-0.152259	0.28761	5.25592
12.3228	-0.152259	0.28761	5.25592
10.8527	-0.115282	0.262522	8.91961
10.8527	-0.115282	0.262522	8.91961
9.80304	-0.130539	0.221405	22.8128
9.80304	-0.130539	0.221405	22.8128
7.57531	-0.0800845	0.16501	21.2303
7.57531	-0.0800845	0.16501	21.2303
6.68912	-0.0665084	0.146449	15.4489
6.68912	-0.0665084	0.146449	15.4489
5.92362	-0.0576516	0.128186	13.7256
5.92362	-0.0576516	0.128186	13.7256
11.9353	-0.162127	0.277717	5.58177
11.9353	-0.162127	0.277717	5.58177
10.457	-0.14559	0.237223	15.7343
10.457	-0.14559	0.237223	15.7343
10.3666	-0.119502	0.252035	11.1353
10.3666	-0.119502	0.252035	11.1353
7.74871	-0.0822592	0.169236	22.4956
7.74871	-0.0822592	0.169236	22.4956
7.16512	-0.064826	0.157472	15.833
7.16512	-0.064826	0.157472	15.833
5.74209	-0.0541331	0.123935	11.7789
5.74209	-0.0541331	0.123935	11.7789
11.6573	-0.181419	0.271751	5.45676
11.6573	-0.181419	0.271751	5.45676
10.8281	-0.151242	0.245626	13.2543
10.8281	-0.151242	0.245626	13.2543
10.151	-0.113999	0.247458	12.1458
10.151	-0.113999	0.247458	12.1458
7.80559	-0.0836426	0.170642	21.5751
7.80559	-0.0836426	0.170642	21.5751
7.38259	-0.0630061	0.162161	15.8691
7.38259	-0.0630061	0.162161	15.8691
5.67904	-0.0497414	0.122404	10.9146
5.67904	-0.0497414	0.122404	10.9146
12.1284	-0.164569	0.281436	5.13113
12.1284	-0.164569	0.281436	5.13113
10.3236	-0.147888	0.233964	17.9133
10.3236	-0.147888	0.233964	17.9133
10.3204	-0.112286	0.250835	11.5474
10.3204	-0.112286	0.250835	11.5474
8.01312	-0.0873553	0.175785	23.6106
8.01312	-0.0873553	0.175785	23.6106
6.33289	-0.0589698	0.136779	11.893
6.33289	-0.0589698	0.136779	11.893
6.28177	-0.0547979	0.13799	17.3969
6.28177	-0.0547979	0.13799	17.3969
11.8285	-0.175803	0.273214	5.63283
11.8285	-0.175803	0.273214	5.63283
10.8234	-0.162407	0.246085	12.8961
10.8234	-0.162407	0.246085	12.8961
9.86353	-0.107721	0.240982	14.5588
9.86353	-0.107721	0.240982	14.5588
8.29135	-0.0917014	0.182767	24.9079
8.29135	-0.0917014	0.182767	24.9079
6.70311	-0.0581992	0.146358	14.3527
6.70311	-0.0581992	0.146358	14.3527
6.05589	-0.0472728	0.131374	12.5864
6.05589	-0.0472728	0.131374	12.5864
11.5737	-0.188613	0.267262	6.33923
11.5737	-0.188613	0.267262	6.33923
11.1463	-0.171251	0.253628	9.58845
11.1463	-0.171251	0.253628	9.58845
9.66685	-0.104042	0.236912	14.5058
9.66685	-0.104042	0.236912	14.5058
8.38579	-0.0919806	0.185138	26.9654
8.38579	-0.0919806	0.185138	26.9654
6.88392	-0.0569298	0.150206	13.7181
6.88392	-0.0569298	0.150206	13.7181
5.9684	-0.0404108	0.129156	12.5611
5.9684	-0.0404108	0.129156	12.5611
11.6451	-0.186135	0.267362	5.98132
11.6451	-0.186135	0.267362	5.98132
11.1271	-0.185228	0.253606	10.8951
11.1271	-0.185228	0.253606	10.8951
9.43908	-0.100959	0.231963	17.7922
9.43908	-0.100959	0.231963	17.7922
8.67171	-0.0990762	0.192587	29.1341
8.67171	-0.0990762	0.192587	29.1341
6.40619	-0.0531876	0.138666	12.0139
6.40619	-0.0531876	0.138666	12.0139
6.38265	-0.0485871	0.139215	14.0084
6.38265	-0.0485871	0.139215	14.0084
11.462	-0.199226	0.262668	7.1701
11.462	-0.199226	0.262668	7.1701
11.3416	-0.196583	0.25883	8.21714
11.3416	-0.196583	0.25883	8.21714
9.25921	-0.0992179	0.228371	18.933
9.25921	-0.0992179	0.228371	18.933
8.81035	-0.102801	0.196275	33.2447
8.81035	-0.102801	0.196275	33.2447
6.55049	-0.0542223	0.142222	11.9015
6.55049	-0.0542223	0.142222	11.9015
6.2857	-0.0477488	0.136302	14.2678
6.2857	-0.0477488	0.136302	14.2678
11.4073	-0.214739	0.2608	7.95304
11.4073	-0.214739	0.2608	7.95304
11.4073	-0.214739	0.2608	7.95304
11.4073	-0.214739	0.2608	7.95304
9.08701	-0.095458	0.22493	26.0508
9.08701	-0.095458	0.22493	26.0508
8.97164	-0.108383	0.200678	35.8809
8.97164	-0.108383	0.200678	35.8809
6.43271	-0.0520851	0.139372	14.3104
6.43271	-0.0520851	0.139372	14.3104
6.43271	-0.0520851	0.139372	14.3104
6.43271	-0.0520851	0.139372	14.3104
13.1461	-0.138057	0.31311	6.99769
13.1461	-0.138057	0.31311	6.99769
13.1461	-0.138057	0.31311	6.99769
12.8198	-0.125903	0.307218	7.72734
6.59316	-0.0774889	0.143174	20.0357
6.59316	-0.0774889	0.143174	20.0357
6.59316	-0.0774889	0.143174	20.0357
6.27006	-0.0700247	0.13429	15.4775
6.27006	-0.0700247	0.13429	15.4775
6.27006	-0.0700247	0.13429	15.4775
5.81518	-0.0692906	0.124174	14.2214
5.81518	-0.0692906	0.124174	14.2214
13.064	-0.139104	0.309904	6.32846
12.9219	-0.133672	0.307477	6.46877
12.9219	-0.133672	0.307477	6.46877
12.4308	-0.115944	0.298475	7.15794
7.37392	-0.0930842	0.162495	21.4345
6.96161	-0.0850229	0.152424	20.4492
6.96161	-0.0850229	0.152424	20.4492
6.46997	-0.0713568	0.138794	16.9312
6.35729	-0.0691054	0.136442	16.356
6.35729	-0.0691054	0.136442	16.356
5.96104	-0.0701482	0.128107	15.6766
5.58897	-0.0660979	0.119139	13.661
12.8191	-0.146555	0.302968	5.86283
12.5653	-0.129495	0.298642	6.24704
12.5653	-0.129495	0.298642	6.24704
11.9212	-0.107021	0.286661	7.4694
8.26862	-0.101963	0.184402	22.39
7.5911	-0.0891602	0.167798	19.1799
7.5911	-0.0891602	0.167798	19.1799
6.63642	-0.0700755	0.142506	16.71
6.41708	-0.0718081	0.139726	14.1893
6.37857	-0.0673503	0.1371	16.5941
6.37857	-0.0673503	0.1371	16.5941
5.38612	-0.0644453	0.114684	13.8975
12.4256	-0.142625	0.292415	5.98515
12.1116	-0.133935	0.287819	5.71865
12.1116	-0.133935	0.287819	5.71865
11.3379	-0.121731	0.273605	6.47201
9.17919	-0.119672	0.206834	21.0615
8.31251	-0.096828	0.185308	20.1473
8.31251	-0.096828	0.185308	20.1473
7.0484	-0.0773268	0.155444	18.2484
6.76117	-0.0724969	0.145364	17.0747
6.3837	-0.0682224	0.137385	16.1937
6.3837	-0.0682224	0.137385	16.1937
5.22438	-0.0650867	0.1112	13.7574
11.932	-0.155431	0.280477	5.70955
11.6498	-0.140888	0.277332	6.67983
11.6498	-0.140888	0.277332	6.67983
10.7878	-0.124799	0.261406	7.96531
10.0028	-0.13419	0.226758	18.2318
8.9615	-0.102797	0.200564	20.6096
8.9615	-0.102797	0.200564	20.6096
7.66316	-0.0770426	0.169939	21.2882
6.83836	-0.0720846	0.147094	16.6807
6.38477	-0.0661442	0.137463	16.8437
6.38477	-0.0661442	0.137463	16.8437
5.11974	-0.0608551	0.108863	14.3663
11.6011	-0.164367	0.273471	5.77775
11.418	-0.151525	0.272623	6.73201
11.418	-0.151525	0.272623	6.73201
10.5273	-0.119962	0.255858	12.0065
10.4469	-0.133396	0.236475	14.2713
9.25991	-0.102502	0.207106	18.1293
9.25991	-0.102502	0.207106	18.1293
7.9512	-0.0771959	0.176268	25.2507
6.86448	-0.0734448	0.147711	14.5712
6.38489	-0.0653497	0.137483	17.1703
6.38489	-0.0653497	0.137483	17.1703
5.08348	-0.0596964	0.108063	14.1627
12.9242	-0.141703	0.305952	6.23284
12.9242	-0.141703	0.305952	6.23284
12.6489	-0.133433	0.301308	6.20996
11.9698	-0.108001	0.288449	7.77685
7.7577	-0.0962465	0.171929	23.424
7.7577	-0.0962465	0.171929	23.424
6.93843	-0.0840284	0.152446	22.9436
6.71403	-0.0725437	0.144463	16.3151
6.71403	-0.0725437	0.144463	16.3151
6.54429	-0.0712808	0.14072	15.372
5.67513	-0.0686556	0.121427	14.9322
5.48605	-0.0659865	0.117459	14.7731
12.7581	-0.141934	0.300255	5.66271
12.655	-0.13768	0.298782	6.04253
12.2656	-0.126026	0.292253	6.2959
11.4	-0.109708	0.275758	7.71047
8.66424	-0.109758	0.19406	23.6015
8.30999	-0.0993501	0.185171	23.2437
7.31296	-0.0823269	0.161243	21.3292
6.98032	-0.0745251	0.150492	17.6088
6.91639	-0.0703848	0.14933	18.3167
6.55578	-0.067742	0.14141	16.1445
5.91948	-0.070048	0.128098	13.9757
5.22511	-0.0635256	0.111624	13.49
12.4284	-0.145489	0.290909	5.82012
12.2858	-0.145665	0.289699	5.71427
11.815	-0.130573	0.281935	6.74555
10.773	-0.114554	0.261653	8.77179
9.5769	-0.125297	0.216465	25.2536
8.95348	-0.105856	0.200484	21.5732
7.88595	-0.0859388	0.174784	19.3597
7.17026	-0.0759698	0.154804	17.5878
7.04599	-0.0738252	0.152683	20.2712
6.48795	-0.0634874	0.140094	17.2486
6.442	-0.0661275	0.141123	14.6495
4.97025	-0.0618842	0.105948	14.2205
11.9566	-0.161779	0.278956	5.50973
11.8946	-0.148125	0.280462	6.2546
11.3923	-0.132121	0.272516	6.76438
10.4178	-0.148906	0.237282	15.758
10.2004	-0.11505	0.248988	12.7484
9.53845	-0.116595	0.214205	17.7933
8.41419	-0.0896368	0.186953	17.9868
7.2852	-0.0744986	0.157366	16.975
7.11702	-0.0733364	0.154509	19.4865
6.99398	-0.0649087	0.154177	17.506
6.43665	-0.061418	0.13904	17.4214
4.80111	-0.062643	0.10225	14.1638
11.6939	-0.149558	0.276074	5.33916
11.5468	-0.17273	0.27011	6.24541
11.198	-0.142394	0.268651	7.98674
10.9537	-0.15359	0.249199	13.181
9.9361	-0.106046	0.243276	13.3796
9.80835	-0.117319	0.220143	15.9457
8.64837	-0.0923319	0.192109	18.8869
7.32375	-0.0751857	0.15825	15.6762
7.25842	-0.0641633	0.159973	17.5849
7.13973	-0.0741629	0.155119	19.9015
6.4184	-0.0607422	0.138662	18.0742
4.7419	-0.0617073	0.100936	14.0169
12.579	-0.145874	0.295003	5.45094
12.579	-0.145874	0.295003	5.45094
11.8798	-0.12955	0.283835	7.12674
10.7844	-0.108923	0.262149	9.36172
9.11361	-0.114394	0.204698	28.5817
9.11361	-0.114394	0.204698	28.5817
7.33626	-0.0780046	0.159052	19.8205
7.33626	-0.0780046	0.159052	19.8205
7.18518	-0.0717642	0.158675	24.6652
6.80587	-0.0678488	0.14688	14.9548
5.59455	-0.0689532	0.120212	12.9628
5.27096	-0.0651614	0.114166	14.3308
12.337	-0.159208	0.287541	5.28961
12.3072	-0.154219	0.287896	5.75126
11.4545	-0.123852	0.274259	7.09946
10.128	-0.109406	0.247404	14.0023
9.93511	-0.136459	0.224996	23.0225
9.60306	-0.122666	0.216119	23.2579
7.62641	-0.0794585	0.165734	18.7131
7.61894	-0.0802579	0.166109	21.4519
7.50839	-0.0757528	0.165631	19.9182
6.75206	-0.0610894	0.146262	16.9105
5.89638	-0.0647352	0.128346	11.8221
5.02317	-0.0611558	0.108277	13.946
12.0098	-0.154469	0.2805	5.60169
11.9349	-0.166396	0.276397	5.92942
11.0819	-0.129493	0.266324	7.38407
10.7078	-0.16221	0.244553	15.0138
10.0494	-0.129487	0.226309	17.5238
9.54394	-0.097783	0.234264	16.9448
7.90852	-0.0756754	0.174381	17.844
7.79654	-0.0809727	0.169677	18.5624
7.79113	-0.0815996	0.170537	23.1756
6.64484	-0.0567793	0.143998	17.4177
6.36778	-0.0548807	0.139452	12.9999
4.79273	-0.0608854	0.102985	12.659
11.8575	-0.166508	0.277253	4.97548
11.4002	-0.179925	0.264396	7.35304
11.3696	-0.16944	0.259652	9.8275
10.9215	-0.138764	0.263219	8.76481
10.2552	-0.134924	0.230896	13.4229
9.27957	-0.0934409	0.228671	14.4135
8.08477	-0.0807294	0.178226	17.421
7.8527	-0.0810033	0.17097	18.4965
7.84804	-0.0818263	0.172017	23.4251
6.6047	-0.0557434	0.143122	18.2219
6.60393	-0.0529568	0.1446	14.4964
4.70947	-0.0620227	0.101122	12.7752
12.1776	-0.166736	0.282758	5.2164
12.1776	-0.166736	0.282758	5.2164
11.0755	-0.120711	0.26614	8.23767
10.246	-0.143685	0.231955	21.3707
10.246	-0.143685	0.231955	21.3707
9.45619	-0.0963968	0.232079	17.278
8.04156	-0.0866893	0.176171	23.0257
8.04156	-0.0866893	0.176171	23.0257
7.28796	-0.0681174	0.160647	22.2147
7.02068	-0.0645098	0.152005	13.9549
5.55807	-0.0617067	0.119866	11.6151
5.23049	-0.0605592	0.114645	13.7833
12.0069	-0.171378	0.278199	4.95557
11.9161	-0.179833	0.274723	5.88137
10.8343	-0.170428	0.247159	13.4792
10.7602	-0.128077	0.259736	9.03487
10.4857	-0.153079	0.237045	14.9815
8.86786	-0.0857433	0.218949	17.778
8.33242	-0.0919026	0.183774	26.2431
8.2944	-0.0896245	0.182222	23.7827
7.49577	-0.0678626	0.164235	15.8085
6.9329	-0.0591877	0.150597	17.553
5.84593	-0.0549019	0.127305	11.327
5.05733	-0.0582409	0.109956	11.6068
11.9264	-0.178964	0.276342	5.05716
11.678	-0.193116	0.267682	7.2971
11.1849	-0.190324	0.257098	7.96949
10.6306	-0.130637	0.257187	10.9754
10.5848	-0.157582	0.239049	11.6686
8.60393	-0.0842195	0.213486	15.6358
8.43703	-0.0934042	0.186571	30.0564
8.378	-0.0901936	0.184221	23.2966
7.62303	-0.0698099	0.166798	13.7928
6.87055	-0.056133	0.149198	18.817
6.0526	-0.0532905	0.13184	12.6351
4.95788	-0.0624843	0.107632	10.9184
11.9256	-0.19388	0.274657	5.31288
11.9256	-0.19388	0.274657	5.31288
10.8199	-0.171551	0.245578	12.2226
10.8199	-0.171551	0.245578	12.2226
10.4986	-0.128704	0.254486	12.3364
8.68186	-0.0983734	0.192493	30.2651
8.68186	-0.0983734	0.192493	30.2651
8.27681	-0.0770233	0.20597	19.0504
7.25474	-0.0656129	0.158489	17.0359
7.16123	-0.0612898	0.155374	15.0715
5.54636	-0.051903	0.119878	11.1795
5.38782	-0.048822	0.117849	10.7474
11.9359	-0.19893	0.274904	4.95379
11.8675	-0.20621	0.272588	5.35381
10.9612	-0.185834	0.249512	13.759
10.7867	-0.175516	0.244134	13.672
10.3935	-0.118257	0.252188	13.2449
8.83549	-0.103186	0.196759	34.346
8.80236	-0.101486	0.195555	28.3352
8.0097	-0.08272	0.200786	20.7856
7.31737	-0.0649048	0.159264	15.7686
7.11084	-0.0590102	0.154463	16.9483
5.678	-0.0497918	0.123075	11.5197
5.33632	-0.0447838	0.115827	9.18807
11.9313	-0.206948	0.274164	4.69229
11.9313	-0.206948	0.274164	4.69229
10.8547	-0.185317	0.245929	16.4519
10.8547	-0.185317	0.245929	16.4519
10.2987	-0.11952	0.25038	11.8063
8.97816	-0.105245	0.200456	36.1256
8.97816	-0.105245	0.200456	36.1256
7.7378	-0.0780929	0.195461	27.4096
7.21006	-0.0610433	0.15657	15.5246
7.21006	-0.0610433	0.15657	15.5246
5.54432	-0.0447917	0.119864	10.9845
5.54432	-0.0447917	0.119864	10.9845
12.7448	-0.133866	0.301386	5.61618
12.7448	-0.133866	0.301386	5.61618
12.7448	-0.133866	0.301386	5.61618
11.4211	-0.103063	0.276693	7.85845
7.89515	-0.0942659	0.175426	24.7876
7.89515	-0.0942659	0.175426	24.7876
7.89515	-0.0942659	0.175426	24.7876
6.91066	-0.0721005	0.148874	17.3679
6.91066	-0.0721005	0.148874	17.3679
6.91066	-0.0721005	0.148874	17.3679
5.21847	-0.0652142	0.1113	13.9899
5.21847	-0.0652142	0.1113	13.9899
12.6665	-0.150707	0.297703	5.72838
12.4651	-0.138156	0.294711	5.78166
12.4651	-0.138156	0.294711	5.78166
10.7718	-0.113246	0.262495	8.41191
8.87611	-0.112447	0.199267	27.2089
8.19504	-0.0940741	0.182467	30.6252
8.19504	-0.0940741	0.182467	30.6252
7.21002	-0.0736009	0.155558	16.5385
7.09152	-0.0728506	0.153276	17.4154
7.09152	-0.0728506	0.153276	17.4154
5.33353	-0.0665422	0.114723	14.783
4.78995	-0.0633045	0.101861	14.557
12.4127	-0.148673	0.289543	5.27312
12.1238	-0.142273	0.286705	6.4996
12.1238	-0.142273	0.286705	6.4996
10.0763	-0.106092	0.24657	13.7719
9.81579	-0.134735	0.22249	29.6417
8.62903	-0.0959106	0.192291	24.6891
8.62903	-0.0959106	0.192291	24.6891
7.4314	-0.0754443	0.160517	15.9192
7.18953	-0.0723665	0.156012	20.7014
7.18953	-0.0723665	0.156012	20.7014
5.74564	-0.0701102	0.125351	12.8376
4.43178	-0.0591736	0.0939466	15.1692
11.9881	-0.17312	0.278114	5.27472
11.8035	-0.143765	0.27944	6.38006
11.8035	-0.143765	0.27944	6.38006
10.6673	-0.164584	0.244192	16.5664
9.45088	-0.0932645	0.23237	18.4705
9.04207	-0.104557	0.201581	17.7957
9.04207	-0.104557	0.201581	17.7957
7.56722	-0.0768109	0.163563	18.3188
7.23037	-0.0707327	0.15729	20.5735
7.23037	-0.0707327	0.15729	20.5735
6.25065	-0.0543949	0.137115	11.8484
4.19029	-0.0586875	0.0886708	16.5809
11.6595	-0.142731	0.276295	5.48185
11.6595	-0.142731	0.276295	5.48185
11.4453	-0.162934	0.261583	8.82968
11.3548	-0.174672	0.263791	7.01765
9.22288	-0.102705	0.205398	15.7509
9.22288	-0.102705	0.205398	15.7509
9.16334	-0.0969405	0.226442	13.0849
7.61299	-0.0765536	0.164574	16.4307
7.2413	-0.0713271	0.157684	20.9586
7.2413	-0.0713271	0.157684	20.9586
6.50693	-0.0427695	0.142515	14.4253
4.10454	-0.0596751	0.0868237	17.0875
12.4961	-0.153147	0.293226	5.67846
12.4961	-0.153147	0.293226	5.67846
12.2065	-0.139133	0.28898	5.91366
10.0541	-0.107203	0.246386	12.4216
9.11312	-0.111868	0.204655	33.3116
9.11312	-0.111868	0.204655	33.3116
8.18771	-0.0918549	0.182308	32.2302
7.48993	-0.0748692	0.162167	18.8329
7.48993	-0.0748692	0.162167	18.8329
7.30018	-0.0722453	0.157895	17.4332
4.92587	-0.0646073	0.105448	14.08
4.58536	-0.0612383	0.0980669	15.5547
12.3599	-0.159536	0.287703	5.33147
12.281	-0.150061	0.287785	5.90921
11.9192	-0.135621	0.282523	6.16002
9.97505	-0.136917	0.226005	25.7742
9.36867	-0.11621	0.210098	27.2922
9.3024	-0.0960615	0.229034	18.7089
8.3499	-0.0885691	0.185375	26.411
7.77122	-0.0767501	0.168481	18.6687
7.73978	-0.0793416	0.168566	21.1504
7.41169	-0.0709517	0.160828	19.9487
5.11173	-0.0649519	0.110783	13.7586
4.21594	-0.0592561	0.0899837	16.208
12.0851	-0.155376	0.283279	5.34135
12.0819	-0.173501	0.279124	5.09849
11.6749	-0.138272	0.2773	6.31089
10.7053	-0.165582	0.244911	15.7156
9.59328	-0.118037	0.214534	16.9724
8.63423	-0.0823141	0.21376	20.3056
8.58042	-0.0905154	0.189861	18.5945
7.94018	-0.0790122	0.172301	18.027
7.90285	-0.0806335	0.172996	25.7877
7.42901	-0.069814	0.161738	22.6306
5.54167	-0.0591727	0.121166	11.0732
3.90653	-0.0594065	0.0831389	17.2587
12.0016	-0.156135	0.28141	5.0227
11.8498	-0.190446	0.272239	7.55166
11.5743	-0.148532	0.275427	6.04227
11.0908	-0.186497	0.255814	7.74045
9.68839	-0.120455	0.216378	13.5148
8.68695	-0.0884536	0.191871	13.8444
8.32711	-0.0786498	0.207203	17.8645
7.99664	-0.0783769	0.173548	17.3731
7.95815	-0.082361	0.174585	25.6408
7.42628	-0.0676462	0.161823	24.6031
5.78196	-0.0543032	0.126373	10.499
3.7927	-0.0584743	0.0806051	17.7713
12.2963	-0.162074	0.285781	4.94839
12.2963	-0.162074	0.285781	4.94839
11.7051	-0.129092	0.278047	6.26063
10.0449	-0.137728	0.226774	20.8261
10.0449	-0.137728	0.226774	20.8261
8.50474	-0.0773017	0.210345	26.1399
8.18808	-0.0863322	0.181192	24.0758
8.12378	-0.0840294	0.17738	21.8983
8.12378	-0.0840294	0.17738	21.8983
7.60454	-0.0690506	0.164955	16.9304
4.71956	-0.0625819	0.101587	13.8113
4.22558	-0.0555202	0.0917973	16.6773
12.2476	-0.171184	0.284691	4.63799
12.2132	-0.186695	0.282162	4.51232
11.5339	-0.136194	0.274781	6.80206
10.5638	-0.161921	0.240205	18.7428
10.0443	-0.140184	0.225578	16.724
8.40494	-0.0901355	0.184931	27.52
8.3494	-0.086966	0.18258	22.25
8.20643	-0.0843936	0.180512	17.5412
7.79778	-0.0668076	0.194168	19.1503
7.64881	-0.0693857	0.166421	21.0901
4.93868	-0.0595854	0.107461	12.2408
4.00949	-0.0586663	0.0869432	16.161
12.2298	-0.175184	0.284351	4.40872
12.15	-0.2007	0.279949	4.70958
11.4668	-0.150089	0.273779	6.44528
10.7756	-0.176853	0.246032	17.5145
10.0306	-0.141983	0.22464	15.4658
8.51654	-0.0932527	0.188091	28.5481
8.42384	-0.0866818	0.184271	23.9203
8.25104	-0.0864971	0.181054	15.0819
7.63531	-0.0676878	0.166333	23.568
7.46903	-0.0690479	0.187285	16.3877
5.15528	-0.0562458	0.112248	11.7508
3.88757	-0.0596131	0.0841306	17.4054
12.318	-0.193017	0.284783	4.12906
12.318	-0.193017	0.284783	4.12906
11.4201	-0.138591	0.27279	7.47868
10.3527	-0.157039	0.233389	19.5123
10.3527	-0.157039	0.233389	19.5123
8.71101	-0.096413	0.192291	27.2318
8.71101	-0.096413	0.192291	27.2318
7.98615	-0.0786179	0.174829	20.2419
7.79783	-0.0674814	0.169487	19.9781
7.04656	-0.0680111	0.177284	14.5744
4.5987	-0.0553073	0.0993711	10.747
4.30023	-0.0594236	0.0947038	12.3756
12.3567	-0.197043	0.285821	4.0834
12.3346	-0.193215	0.28439	3.91921
11.3757	-0.145387	0.27215	7.5332
10.4647	-0.157164	0.236161	24.3415
10.2398	-0.152858	0.22964	26.6549
8.87306	-0.101298	0.196925	32.6521
8.81331	-0.0982647	0.194757	27.8024
7.96432	-0.0738091	0.17368	19.5089
7.80078	-0.0698019	0.169819	20.5007
6.68351	-0.0685167	0.169847	20.7558
4.71801	-0.0448851	0.102114	10.9814
4.27806	-0.0631226	0.0936073	12.5635
12.3969	-0.188421	0.285839	3.89614
12.3969	-0.188421	0.285839	3.89614
11.3396	-0.147283	0.271584	8.58059
10.3101	-0.15181	0.231221	34.2136
10.3101	-0.15181	0.231221	34.2136
8.99594	-0.103589	0.200001	31.4708
8.99594	-0.103589	0.200001	31.4708
7.86405	-0.0719958	0.171153	19.5795
7.86405	-0.0719958	0.171153	19.5795
6.28536	-0.0690128	0.162258	26.2193
4.55911	-0.0522068	0.098667	9.47715
4.55911	-0.0522068	0.098667	9.47715
12.3748	-0.152216	0.290433	5.54361
12.3748	-0.152216	0.290433	5.54361
12.3748	-0.152216	0.290433	5.54361
9.24345	-0.0893834	0.227727	24.3117
9.11867	-0.10999	0.204485	35.3171
9.11867	-0.10999	0.204485	35.3171
9.11867	-0.10999	0.204485	35.3171
7.69886	-0.0757018	0.166783	16.0909
7.69886	-0.0757018	0.166783	16.0909
7.69886	-0.0757018	0.166783	16.0909
4.26613	-0.0608014	0.0909263	15.802
4.26613	-0.0608014	0.0909263	15.802
12.3944	-0.162036	0.288453	5.28697
12.2423	-0.153782	0.28754	5.75191
12.2423	-0.153782	0.28754	5.75191
9.91708	-0.13471	0.224126	26.4506
9.13556	-0.108052	0.204032	26.6838
9.13556	-0.108052	0.204032	26.6838
8.40771	-0.0749911	0.208134	28.7839
7.99111	-0.075079	0.173232	18.2362
7.90474	-0.0760137	0.171805	20.8611
7.90474	-0.0760137	0.171805	20.8611
4.36471	-0.0600883	0.0940818	15.5293
3.67828	-0.0572099	0.0779956	17.092
12.3101	-0.171217	0.284424	4.52518
12.1364	-0.154349	0.285302	5.20789
12.1364	-0.154349	0.285302	5.20789
10.5046	-0.161359	0.239286	20.4172
9.15956	-0.111226	0.203519	17.7944
9.15956	-0.111226	0.203519	17.7944
8.16945	-0.0786314	0.177248	19.3523
8.05103	-0.0784938	0.175902	23.9406
8.05103	-0.0784938	0.175902	23.9406
7.66522	-0.0677464	0.191057	19.9637
4.72998	-0.0609959	0.103203	12.9921
3.25359	-0.0544931	0.0686414	23.3516
12.2452	-0.19521	0.282373	4.49427
12.0953	-0.149279	0.284342	5.04597
12.0953	-0.149279	0.284342	5.04597
10.7392	-0.175265	0.245661	18.9108
9.17188	-0.11142	0.203232	15.882
9.17188	-0.11142	0.203232	15.882
8.22939	-0.0804045	0.17861	19.9145
8.10297	-0.0811169	0.177535	27.7907
8.10297	-0.0811169	0.177535	27.7907
7.31809	-0.0689015	0.183643	20.049
4.96584	-0.0561878	0.108339	11.8535
3.09519	-0.0531947	0.0651408	24.1296
12.4329	-0.165796	0.289548	4.91807
12.4329	-0.165796	0.289548	4.91807
12.1983	-0.15254	0.287009	5.39993
9.7798	-0.129939	0.219754	20.4525
9.7798	-0.129939	0.219754	20.4525
8.93724	-0.102852	0.198587	23.2717
8.2514	-0.0790012	0.179556	21.8996
8.2514	-0.0790012	0.179556	21.8996
8.07163	-0.0732331	0.175338	19.2979
7.49594	-0.0534268	0.186309	28.1187
3.85285	-0.0567216	0.0826075	16.8788
3.41707	-0.0552369	0.0732311	19.5444
12.5182	-0.174975	0.289702	3.93998
12.4629	-0.169096	0.290494	4.40689
12.1624	-0.151334	0.286545	5.38396
10.2105	-0.148596	0.230639	22.5523
9.61369	-0.128752	0.214439	23.4242
8.80236	-0.100721	0.194321	23.2395
8.49359	-0.0864088	0.186093	26.0849
8.45876	-0.0842805	0.184274	20.5964
8.1971	-0.07776	0.178668	23.3593
6.68105	-0.0552371	0.167462	15.2632
4.01118	-0.0558559	0.0871225	14.2846
3.03206	-0.0517417	0.0648986	25.415
12.5391	-0.186996	0.289666	3.49391
12.4741	-0.160912	0.290651	4.27381
12.1485	-0.155866	0.286476	5.25956
10.3639	-0.153222	0.234558	22.3852
9.52697	-0.124034	0.211466	27.7153
8.75374	-0.0970243	0.192421	23.8986
8.606	-0.0918993	0.189426	31.4759
8.5279	-0.085628	0.185839	21.1963
8.2445	-0.0810407	0.180241	23.6214
6.28855	-0.0568295	0.15896	15.6758
4.23187	-0.0508012	0.0919993	12.432
2.85071	-0.0480574	0.060818	29.6271
12.6561	-0.172467	0.293158	3.44472
12.6561	-0.172467	0.293158	3.44472
12.1717	-0.160541	0.287452	5.69621
9.90551	-0.135558	0.221491	28.5769
9.90551	-0.135558	0.221491	28.5769
8.75637	-0.0921011	0.192188	26.1464
8.75637	-0.0921011	0.192188	26.1464
8.56534	-0.087438	0.18788	24.0802
8.30489	-0.0770331	0.180842	23.4328
5.78128	-0.0618269	0.146486	17.2935
3.58588	-0.0606108	0.0775941	15.9119
3.17506	-0.0536535	0.070014	22.8192
12.7198	-0.169873	0.293896	3.08611
12.7038	-0.175035	0.294442	3.19038
12.1734	-0.161364	0.287688	5.5272
10.0063	-0.137464	0.223948	29.8656
9.74348	-0.123816	0.216317	35.2501
8.91565	-0.0997137	0.196872	33.6572
8.84337	-0.0933175	0.194194	27.2151
8.47981	-0.081308	0.185194	21.4924
8.34692	-0.0793981	0.182078	22.0546
5.31722	-0.0605101	0.136431	24.6038
3.69529	-0.0580643	0.0802923	12.5326
3.1364	-0.0531511	0.0688794	23.1067
12.7808	-0.169365	0.295443	3.10264
12.7808	-0.169365	0.295443	3.10264
12.1803	-0.170196	0.288234	5.62135
9.81623	-0.124903	0.217971	41.8174
9.81623	-0.124903	0.217971	41.8174
9.02018	-0.0998364	0.199352	31.9766
9.02018	-0.0998364	0.199352	31.9766
8.38425	-0.0794615	0.182746	22.469
8.38425	-0.0794615	0.182746	22.469
4.76176	-0.0594577	0.125493	35.4427
3.49322	-0.0660259	0.0759907	14.1866
3.49322	-0.0660259	0.0759907	14.1866
12.5497	-0.172775	0.292932	4.5304
12.5497	-0.172775	0.292932	4.5304
12.5497	-0.172775	0.292932	4.5304
9.50038	-0.127585	0.212195	24.6369
9.50038	-0.127585	0.212195	24.6369
9.50038	-0.127585	0.212195	24.6369
8.41223	-0.0790878	0.18297	25.2155
8.41223	-0.0790878	0.18297	25.2155
8.41223	-0.0790878	0.18297	25.2155
6.47774	-0.0477216	0.161879	14.8446
3.02032	-0.0514665	0.0643955	24.6203
3.02032	-0.0514665	0.0643955	24.6203
12.759	-0.171679	0.29588	3.36386
12.6262	-0.165194	0.294912	4.04293
12.6262	-0.165194	0.294912	4.04293
9.85041	-0.135357	0.22065	23.8507
9.24938	-0.110204	0.204732	30.5505
9.24938	-0.110204	0.204732	30.5505
8.6194	-0.0817897	0.187593	26.6841
8.58491	-0.0848257	0.187399	27.8231
8.58491	-0.0848257	0.187399	27.8231
5.55774	-0.0521465	0.140089	14.2984
3.13151	-0.054735	0.0679326	22.3212
2.34844	-0.040832	0.0495052	40.1701
12.8283	-0.149178	0.296306	2.83937
12.6526	-0.167657	0.29572	4.13301
12.6526	-0.167657	0.29572	4.13301
9.96925	-0.138169	0.223559	20.3932
9.12041	-0.099487	0.200607	26.5441
9.12041	-0.099487	0.200607	26.5441
8.68893	-0.0830817	0.189152	24.4357
8.68665	-0.0890821	0.190406	32.2662
8.68665	-0.0890821	0.190406	32.2662
5.09372	-0.057567	0.129828	12.7657
3.35183	-0.0575496	0.0730257	17.0753
2.06952	-0.036101	0.0432737	48.5929
12.9105	-0.155082	0.299471	2.90243
12.9105	-0.155082	0.299471	2.90243
12.7271	-0.168938	0.297818	3.91152
9.52509	-0.116769	0.211232	29.7753
9.52509	-0.116769	0.211232	29.7753
8.98446	-0.0966001	0.197458	27.1423
8.81687	-0.0870768	0.192589	28.555
8.81687	-0.0870768	0.192589	28.555
8.6736	-0.0822979	0.189068	26.8325
4.51802	-0.0548635	0.114819	17.1275
2.54438	-0.0456826	0.0548447	35.0523
2.1404	-0.0375272	0.046404	49.9543
13.0063	-0.12709	0.300433	2.78209
12.962	-0.139165	0.300468	2.87738
12.7612	-0.169941	0.298799	3.77959
9.61813	-0.119573	0.213449	34.9117
9.34347	-0.103964	0.205651	34.2958
8.9546	-0.0943323	0.19662	30.9905
8.89416	-0.0858213	0.194277	28.9326
8.85474	-0.0881521	0.193602	26.6644
8.74234	-0.0863385	0.190989	26.1601
3.94491	-0.0561572	0.101757	23.282
2.65111	-0.0510039	0.0576964	27.506
1.96928	-0.034335	0.0428168	55.8827
13.0663	-0.12828	0.302022	2.69084
13.0663	-0.12828	0.302022	2.69084
12.7976	-0.179148	0.300031	3.61367
9.41833	-0.105243	0.207339	37.3749
9.41833	-0.105243	0.207339	37.3749
9.04435	-0.0941293	0.198666	31.4972
9.04435	-0.0941293	0.198666	31.4972
8.76218	-0.0834616	0.191144	25.5955
8.76218	-0.0834616	0.191144	25.5955
3.19392	-0.042893	0.0855746	63.0482
2.36467	-0.0450617	0.0513612	41.0022
2.36467	-0.0450617	0.0513612	41.0022
13.0677	-0.127321	0.303017	2.86326
13.0677	-0.127321	0.303017	2.86326
13.0677	-0.127321	0.303017	2.86326
9.23811	-0.101831	0.203276	33.3916
9.23811	-0.101831	0.203276	33.3916
9.23811	-0.101831	0.203276	33.3916
8.89749	-0.0867989	0.194091	32.7909
8.89749	-0.0867989	0.194091	32.7909
8.89749	-0.0867989	0.194091	32.7909
3.33083	-0.0525965	0.0849494	29.2759
1.56484	-0.0290183	0.0333546	68.5719
1.56484	-0.0290183	0.0333546	68.5719
13.1825	-0.104096	0.30455	2.77886
13.1209	-0.122069	0.304311	2.84781
13.1209	-0.122069	0.304311	2.84781
9.32302	-0.103355	0.205223	35.6197
9.08243	-0.0941914	0.198749	30.7948
9.08243	-0.0941914	0.198749	30.7948
8.9818	-0.0918875	0.196426	33.3607
8.9818	-0.0918875	0.196426	33.3607
8.97257	-0.0879777	0.195768	32.911
2.61159	-0.0404792	0.0674495	65.3811
1.68845	-0.0336509	0.0367112	71.8051
1.03619	-0.0187129	0.021579	129.094
13.242	-0.0894843	0.305789	2.89577
13.242	-0.0894843	0.305789	2.89577
13.1745	-0.121893	0.305738	2.7523
9.15878	-0.0940702	0.20043	31.7874
9.15878	-0.0940702	0.20043	31.7874
9.062	-0.0923636	0.198219	32.6719
9.062	-0.0923636	0.198219	32.6719
8.99155	-0.0908939	0.196347	33.5419
8.99155	-0.0908939	0.196347	33.5419
1.60203	-0.021864	0.0433723	279.914
1.19324	-0.0235266	0.0259053	144.789
1.19324	-0.0235266	0.0259053	144.789
13.3012	-0.0832467	0.307218	2.84277
13.3012	-0.0832467	0.307218	2.84277
13.3012	-0.0832467	0.307218	2.84277
9.06845	-0.090581	0.198032	30.7812
9.06845	-0.090581	0.198032	30.7812
9.06845	-0.090581	0.198032	30.7812
9.06845	-0.090581	0.198032	30.7812
9.06845	-0.090581	0.198032	30.7812
9.06845	-0.090581	0.198032	30.7812
0	0	0	0
0	0	0	0
0	0	0	0
