1008 Out of 20736 Normal Mode Frequencies in 1/ps for a 12x12x12 Ar Lattice.
   13.302643   13.302643   13.302643   13.302643    6.018316    6.018316    6.018316    6.018316    6.018316    6.018316    6.018316    6.018316
   13.221993   13.221993   13.221993   13.221993    6.201600    6.201600    6.201600    6.201600    6.017886    6.017886    6.017886    6.017886
   12.984424   12.984424   12.984424   12.984424    6.705242    6.705242    6.705242    6.705242    6.016712    6.016712    6.016712    6.016712
   12.604772   12.604772   12.604772   12.604772    7.419592    7.419592    7.419592    7.419592    6.015108    6.015108    6.015108    6.015108
   12.116796   12.116796   12.116796   12.116796    8.215165    8.215165    8.215165    8.215165    6.013504    6.013504    6.013504    6.013504
   11.608650   11.608650   11.608650   11.608650    8.934177    8.934177    8.934177    8.934177    6.012329    6.012329    6.012329    6.012329
   11.343934   11.343934   11.343934   11.343934    9.273400    9.273400    9.273400    9.273400    6.011899    6.011899    6.011899    6.011899
   13.222362   13.222362   13.062811   13.062811    6.518113    6.518113    6.180191    6.180191    6.047393    6.047393    6.039054    6.039054
   13.063329   13.063329   12.754117   12.754117    7.126381    7.126381    6.382956    6.382956    6.312788    6.312788    5.918881    5.918881
   12.753902   12.753902   12.316368   12.316368    7.913552    7.913552    6.970676    6.970676    6.409829    6.409829    5.814854    5.814854
   12.319256   12.319256   11.791062   11.791062    8.752014    8.752014    7.677298    7.677298    6.479807    6.479807    5.734663    5.734663
   11.832246   11.832246   11.277203   11.277203    9.504566    9.504566    8.329648    8.329648    6.522559    6.522559    5.683796    5.683796
   11.556774   11.556774   11.026622   11.026622    9.872243    9.872243    8.631236    8.631236    6.536966    6.536966    5.666344    5.666344
   12.985739   12.985739   12.386069   12.386069    7.721540    7.721540    6.630299    6.630299    6.125819    6.125819    6.096764    6.096764
   12.755264   12.755264   11.905519   11.905519    8.474007    8.474007    6.871438    6.871438    6.562483    6.562483    5.882532    5.882532
   12.388673   12.388673   11.359948   11.359948    9.280326    9.280326    7.158240    7.158240    7.034910    7.034910    5.706324    5.706324
   11.940616   11.940616   10.854003   10.854003   10.016752   10.016752    7.725130    7.725130    7.130562    7.130562    5.593966    5.593966
   11.659371   11.659371   10.620052   10.620052   10.397939   10.397939    7.984585    7.984585    7.162180    7.162180    5.555285    5.555285
   12.608286   12.608286   11.400691   11.400691    9.114499    9.114499    7.279942    7.279942    6.230631    6.230631    6.181146    6.181146
   12.322850   12.322850   10.852742   10.852742    9.803045    9.803045    7.575308    7.575308    6.689124    6.689124    5.923621    5.923621
   11.935300   11.935300   10.456979   10.456979   10.366603   10.366603    7.748710    7.748710    7.165117    7.165117    5.742088    5.742088
   11.657269   11.657269   10.828064   10.828064   10.150992   10.150992    7.805595    7.805595    7.382588    7.382588    5.679044    5.679044
   12.128433   12.128433   10.323559   10.323559   10.320419   10.320419    8.013119    8.013119    6.332888    6.332888    6.281774    6.281774
   11.828466   11.828466   10.823430   10.823430    9.863532    9.863532    8.291346    8.291346    6.703113    6.703113    6.055893    6.055893
   11.573725   11.573725   11.146305   11.146305    9.666847    9.666847    8.385795    8.385795    6.883916    6.883916    5.968396    5.968396
   11.645076   11.645076   11.127083   11.127083    9.439078    9.439078    8.671708    8.671708    6.406195    6.406195    6.382648    6.382648
   11.461969   11.461969   11.341554   11.341554    9.259207    9.259207    8.810350    8.810350    6.550487    6.550487    6.285705    6.285705
   11.407344   11.407344   11.407344   11.407344    9.087008    9.087008    8.971640    8.971640    6.432710    6.432710    6.432710    6.432710
   13.146097   13.146097   13.146097   12.819772    6.593161    6.593161    6.593161    6.270060    6.270060    6.270060    5.815177    5.815177
   13.064004   12.921883   12.921883   12.430843    7.373922    6.961612    6.961612    6.469972    6.357292    6.357292    5.961040    5.588973
   12.819058   12.565275   12.565275   11.921153    8.268619    7.591103    7.591103    6.636425    6.417083    6.378568    6.378568    5.386116
   12.425580   12.111584   12.111584   11.337855    9.179193    8.312513    8.312513    7.048399    6.761173    6.383700    6.383700    5.224382
   11.932021   11.649768   11.649768   10.787806   10.002792    8.961504    8.961504    7.663165    6.838359    6.384772    6.384772    5.119736
   11.601079   11.417975   11.417975   10.527278   10.446894    9.259908    9.259908    7.951204    6.864477    6.384887    6.384887    5.083484
   12.924194   12.924194   12.648898   11.969817    7.757696    7.757696    6.938426    6.714031    6.714031    6.544288    5.675130    5.486053
   12.758069   12.654979   12.265605   11.400027    8.664240    8.309989    7.312961    6.980320    6.916386    6.555785    5.919484    5.225107
   12.428401   12.285835   11.814991   10.772979    9.576902    8.953477    7.885954    7.170259    7.045994    6.487946    6.441996    4.970247
   11.956618   11.894618   11.392296   10.417771   10.200378    9.538451    8.414190    7.285204    7.117020    6.993985    6.436653    4.801109
   11.693918   11.546761   11.198013   10.953673    9.936096    9.808355    8.648370    7.323753    7.258416    7.139731    6.418397    4.741902
   12.579004   12.579004   11.879770   10.784397    9.113615    9.113615    7.336259    7.336259    7.185180    6.805867    5.594554    5.270965
   12.337017   12.307229   11.454478   10.128042    9.935107    9.603060    7.626406    7.618937    7.508388    6.752060    5.896382    5.023173
   12.009807   11.934921   11.081883   10.707776   10.049365    9.543942    7.908522    7.796540    7.791131    6.644836    6.367778    4.792726
   11.857536   11.400178   11.369636   10.921528   10.255166    9.279569    8.084769    7.852704    7.848045    6.604696    6.603934    4.709473
   12.177609   12.177609   11.075520   10.245998   10.245998    9.456193    8.041563    8.041563    7.287957    7.020682    5.558068    5.230489
   12.006926   11.916051   10.834326   10.760165   10.485658    8.867861    8.332422    8.294399    7.495768    6.932898    5.845929    5.057326
   11.926370   11.678034   11.184859   10.630558   10.584819    8.603927    8.437029    8.378001    7.623026    6.870553    6.052596    4.957882
   11.925610   11.925610   10.819915   10.819915   10.498578    8.681856    8.681856    8.276806    7.254741    7.161230    5.546358    5.387822
   11.935877   11.867473   10.961187   10.786727   10.393529    8.835491    8.802357    8.009699    7.317366    7.110839    5.678003    5.336325
   11.931342   11.931342   10.854709   10.854709   10.298675    8.978158    8.978158    7.737799    7.210059    7.210059    5.544325    5.544325
   12.744775   12.744775   12.744775   11.421086    7.895153    7.895153    7.895153    6.910663    6.910663    6.910663    5.218470    5.218470
   12.666463   12.465119   12.465119   10.771775    8.876106    8.195041    8.195041    7.210023    7.091518    7.091518    5.333535    4.789952
   12.412661   12.123763   12.123763   10.076304    9.815793    8.629028    8.629028    7.431404    7.189527    7.189527    5.745638    4.431783
   11.988096   11.803508   11.803508   10.667275    9.450876    9.042073    9.042073    7.567220    7.230372    7.230372    6.250650    4.190291
   11.659532   11.659532   11.445330   11.354809    9.222876    9.222876    9.163335    7.612987    7.241302    7.241302    6.506930    4.104542
   12.496070   12.496070   12.206451   10.054089    9.113122    9.113122    8.187714    7.489931    7.489931    7.300182    4.925875    4.585356
   12.359917   12.281011   11.919194    9.975049    9.368675    9.302404    8.349903    7.771219    7.739776    7.411692    5.111733    4.215936
   12.085149   12.081878   11.674909   10.705324    9.593278    8.634227    8.580416    7.940179    7.902853    7.429008    5.541670    3.906529
   12.001639   11.849757   11.574269   11.090794    9.688388    8.686947    8.327111    7.996636    7.958150    7.426280    5.781961    3.792696
   12.296343   12.296343   11.705133   10.044898   10.044898    8.504736    8.188084    8.123782    8.123782    7.604539    4.719563    4.225577
   12.247607   12.213221   11.533948   10.563778   10.044324    8.404937    8.349399    8.206432    7.797785    7.648815    4.938682    4.009489
   12.229776   12.150015   11.466790   10.775613   10.030623    8.516542    8.423835    8.251042    7.635310    7.469031    5.155281    3.887572
   12.317991   12.317991   11.420124   10.352749   10.352749    8.711009    8.711009    7.986146    7.797828    7.046561    4.598701    4.300226
   12.356716   12.334600   11.375682   10.464667   10.239792    8.873055    8.813306    7.964324    7.800781    6.683515    4.718013    4.278057
   12.396854   12.396854   11.339554   10.310148   10.310148    8.995941    8.995941    7.864052    7.864052    6.285361    4.559115    4.559115
   12.374833   12.374833   12.374833    9.243455    9.118672    9.118672    9.118672    7.698859    7.698859    7.698859    4.266127    4.266127
   12.394390   12.242342   12.242342    9.917077    9.135560    9.135560    8.407710    7.991115    7.904744    7.904744    4.364712    3.678277
   12.310108   12.136371   12.136371   10.504604    9.159564    9.159564    8.169447    8.051028    8.051028    7.665224    4.729985    3.253587
   12.245237   12.095292   12.095292   10.739242    9.171883    9.171883    8.229386    8.102971    8.102971    7.318095    4.965844    3.095192
   12.432893   12.432893   12.198294    9.779798    9.779798    8.937244    8.251400    8.251400    8.071629    7.495944    3.852849    3.417074
   12.518186   12.462871   12.162428   10.210466    9.613687    8.802360    8.493594    8.458762    8.197103    6.681054    4.011178    3.032059
   12.539099   12.474115   12.148504   10.363887    9.526974    8.753737    8.606002    8.527902    8.244505    6.288548    4.231870    2.850714
   12.656082   12.656082   12.171663    9.905514    9.905514    8.756373    8.756373    8.565341    8.304887    5.781281    3.585880    3.175065
   12.719836   12.703850   12.173410   10.006324    9.743484    8.915652    8.843368    8.479815    8.346922    5.317225    3.695291    3.136403
   12.780804   12.780804   12.180339    9.816227    9.816227    9.020177    9.020177    8.384249    8.384249    4.761765    3.493216    3.493216
   12.549700   12.549700   12.549700    9.500385    9.500385    9.500385    8.412231    8.412231    8.412231    6.477735    3.020325    3.020325
   12.758999   12.626188   12.626188    9.850413    9.249382    9.249382    8.619399    8.584910    8.584910    5.557740    3.131506    2.348436
   12.828342   12.652632   12.652632    9.969253    9.120411    9.120411    8.688926    8.686653    8.686653    5.093720    3.351828    2.069520
   12.910495   12.910495   12.727108    9.525087    9.525087    8.984462    8.816872    8.816872    8.673599    4.518022    2.544380    2.140396
   13.006278   12.962026   12.761169    9.618127    9.343470    8.954600    8.894163    8.854737    8.742342    3.944911    2.651112    1.969285
   13.066308   13.066308   12.797567    9.418334    9.418334    9.044348    9.044348    8.762184    8.762184    3.193924    2.364670    2.364670
   13.067748   13.067748   13.067748    9.238110    9.238110    9.238110    8.897489    8.897489    8.897489    3.330828    1.564843    1.564843
   13.182509   13.120894   13.120894    9.323025    9.082425    9.082425    8.981803    8.981803    8.972569    2.611586    1.688452    1.036189
   13.241965   13.241965   13.174498    9.158782    9.158782    9.062002    9.062002    8.991555    8.991555    1.602030    1.193237    1.193237
   13.301228   13.301228   13.301228    9.068455    9.068455    9.068455    9.068455    9.068455    9.068455    0.000000    0.000000    0.000000
