1008 Out of 20736 QH, Third, Fourth Freq in rad/ps and Lifetimes in ps for a 12x12x12 Ar Lattice at 10K. (atoms/UC=4)
13.3026	-0.422343	1.0813	2.20913
13.3026	-0.422343	1.0813	2.20913
13.3026	-0.422343	1.0813	2.20913
13.3026	-0.422343	1.0813	2.20913
6.01832	-0.19633	0.432919	32.7593
6.01832	-0.19633	0.432919	32.7593
6.01832	-0.19633	0.432919	32.7593
6.01832	-0.19633	0.432919	32.7593
6.01832	-0.19633	0.432919	32.7593
6.01832	-0.19633	0.432919	32.7593
6.01832	-0.19633	0.432919	32.7593
6.01832	-0.19633	0.432919	32.7593
13.222	-0.420242	1.07441	2.23526
13.222	-0.420242	1.07441	2.23526
13.222	-0.420242	1.07441	2.23526
13.222	-0.420242	1.07441	2.23526
6.2016	-0.209526	0.448819	31.1398
6.2016	-0.209526	0.448819	31.1398
6.2016	-0.209526	0.448819	31.1398
6.2016	-0.209526	0.448819	31.1398
6.01789	-0.197557	0.432951	32.9521
6.01789	-0.197557	0.432951	32.9521
6.01789	-0.197557	0.432951	32.9521
6.01789	-0.197557	0.432951	32.9521
12.9844	-0.414833	1.05414	2.30383
12.9844	-0.414833	1.05414	2.30383
12.9844	-0.414833	1.05414	2.30383
12.9844	-0.414833	1.05414	2.30383
6.70524	-0.243746	0.492257	25.2597
6.70524	-0.243746	0.492257	25.2597
6.70524	-0.243746	0.492257	25.2597
6.70524	-0.243746	0.492257	25.2597
6.01671	-0.200771	0.43304	33.2692
6.01671	-0.200771	0.43304	33.2692
6.01671	-0.200771	0.43304	33.2692
6.01671	-0.200771	0.43304	33.2692
12.6048	-0.410869	1.02195	2.37348
12.6048	-0.410869	1.02195	2.37348
12.6048	-0.410869	1.02195	2.37348
12.6048	-0.410869	1.02195	2.37348
7.41959	-0.286185	0.553289	18.1096
7.41959	-0.286185	0.553289	18.1096
7.41959	-0.286185	0.553289	18.1096
7.41959	-0.286185	0.553289	18.1096
6.01511	-0.204776	0.43316	34.1012
6.01511	-0.204776	0.43316	34.1012
6.01511	-0.204776	0.43316	34.1012
6.01511	-0.204776	0.43316	34.1012
12.1168	-0.415846	0.981264	2.45532
12.1168	-0.415846	0.981264	2.45532
12.1168	-0.415846	0.981264	2.45532
12.1168	-0.415846	0.981264	2.45532
8.21517	-0.330156	0.620245	13.5122
8.21517	-0.330156	0.620245	13.5122
8.21517	-0.330156	0.620245	13.5122
8.21517	-0.330156	0.620245	13.5122
6.0135	-0.208589	0.433281	34.9403
6.0135	-0.208589	0.433281	34.9403
6.0135	-0.208589	0.433281	34.9403
6.0135	-0.208589	0.433281	34.9403
11.6086	-0.429905	0.940748	2.66082
11.6086	-0.429905	0.940748	2.66082
11.6086	-0.429905	0.940748	2.66082
11.6086	-0.429905	0.940748	2.66082
8.93418	-0.365426	0.678659	10.4463
8.93418	-0.365426	0.678659	10.4463
8.93418	-0.365426	0.678659	10.4463
8.93418	-0.365426	0.678659	10.4463
6.01233	-0.211103	0.433369	35.7117
6.01233	-0.211103	0.433369	35.7117
6.01233	-0.211103	0.433369	35.7117
6.01233	-0.211103	0.433369	35.7117
11.3439	-0.432433	0.921401	2.89278
11.3439	-0.432433	0.921401	2.89278
11.3439	-0.432433	0.921401	2.89278
11.3439	-0.432433	0.921401	2.89278
9.2734	-0.37932	0.704321	9.63121
9.2734	-0.37932	0.704321	9.63121
9.2734	-0.37932	0.704321	9.63121
9.2734	-0.37932	0.704321	9.63121
6.0119	-0.212031	0.433401	35.7456
6.0119	-0.212031	0.433401	35.7456
6.0119	-0.212031	0.433401	35.7456
6.0119	-0.212031	0.433401	35.7456
13.2224	-0.424242	1.07219	2.18748
13.2224	-0.424242	1.07219	2.18748
13.0628	-0.411129	1.06303	2.33024
13.0628	-0.411129	1.06303	2.33024
6.51811	-0.231687	0.475887	27.8453
6.51811	-0.231687	0.475887	27.8453
6.18019	-0.204976	0.44559	31.9572
6.18019	-0.204976	0.44559	31.9572
6.04739	-0.198955	0.435689	32.7962
6.04739	-0.198955	0.435689	32.7962
6.03905	-0.204353	0.436335	32.5646
6.03905	-0.204353	0.436335	32.5646
13.0633	-0.425035	1.05651	2.18821
13.0633	-0.425035	1.05651	2.18821
12.7541	-0.402762	1.03875	2.46261
12.7541	-0.402762	1.03875	2.46261
7.12638	-0.270295	0.52752	21.5428
7.12638	-0.270295	0.52752	21.5428
6.38296	-0.225454	0.465881	28.5175
6.38296	-0.225454	0.465881	28.5175
6.31279	-0.21329	0.456088	31.0658
6.31279	-0.21329	0.456088	31.0658
5.91888	-0.199359	0.426518	34.1383
5.91888	-0.199359	0.426518	34.1383
12.7539	-0.425377	1.02841	2.22365
12.7539	-0.425377	1.02841	2.22365
12.3164	-0.398203	1.0034	2.59712
12.3164	-0.398203	1.0034	2.59712
7.91355	-0.31452	0.593901	15.3463
7.91355	-0.31452	0.593901	15.3463
6.97068	-0.261188	0.51663	21.5407
6.97068	-0.261188	0.51663	21.5407
6.40983	-0.220776	0.463852	30.6619
6.40983	-0.220776	0.463852	30.6619
5.81485	-0.199477	0.41875	35.8696
5.81485	-0.199477	0.41875	35.8696
12.3193	-0.43111	0.990598	2.28931
12.3193	-0.43111	0.990598	2.28931
11.7911	-0.403756	0.961019	2.72215
11.7911	-0.403756	0.961019	2.72215
8.75201	-0.359354	0.663992	11.1573
8.75201	-0.359354	0.663992	11.1573
7.6773	-0.300494	0.576369	16.6682
7.6773	-0.300494	0.576369	16.6682
6.47981	-0.226744	0.469484	30.5869
6.47981	-0.226744	0.469484	30.5869
5.73466	-0.200721	0.412876	37.6053
5.73466	-0.200721	0.412876	37.6053
11.8322	-0.443817	0.950582	2.44663
11.8322	-0.443817	0.950582	2.44663
11.2772	-0.414082	0.921009	3.03596
11.2772	-0.414082	0.921009	3.03596
9.50457	-0.395446	0.725202	8.18064
9.50457	-0.395446	0.725202	8.18064
8.32965	-0.332825	0.629297	13.3061
8.32965	-0.332825	0.629297	13.3061
6.52256	-0.230446	0.47294	30.7236
6.52256	-0.230446	0.47294	30.7236
5.6838	-0.201924	0.409198	39.1594
5.6838	-0.201924	0.409198	39.1594
11.5568	-0.447788	0.930108	2.59167
11.5568	-0.447788	0.930108	2.59167
11.0266	-0.415276	0.902873	3.35823
11.0266	-0.415276	0.902873	3.35823
9.87224	-0.408655	0.753021	7.33491
9.87224	-0.408655	0.753021	7.33491
8.63124	-0.34652	0.652143	12.6023
8.63124	-0.34652	0.652143	12.6023
6.53697	-0.231727	0.474107	30.5897
6.53697	-0.231727	0.474107	30.5897
5.66634	-0.202367	0.407945	39.632
5.66634	-0.202367	0.407945	39.632
12.9857	-0.432021	1.04572	2.13456
12.9857	-0.432021	1.04572	2.13456
12.3861	-0.393306	1.01128	2.63525
12.3861	-0.393306	1.01128	2.63525
7.72154	-0.30555	0.577378	17.1055
7.72154	-0.30555	0.577378	17.1055
6.6303	-0.228651	0.481176	28.5853
6.6303	-0.228651	0.481176	28.5853
6.12582	-0.204548	0.443195	32.5501
6.12582	-0.204548	0.443195	32.5501
6.09676	-0.22292	0.445488	31.0666
6.09676	-0.22292	0.445488	31.0666
12.7553	-0.436758	1.02246	2.13389
12.7553	-0.436758	1.02246	2.13389
11.9055	-0.391031	0.973874	2.85121
11.9055	-0.391031	0.973874	2.85121
8.47401	-0.344908	0.639974	12.8006
8.47401	-0.344908	0.639974	12.8006
6.87144	-0.242202	0.500518	26.7907
6.87144	-0.242202	0.500518	26.7907
6.56248	-0.239798	0.483569	25.8811
6.56248	-0.239798	0.483569	25.8811
5.88253	-0.207271	0.426729	34.7954
5.88253	-0.207271	0.426729	34.7954
12.3887	-0.445877	0.988724	2.17459
12.3887	-0.445877	0.988724	2.17459
11.3599	-0.394898	0.931018	3.15923
11.3599	-0.394898	0.931018	3.15923
9.28033	-0.387086	0.706821	9.28304
9.28033	-0.387086	0.706821	9.28304
7.15824	-0.272163	0.534101	20.6568
7.15824	-0.272163	0.534101	20.6568
7.03491	-0.25218	0.513743	25.8341
7.03491	-0.25218	0.513743	25.8341
5.70632	-0.203347	0.413172	37.8704
5.70632	-0.203347	0.413172	37.8704
11.9406	-0.458492	0.950411	2.32774
11.9406	-0.458492	0.950411	2.32774
10.854	-0.398622	0.892377	3.61491
10.854	-0.398622	0.892377	3.61491
10.0168	-0.422547	0.766846	6.54571
10.0168	-0.422547	0.766846	6.54571
7.72513	-0.299721	0.579959	16.823
7.72513	-0.299721	0.579959	16.823
7.13056	-0.258091	0.521504	25.4281
7.13056	-0.258091	0.521504	25.4281
5.59397	-0.201789	0.404635	39.9462
5.59397	-0.201789	0.404635	39.9462
11.6594	-0.465887	0.928957	2.40293
11.6594	-0.465887	0.928957	2.40293
10.6201	-0.396492	0.875576	4.03666
10.6201	-0.396492	0.875576	4.03666
10.3979	-0.435286	0.795828	5.64025
10.3979	-0.435286	0.795828	5.64025
7.98458	-0.311207	0.5996	15.6212
7.98458	-0.311207	0.5996	15.6212
7.16218	-0.260029	0.524072	25.2225
7.16218	-0.260029	0.524072	25.2225
5.55528	-0.201413	0.401714	40.8788
5.55528	-0.201413	0.401714	40.8788
12.6083	-0.446631	1.00453	2.0853
12.6083	-0.446631	1.00453	2.0853
11.4007	-0.388956	0.935717	3.261
11.4007	-0.388956	0.935717	3.261
9.1145	-0.378014	0.692444	10.3076
9.1145	-0.378014	0.692444	10.3076
7.27994	-0.263565	0.533575	23.7918
7.27994	-0.263565	0.533575	23.7918
6.23063	-0.210139	0.453308	30.823
6.23063	-0.210139	0.453308	30.823
6.18115	-0.23836	0.45735	31.4357
6.18115	-0.23836	0.45735	31.4357
12.3228	-0.460399	0.976007	2.10046
12.3228	-0.460399	0.976007	2.10046
10.8527	-0.385958	0.893668	3.79283
10.8527	-0.385958	0.893668	3.79283
9.80304	-0.414977	0.748922	7.6463
9.80304	-0.414977	0.748922	7.6463
7.57531	-0.280331	0.557878	21.8956
7.57531	-0.280331	0.557878	21.8956
6.68912	-0.246666	0.495944	25.4785
6.68912	-0.246666	0.495944	25.4785
5.92362	-0.214158	0.433364	35.51
5.92362	-0.214158	0.433364	35.51
11.9353	-0.474205	0.941038	2.2569
11.9353	-0.474205	0.941038	2.2569
10.457	-0.448585	0.802351	5.31828
10.457	-0.448585	0.802351	5.31828
10.3666	-0.383567	0.857221	4.59969
10.3666	-0.383567	0.857221	4.59969
7.74871	-0.290453	0.572287	20.9176
7.74871	-0.290453	0.572287	20.9176
7.16512	-0.267388	0.534273	20.5954
7.16512	-0.267388	0.534273	20.5954
5.74209	-0.207331	0.419001	37.9556
5.74209	-0.207331	0.419001	37.9556
11.6573	-0.485341	0.918947	2.364
11.6573	-0.485341	0.918947	2.364
10.8281	-0.46049	0.830894	4.3913
10.8281	-0.46049	0.830894	4.3913
10.151	-0.378009	0.841907	5.00064
10.151	-0.378009	0.841907	5.00064
7.80559	-0.293753	0.577031	20.5941
7.80559	-0.293753	0.577031	20.5941
7.38259	-0.275634	0.550634	18.6525
7.38259	-0.275634	0.550634	18.6525
5.67904	-0.205216	0.414052	38.4501
5.67904	-0.205216	0.414052	38.4501
12.1284	-0.478218	0.953603	2.12093
12.1284	-0.478218	0.953603	2.12093
10.3236	-0.445513	0.790862	5.95392
10.3236	-0.445513	0.790862	5.95392
10.3204	-0.377617	0.85371	4.73999
10.3204	-0.377617	0.85371	4.73999
8.01312	-0.305572	0.594536	19.1213
8.01312	-0.305572	0.594536	19.1213
6.33289	-0.213569	0.46327	28.8672
6.33289	-0.213569	0.46327	28.8672
6.28177	-0.241734	0.467684	32.711
6.28177	-0.241734	0.467684	32.711
11.8285	-0.492505	0.924262	2.28029
11.8285	-0.492505	0.924262	2.28029
10.8234	-0.475254	0.831544	4.33886
10.8234	-0.475254	0.831544	4.33886
9.86353	-0.367673	0.820164	5.94323
9.86353	-0.367673	0.820164	5.94323
8.29135	-0.32262	0.618318	17.5284
8.29135	-0.32262	0.618318	17.5284
6.70311	-0.239648	0.49655	24.5108
6.70311	-0.239648	0.49655	24.5108
6.05589	-0.215403	0.4455	33.5133
6.05589	-0.215403	0.4455	33.5133
11.5737	-0.502933	0.902706	2.44854
11.5737	-0.502933	0.902706	2.44854
11.1463	-0.485662	0.856877	3.50885
11.1463	-0.485662	0.856877	3.50885
9.66685	-0.36294	0.80645	6.46912
9.66685	-0.36294	0.80645	6.46912
8.38579	-0.328514	0.626481	17.0206
8.38579	-0.328514	0.626481	17.0206
6.88392	-0.24462	0.509984	21.7784
6.88392	-0.24462	0.509984	21.7784
5.9684	-0.210486	0.438368	34.3358
5.9684	-0.210486	0.438368	34.3358
11.6451	-0.507168	0.903148	2.41672
11.6451	-0.507168	0.903148	2.41672
11.1271	-0.501041	0.855691	3.50455
11.1271	-0.501041	0.855691	3.50455
9.43908	-0.356483	0.789666	7.47616
9.43908	-0.356483	0.789666	7.47616
8.67171	-0.347686	0.651698	15.3919
8.67171	-0.347686	0.651698	15.3919
6.40619	-0.214919	0.470474	28.0487
6.40619	-0.214919	0.470474	28.0487
6.38265	-0.227627	0.472677	27.996
6.38265	-0.227627	0.472677	27.996
11.462	-0.518111	0.885899	2.61982
11.462	-0.518111	0.885899	2.61982
11.3416	-0.510651	0.872827	2.93636
11.3416	-0.510651	0.872827	2.93636
9.25921	-0.352943	0.77744	8.30803
9.25921	-0.352943	0.77744	8.30803
8.81035	-0.357438	0.664168	14.6575
8.81035	-0.357438	0.664168	14.6575
6.55049	-0.223535	0.482735	25.0254
6.55049	-0.223535	0.482735	25.0254
6.2857	-0.214314	0.462731	29.9475
6.2857	-0.214314	0.462731	29.9475
11.4073	-0.52353	0.878212	2.72328
11.4073	-0.52353	0.878212	2.72328
11.4073	-0.52353	0.878212	2.72328
11.4073	-0.52353	0.878212	2.72328
9.08701	-0.349613	0.765901	9.46683
9.08701	-0.349613	0.765901	9.46683
8.97164	-0.369514	0.678979	13.7887
8.97164	-0.369514	0.678979	13.7887
6.43271	-0.215523	0.473093	28.2078
6.43271	-0.215523	0.473093	28.2078
6.43271	-0.215523	0.473093	28.2078
6.43271	-0.215523	0.473093	28.2078
13.1461	-0.421384	1.06568	2.21456
13.1461	-0.421384	1.06568	2.21456
13.1461	-0.421384	1.06568	2.21456
12.8198	-0.400382	1.04661	2.51015
6.59316	-0.239691	0.482919	27.0841
6.59316	-0.239691	0.482919	27.0841
6.59316	-0.239691	0.482919	27.0841
6.27006	-0.208462	0.452728	31.059
6.27006	-0.208462	0.452728	31.059
6.27006	-0.208462	0.452728	31.059
5.81518	-0.190867	0.418035	34.9478
5.81518	-0.190867	0.418035	34.9478
13.064	-0.429394	1.05441	2.15034
12.9219	-0.417039	1.0466	2.26615
12.9219	-0.417039	1.0466	2.26615
12.4308	-0.390057	1.01737	2.71236
7.37392	-0.287144	0.54851	19.7211
6.96161	-0.262499	0.514394	22.9929
6.96161	-0.262499	0.514394	22.9929
6.46997	-0.218174	0.468101	29.7847
6.35729	-0.215933	0.46026	30.6339
6.35729	-0.215933	0.46026	30.6339
5.96104	-0.202911	0.431782	33.2886
5.58897	-0.185262	0.400971	37.1428
12.8191	-0.435283	1.02978	2.14557
12.5653	-0.414199	1.01645	2.3322
12.5653	-0.414199	1.01645	2.3322
11.9212	-0.386049	0.97744	2.91039
8.26862	-0.336607	0.623506	13.6037
7.5911	-0.295249	0.567292	17.597
7.5911	-0.295249	0.567292	17.597
6.63642	-0.226828	0.480943	28.6793
6.41708	-0.232809	0.472039	26.0842
6.37857	-0.222602	0.462671	30.8251
6.37857	-0.222602	0.462671	30.8251
5.38612	-0.1824	0.38579	40.0037
12.4256	-0.442487	0.9936	2.21063
12.1116	-0.419735	0.978762	2.42493
12.1116	-0.419735	0.978762	2.42493
11.3379	-0.393855	0.931313	3.16137
9.17919	-0.385534	0.699626	9.49602
8.31251	-0.33204	0.627268	13.4286
8.31251	-0.33204	0.627268	13.4286
7.0484	-0.269776	0.526114	20.8464
6.76117	-0.233574	0.490586	28.2532
6.3837	-0.2276	0.463603	31.3424
6.3837	-0.2276	0.463603	31.3424
5.22438	-0.181243	0.373778	43.3967
11.932	-0.457601	0.951367	2.32546
11.6498	-0.428361	0.942046	2.6394
11.6498	-0.428361	0.942046	2.6394
10.7878	-0.398099	0.889053	3.7574
10.0028	-0.425688	0.767285	6.52685
8.9615	-0.362116	0.679527	10.2983
8.9615	-0.362116	0.679527	10.2983
7.66316	-0.301823	0.576284	17.2336
6.83836	-0.237677	0.496558	28.0058
6.38477	-0.23085	0.464029	32.0026
6.38477	-0.23085	0.464029	32.0026
5.11974	-0.18099	0.36605	46.1338
11.6011	-0.465062	0.926519	2.4785
11.418	-0.433878	0.924972	2.76389
11.418	-0.433878	0.924972	2.76389
10.5273	-0.39291	0.870344	4.22619
10.4469	-0.440312	0.800835	5.66262
9.25991	-0.37345	0.702125	9.33424
9.25991	-0.37345	0.702125	9.33424
7.9512	-0.315791	0.598137	16.8283
6.86448	-0.239142	0.49858	27.8206
6.38489	-0.231903	0.464158	32.2376
6.38489	-0.231903	0.464158	32.2376
5.08348	-0.180953	0.363382	47.1074
12.9242	-0.429747	1.04051	2.14606
12.9242	-0.429747	1.04051	2.14606
12.6489	-0.409911	1.0254	2.36774
11.9698	-0.38174	0.983613	3.00939
7.7577	-0.3096	0.580841	17.0994
7.7577	-0.3096	0.580841	17.0994
6.93843	-0.269243	0.514593	23.3798
6.71403	-0.229693	0.487609	27.7859
6.71403	-0.229693	0.487609	27.7859
6.54429	-0.220072	0.475027	28.7895
5.67513	-0.188715	0.409003	37.2951
5.48605	-0.188081	0.3954	38.0627
12.7581	-0.44065	1.02067	2.10085
12.655	-0.430639	1.01604	2.16724
12.2656	-0.407389	0.994797	2.48446
11.4	-0.381535	0.939858	3.33325
8.66424	-0.35837	0.656198	12.1358
8.30999	-0.33499	0.626351	14.0973
7.31296	-0.282907	0.545241	20.767
6.98032	-0.241292	0.508189	25.9553
6.91639	-0.244175	0.504586	26.4252
6.55578	-0.228555	0.477727	28.9516
5.91948	-0.208522	0.432225	32.1848
5.22511	-0.180402	0.375578	41.7536
12.4284	-0.451872	0.988014	2.13658
12.2858	-0.438709	0.984032	2.25122
11.815	-0.409548	0.958876	2.69415
10.773	-0.385276	0.890929	3.98084
9.5769	-0.408212	0.732344	8.33987
8.95348	-0.364582	0.678765	10.8215
7.88595	-0.306688	0.591863	16.3373
7.17026	-0.24974	0.522899	24.9244
7.04599	-0.256142	0.515913	25.7747
6.48795	-0.232616	0.473524	30.3781
6.442	-0.240253	0.47775	26.0747
4.97025	-0.174465	0.356192	46.9649
11.9566	-0.471151	0.945426	2.27842
11.8946	-0.443931	0.951947	2.39112
11.3923	-0.412805	0.926286	2.89554
10.4178	-0.452229	0.802379	5.3717
10.2004	-0.377365	0.847286	5.03611
9.53845	-0.389637	0.725338	8.07014
8.41419	-0.328252	0.633677	12.777
7.2852	-0.254802	0.531803	24.3669
7.11702	-0.263431	0.522252	25.6418
6.99398	-0.269692	0.523059	22.0897
6.43665	-0.234643	0.470057	31.539
4.80111	-0.171449	0.343431	50.9686
11.6939	-0.448959	0.936697	2.4056
11.5468	-0.482845	0.914085	2.4823
11.198	-0.420331	0.912146	3.05434
10.9537	-0.468138	0.843077	4.34848
9.9361	-0.369238	0.828361	5.4667
9.80835	-0.398555	0.74578	7.08512
8.64837	-0.336447	0.651295	11.5184
7.32375	-0.256542	0.534788	24.1487
7.25842	-0.282628	0.543153	21.0788
7.13973	-0.265794	0.524296	25.6752
6.4184	-0.235391	0.468807	32.0923
4.7419	-0.170527	0.338979	52.8182
12.579	-0.446172	1.00214	2.07769
12.579	-0.446172	1.00214	2.07769
11.8798	-0.403797	0.965564	2.76031
10.7844	-0.380256	0.89317	4.04407
9.11361	-0.37919	0.692523	10.665
9.11361	-0.37919	0.692523	10.665
7.33626	-0.261566	0.537505	23.3829
7.33626	-0.261566	0.537505	23.3829
7.18518	-0.28529	0.537226	24.0367
6.80587	-0.229405	0.496817	25.9272
5.59455	-0.189086	0.405306	37.975
5.27096	-0.194999	0.384548	40.0388
12.337	-0.463351	0.975181	2.07923
12.3072	-0.455449	0.976885	2.14146
11.4545	-0.399133	0.933042	3.0351
10.128	-0.371186	0.842408	5.38696
9.93511	-0.427026	0.76086	7.37212
9.60306	-0.400347	0.731302	8.4891
7.62641	-0.273914	0.560389	21.5655
7.61894	-0.281775	0.561719	21.6139
7.50839	-0.286953	0.561121	20.055
6.75206	-0.23778	0.495236	27.5541
5.89638	-0.21262	0.433971	32.8832
5.02317	-0.182392	0.364689	46.231
12.0098	-0.461876	0.951292	2.2112
11.9349	-0.48413	0.93605	2.28143
11.0819	-0.403078	0.90525	3.27854
10.7078	-0.473347	0.826376	4.61473
10.0494	-0.417543	0.765955	6.38716
9.54394	-0.353384	0.798125	6.84933
7.90852	-0.296002	0.591449	15.3964
7.79654	-0.281172	0.57384	20.6205
7.79113	-0.295681	0.576913	20.7527
6.64484	-0.238498	0.487765	29.4387
6.36778	-0.237995	0.47323	27.3114
4.79273	-0.173514	0.346529	51.109
11.8575	-0.469573	0.939129	2.20848
11.4002	-0.497434	0.893641	2.62558
11.3696	-0.492902	0.877829	3.35702
10.9215	-0.408726	0.893807	3.50995
10.2552	-0.423273	0.781379	5.54236
9.27957	-0.345176	0.779238	7.44599
8.08477	-0.30016	0.604388	13.69
7.8527	-0.283575	0.578283	20.3286
7.84804	-0.300458	0.582007	20.5505
6.6047	-0.238304	0.484828	29.9849
6.60393	-0.248974	0.491195	25.9445
4.70947	-0.170787	0.340045	52.31
12.1776	-0.474506	0.957978	2.088
12.1776	-0.474506	0.957978	2.088
11.0755	-0.39598	0.905356	3.40814
10.246	-0.441087	0.784272	6.24018
10.246	-0.441087	0.784272	6.24018
9.45619	-0.350511	0.790757	7.32426
8.04156	-0.301259	0.595925	18.9306
8.04156	-0.301259	0.595925	18.9306
7.28796	-0.280692	0.54456	22.9832
7.02068	-0.234726	0.515029	23.4119
5.55807	-0.18949	0.405141	37.7247
5.23049	-0.20047	0.387069	44.9953
12.0069	-0.486605	0.941805	2.11103
11.9161	-0.498561	0.92908	2.24706
10.8343	-0.48384	0.834682	4.20596
10.7602	-0.399522	0.882712	3.8867
10.4857	-0.448742	0.801097	5.07344
8.86786	-0.331673	0.746438	9.25607
8.33242	-0.323534	0.621819	17.3449
8.2944	-0.313054	0.616555	17.4961
7.49577	-0.269524	0.557111	18.2137
6.9329	-0.24065	0.510597	25.6627
5.84593	-0.209902	0.431516	33.1199
5.05733	-0.184055	0.371217	46.1906
11.9264	-0.49456	0.934775	2.12965
11.678	-0.512358	0.903642	2.64024
11.1849	-0.506534	0.867515	2.99908
10.6306	-0.400088	0.873722	4.20943
10.5848	-0.450597	0.807668	4.53789
8.60393	-0.323146	0.727768	10.1148
8.43703	-0.332193	0.631375	16.8499
8.378	-0.316969	0.623399	17.0499
7.62303	-0.268805	0.565867	16.0845
6.87055	-0.239442	0.506007	26.6313
6.0526	-0.218956	0.447363	30.6095
4.95788	-0.17816	0.36293	46.9392
11.9256	-0.51185	0.927675	2.14446
11.9256	-0.51185	0.927675	2.14446
10.8199	-0.481838	0.829086	4.10129
10.8199	-0.481838	0.829086	4.10129
10.4986	-0.397053	0.864584	4.65802
8.68186	-0.342659	0.651423	15.3328
8.68186	-0.342659	0.651423	15.3328
8.27681	-0.314617	0.702483	12.2156
7.25474	-0.255591	0.53751	20.9427
7.16123	-0.23719	0.527091	22.8126
5.54636	-0.189421	0.406255	36.9456
5.38782	-0.196304	0.399438	39.1556
11.9359	-0.516565	0.928109	2.07879
11.8675	-0.522241	0.919519	2.19382
10.9612	-0.500501	0.841571	3.68362
10.7867	-0.479688	0.823775	4.09981
10.3935	-0.395182	0.857508	5.03089
8.83549	-0.355899	0.665826	14.5383
8.80236	-0.349498	0.66176	14.6694
8.0097	-0.308849	0.684177	13.8603
7.31737	-0.247315	0.5403	20.2394
7.11084	-0.238715	0.52413	23.8733
5.678	-0.197015	0.417521	34.027
5.33632	-0.186331	0.392818	39.2201
11.9313	-0.523656	0.924882	2.0384
11.9313	-0.523656	0.924882	2.0384
10.8547	-0.4938	0.829198	4.05872
10.8547	-0.4938	0.829198	4.05872
10.2987	-0.393404	0.851179	5.45095
8.97816	-0.365005	0.678443	13.7355
8.97816	-0.365005	0.678443	13.7355
7.7378	-0.30352	0.666238	16.3358
7.21006	-0.238168	0.531308	23.0745
7.21006	-0.238168	0.531308	23.0745
5.54432	-0.189426	0.406853	36.2502
5.54432	-0.189426	0.406853	36.2502
12.7448	-0.425981	1.02537	2.17078
12.7448	-0.425981	1.02537	2.17078
12.7448	-0.425981	1.02537	2.17078
11.4211	-0.375925	0.943707	3.4367
7.89515	-0.319711	0.593081	17.035
7.89515	-0.319711	0.593081	17.035
7.89515	-0.319711	0.593081	17.035
6.91066	-0.234002	0.502943	26.0559
6.91066	-0.234002	0.502943	26.0559
6.91066	-0.234002	0.502943	26.0559
5.21847	-0.173954	0.374476	42.4724
5.21847	-0.173954	0.374476	42.4724
12.6665	-0.442451	1.01112	2.07687
12.4651	-0.426349	1.002	2.23236
12.4651	-0.426349	1.002	2.23236
10.7718	-0.379648	0.894114	4.11521
8.87611	-0.371436	0.673951	11.9587
8.19504	-0.331447	0.617451	16.032
8.19504	-0.331447	0.617451	16.032
7.21002	-0.245505	0.525767	24.1943
7.09152	-0.244632	0.518149	24.7476
7.09152	-0.244632	0.518149	24.7476
5.33353	-0.184055	0.386566	40.2644
4.78995	-0.162057	0.342189	48.3362
12.4127	-0.457544	0.982947	2.08971
12.1238	-0.428182	0.974049	2.38595
12.1238	-0.428182	0.974049	2.38595
10.0763	-0.369698	0.839911	5.63702
9.81579	-0.424575	0.752383	7.87228
8.62903	-0.344466	0.651296	12.8748
8.62903	-0.344466	0.651296	12.8748
7.4314	-0.253829	0.542645	23.054
7.18953	-0.257609	0.527662	24.629
7.18953	-0.257609	0.527662	24.629
5.74564	-0.21032	0.423336	33.6381
4.43178	-0.153741	0.31528	55.6464
11.9881	-0.481068	0.94148	2.24758
11.8035	-0.430558	0.948858	2.47948
11.8035	-0.430558	0.948858	2.47948
10.6673	-0.474636	0.824997	4.6898
9.45088	-0.350065	0.79208	7.21198
9.04207	-0.356146	0.682774	9.81152
9.04207	-0.356146	0.682774	9.81152
7.56722	-0.258876	0.552994	22.4651
7.23037	-0.266337	0.532209	24.9067
7.23037	-0.266337	0.532209	24.9067
6.25065	-0.238501	0.465303	28.1812
4.19029	-0.148839	0.297171	62.108
11.6595	-0.435286	0.938086	2.46859
11.6595	-0.435286	0.938086	2.46859
11.4453	-0.49593	0.885001	3.30866
11.3548	-0.496152	0.892022	2.68254
9.22288	-0.36022	0.696103	8.61375
9.22288	-0.36022	0.696103	8.61375
9.16334	-0.340309	0.771391	7.78868
7.61299	-0.26056	0.55648	22.2514
7.2413	-0.26934	0.53353	25.0615
7.2413	-0.26934	0.53353	25.0615
6.50693	-0.251747	0.484841	27.3673
4.10454	-0.14724	0.290747	65.7473
12.4961	-0.446113	0.99543	2.1013
12.4961	-0.446113	0.99543	2.1013
12.2065	-0.423306	0.982187	2.391
10.0541	-0.369423	0.839272	5.81935
9.11312	-0.380867	0.692588	11.4657
9.11312	-0.380867	0.692588	11.4657
8.18771	-0.332275	0.617122	17.3029
7.48993	-0.25802	0.548535	22.2256
7.48993	-0.25802	0.548535	22.2256
7.30018	-0.245906	0.53426	22.7763
4.92587	-0.166982	0.354971	48.4767
4.58536	-0.160852	0.329585	51.3061
12.3599	-0.463089	0.975648	2.05577
12.281	-0.447731	0.976846	2.17503
11.9192	-0.418581	0.960201	2.53993
9.97505	-0.431718	0.764321	7.51264
9.36867	-0.385141	0.711059	9.71716
9.3024	-0.345973	0.780501	8.22257
8.3499	-0.329007	0.628039	15.1411
7.77122	-0.267697	0.57007	20.7415
7.73978	-0.27697	0.570347	20.755
7.41169	-0.255273	0.544548	22.417
5.11173	-0.182439	0.373728	44.0579
4.21594	-0.149767	0.302028	59.9284
12.0851	-0.452093	0.960844	2.17584
12.0819	-0.489969	0.944783	2.14305
11.6749	-0.42187	0.941973	2.61847
10.7053	-0.480718	0.82739	4.57349
9.59328	-0.385618	0.726251	7.6597
8.63423	-0.322996	0.729061	10.3369
8.58042	-0.325097	0.643459	11.738
7.94018	-0.273529	0.583013	19.9394
7.90285	-0.294058	0.585572	20.0728
7.42901	-0.26519	0.547802	23.1147
5.54167	-0.207551	0.410249	36.4292
3.90653	-0.140429	0.278492	69.9153
12.0016	-0.454998	0.95432	2.14308
11.8498	-0.51505	0.919584	2.5057
11.5743	-0.428284	0.934697	2.61781
11.0908	-0.503612	0.86348	3.13947
9.68839	-0.385163	0.732447	6.82801
8.68695	-0.323409	0.650582	10.3539
8.32711	-0.311029	0.706808	11.0284
7.99664	-0.275441	0.587337	19.685
7.95815	-0.300769	0.590942	19.8983
7.42628	-0.268637	0.548261	23.408
5.78196	-0.220113	0.428651	34.9402
3.7927	-0.137313	0.269843	73.7137
12.2963	-0.468462	0.968735	2.01068
12.2963	-0.468462	0.968735	2.01068
11.7051	-0.41564	0.945307	2.69843
10.0449	-0.427529	0.766894	6.91191
10.0449	-0.427529	0.766894	6.91191
8.50474	-0.318871	0.71776	11.4985
8.18808	-0.316679	0.613839	15.9183
8.12378	-0.29065	0.600311	18.4949
8.12378	-0.29065	0.600311	18.4949
7.60454	-0.252851	0.559057	20.384
4.71956	-0.162818	0.342446	51.8634
4.22558	-0.158765	0.308981	62.6561
12.2476	-0.477333	0.964205	1.94328
12.2132	-0.498568	0.954147	1.94752
11.5339	-0.421308	0.933488	2.82615
10.5638	-0.46772	0.81139	4.93081
10.0443	-0.418129	0.762563	6.21038
8.40494	-0.315499	0.625982	16.93
8.3494	-0.298764	0.617968	17.3505
8.20643	-0.299639	0.611723	14.1838
7.79778	-0.295045	0.662949	14.7613
7.64881	-0.260522	0.564145	20.7034
4.93868	-0.179124	0.363211	46.8731
4.00949	-0.147499	0.29221	68.5797
12.2298	-0.482548	0.962701	1.90472
12.15	-0.517481	0.945345	1.98701
11.4668	-0.427748	0.928928	2.86446
10.7756	-0.488576	0.830375	4.16797
10.0306	-0.413049	0.759182	5.95398
8.51654	-0.327269	0.636686	16.3773
8.42384	-0.301421	0.623797	17.0192
8.25104	-0.292755	0.613475	13.102
7.63531	-0.264553	0.563977	21.157
7.46903	-0.284654	0.639089	16.1126
5.15528	-0.190285	0.380076	42.9172
3.88757	-0.141635	0.282492	71.2899
12.318	-0.502197	0.96265	1.78201
12.318	-0.502197	0.96265	1.78201
11.4201	-0.426916	0.926444	3.0543
10.3527	-0.447054	0.788182	5.54482
10.3527	-0.447054	0.788182	5.54482
8.71101	-0.328937	0.650868	15.2294
8.71101	-0.328937	0.650868	15.2294
7.98615	-0.280182	0.592585	16.8799
7.79783	-0.255978	0.574958	19.581
7.04656	-0.272346	0.60473	19.7098
4.5987	-0.160453	0.335815	52.7718
4.30023	-0.160516	0.319334	58.9328
12.3567	-0.50326	0.965902	1.72551
12.3346	-0.509166	0.961215	1.73519
11.3757	-0.430449	0.923696	3.15444
10.4647	-0.458196	0.79772	5.41354
10.2398	-0.434496	0.775522	6.08287
8.87306	-0.34564	0.666545	14.3274
8.81331	-0.333491	0.659224	14.7041
7.96432	-0.267428	0.589007	17.6822
7.80078	-0.259415	0.575956	19.8357
6.68351	-0.261997	0.579094	23.6037
4.71801	-0.167539	0.34614	48.7169
4.27806	-0.153868	0.315385	58.6456
12.3969	-0.504	0.96657	1.66727
12.3969	-0.504	0.96657	1.66727
11.3396	-0.431607	0.921596	3.28436
10.3101	-0.440504	0.781024	6.3148
10.3101	-0.440504	0.781024	6.3148
8.99594	-0.352316	0.676986	13.6502
8.99594	-0.352316	0.676986	13.6502
7.86405	-0.257115	0.580435	19.6349
7.86405	-0.257115	0.580435	19.6349
6.28536	-0.253495	0.552952	29.8335
4.55911	-0.159871	0.333791	50.4055
4.55911	-0.159871	0.333791	50.4055
12.3748	-0.443722	0.985844	2.15624
12.3748	-0.443722	0.985844	2.15624
12.3748	-0.443722	0.985844	2.15624
9.24345	-0.344525	0.776638	8.75199
9.11867	-0.378683	0.692171	11.7856
9.11867	-0.378683	0.692171	11.7856
9.11867	-0.378683	0.692171	11.7856
7.69886	-0.258957	0.564474	20.7175
7.69886	-0.258957	0.564474	20.7175
7.69886	-0.258957	0.564474	20.7175
4.26613	-0.145938	0.305398	59.5814
4.26613	-0.145938	0.305398	59.5814
12.3944	-0.462415	0.977975	1.99596
12.2423	-0.442809	0.975714	2.18635
12.2423	-0.442809	0.975714	2.18635
9.91708	-0.424112	0.758023	7.72637
9.13556	-0.369139	0.690791	10.8086
9.13556	-0.369139	0.690791	10.8086
8.40771	-0.316822	0.710436	12.5159
7.99111	-0.268245	0.586621	19.4364
7.90474	-0.269512	0.581849	19.5473
7.90474	-0.269512	0.581849	19.5473
4.36471	-0.154406	0.316807	60.9386
3.67828	-0.128258	0.261227	72.2093
12.3101	-0.488667	0.963156	1.9048
12.1364	-0.445336	0.967925	2.15597
12.1364	-0.445336	0.967925	2.15597
10.5046	-0.465307	0.80831	5.19098
9.15956	-0.355671	0.688818	9.32192
9.15956	-0.355671	0.688818	9.32192
8.16945	-0.273873	0.600128	18.7381
8.05103	-0.286293	0.595855	18.9184
8.05103	-0.286293	0.595855	18.9184
7.66522	-0.290303	0.652268	15.6853
4.72998	-0.176371	0.348556	51.5876
3.25359	-0.116099	0.229243	87.8053
12.2452	-0.515066	0.954135	1.90736
12.0953	-0.445561	0.964999	2.14029
12.0953	-0.445561	0.964999	2.14029
10.7392	-0.486241	0.829267	4.27151
9.17188	-0.34915	0.687828	8.65598
9.17188	-0.34915	0.687828	8.65598
8.22939	-0.275666	0.604666	18.5131
8.10297	-0.294877	0.601319	18.7544
8.10297	-0.294877	0.601319	18.7544
7.31809	-0.278038	0.62667	17.1162
4.96584	-0.189112	0.366735	47.5217
3.09519	-0.111779	0.217281	95.257
12.4329	-0.465774	0.981409	1.90557
12.4329	-0.465774	0.981409	1.90557
12.1983	-0.441596	0.973975	2.18446
9.7798	-0.406646	0.743301	7.71621
9.7798	-0.406646	0.743301	7.71621
8.93724	-0.350176	0.672439	11.4267
8.2514	-0.279983	0.608217	17.9136
8.2514	-0.279983	0.608217	17.9136
8.07163	-0.267007	0.594317	18.4931
7.49594	-0.285876	0.637153	17.9422
3.85285	-0.13448	0.277807	75.0512
3.41707	-0.123497	0.245374	83.3905
12.5182	-0.482615	0.981028	1.68818
12.4629	-0.468072	0.984385	1.80002
12.1624	-0.444013	0.972461	2.17844
10.2105	-0.436576	0.779418	6.09616
9.61369	-0.384935	0.725038	8.16069
8.80236	-0.327132	0.65791	11.9529
8.49359	-0.30145	0.630299	16.4892
8.45876	-0.286377	0.624012	17.0468
8.1971	-0.276091	0.605535	17.8928
6.68105	-0.2581	0.572139	22.891
4.01118	-0.146739	0.293818	69.2647
3.03206	-0.110583	0.217091	101.529
12.5391	-0.492452	0.979903	1.59051
12.4741	-0.46626	0.985552	1.75664
12.1485	-0.44537	0.971863	2.17461
10.3639	-0.448605	0.792585	5.6593
9.52697	-0.370759	0.715116	8.61492
8.75374	-0.313106	0.65164	12.3859
8.606	-0.315659	0.641436	15.8263
8.5279	-0.28848	0.62928	16.7936
8.2445	-0.285341	0.610744	17.6338
6.28855	-0.243893	0.542754	25.3964
4.23187	-0.158639	0.31115	62.0852
2.85071	-0.104067	0.203331	112.254
12.6561	-0.47434	0.993122	1.54304
12.6561	-0.47434	0.993122	1.54304
12.1717	-0.448973	0.974872	2.19194
9.90551	-0.404253	0.74878	7.68625
9.90551	-0.404253	0.74878	7.68625
8.75637	-0.310562	0.650825	15.2489
8.75637	-0.310562	0.650825	15.2489
8.56534	-0.300527	0.636695	14.6502
8.30489	-0.271077	0.613144	17.4745
5.78128	-0.228176	0.499359	33.2958
3.58588	-0.127713	0.260882	81.8582
3.17506	-0.120115	0.235108	98.5002
12.7198	-0.471007	0.995804	1.45946
12.7038	-0.470957	0.997348	1.48707
12.1734	-0.451789	0.975622	2.18297
10.0063	-0.41057	0.757089	7.50938
9.74348	-0.380817	0.731756	8.96255
8.91565	-0.329239	0.666485	14.2127
8.84337	-0.313592	0.657627	14.8696
8.47981	-0.283276	0.62788	15.9711
8.34692	-0.276209	0.617259	17.2398
5.31722	-0.212833	0.464853	40.7367
3.69529	-0.134664	0.27052	74.6133
3.1364	-0.115488	0.231378	100.159
12.7808	-0.464879	1.00117	1.4235
12.7808	-0.464879	1.00117	1.4235
12.1803	-0.455252	0.976812	2.16807
9.81623	-0.383634	0.737346	9.04988
9.81623	-0.383634	0.737346	9.04988
9.02018	-0.333973	0.675008	13.7009
9.02018	-0.333973	0.675008	13.7009
8.38425	-0.27242	0.619578	17.2826
8.38425	-0.27242	0.619578	17.2826
4.76176	-0.197222	0.427303	55.735
3.49322	-0.12578	0.255206	81.1189
3.49322	-0.12578	0.255206	81.1189
12.5497	-0.464733	0.992519	1.7784
12.5497	-0.464733	0.992519	1.7784
12.5497	-0.464733	0.992519	1.7784
9.50038	-0.380608	0.71742	8.87474
9.50038	-0.380608	0.71742	8.87474
9.50038	-0.380608	0.71742	8.87474
8.41223	-0.27715	0.620034	17.2233
8.41223	-0.27715	0.620034	17.2233
8.41223	-0.27715	0.620034	17.2233
6.47774	-0.251633	0.553603	25.964
3.02032	-0.106846	0.215695	101.531
3.02032	-0.106846	0.215695	101.531
12.759	-0.462147	1.00258	1.51056
12.6262	-0.458469	0.99993	1.68938
12.6262	-0.458469	0.99993	1.68938
9.85041	-0.401752	0.74594	7.66688
9.24938	-0.348454	0.692958	10.8177
9.24938	-0.348454	0.692958	10.8177
8.6194	-0.283276	0.635673	16.4633
8.58491	-0.287492	0.634954	16.2811
8.58491	-0.287492	0.634954	16.2811
5.55774	-0.219584	0.478226	35.6435
3.13151	-0.114701	0.228159	103.001
2.34844	-0.0844706	0.165273	137.63
12.8283	-0.450017	1.00572	1.40705
12.6526	-0.455932	1.00252	1.66969
12.6526	-0.455932	1.00252	1.66969
9.96925	-0.408781	0.755742	7.2909
9.12041	-0.326181	0.679495	12.1285
9.12041	-0.326181	0.679495	12.1285
8.68893	-0.285338	0.64092	16.2203
8.68665	-0.301096	0.645057	15.5226
8.68665	-0.301096	0.645057	15.5226
5.09372	-0.202416	0.442448	41.5739
3.35183	-0.126188	0.245713	92.2216
2.06952	-0.0750813	0.144146	160.065
12.9105	-0.439914	1.01625	1.39962
12.9105	-0.439914	1.01625	1.39962
12.7271	-0.4527	1.00967	1.6253
9.52509	-0.361603	0.714795	10.1389
9.52509	-0.361603	0.714795	10.1389
8.98446	-0.315705	0.668872	13.2964
8.81687	-0.294451	0.652578	15.3963
8.81687	-0.294451	0.652578	15.3963
8.6736	-0.282148	0.640926	16.1108
4.51802	-0.182183	0.390968	55.9356
2.54438	-0.0920636	0.184047	137.75
2.1404	-0.0799262	0.155366	169.959
13.0063	-0.418911	1.02166	1.33162
12.962	-0.428463	1.02092	1.36896
12.7612	-0.451739	1.01297	1.60272
9.61813	-0.36609	0.722206	9.89249
9.34347	-0.333758	0.696441	11.8458
8.9546	-0.311005	0.666005	14.3663
8.89416	-0.296776	0.658453	15.0999
8.85474	-0.294992	0.656172	14.7699
8.74234	-0.288793	0.647287	15.6251
3.94491	-0.160887	0.345858	72.6357
2.65111	-0.0985458	0.193712	128.432
1.96928	-0.0732426	0.143395	190.582
13.0663	-0.408024	1.02705	1.30182
13.0663	-0.408024	1.02705	1.30182
12.7976	-0.451064	1.01651	1.57209
9.41833	-0.336286	0.702129	11.735
9.41833	-0.336286	0.702129	11.735
9.04435	-0.31437	0.673047	13.9962
9.04435	-0.31437	0.673047	13.9962
8.76218	-0.283955	0.648037	15.7642
8.76218	-0.283955	0.648037	15.7642
3.19392	-0.13577	0.291264	110.302
2.36467	-0.0868767	0.172456	153.732
2.36467	-0.0868767	0.172456	153.732
13.0677	-0.408926	1.03064	1.3422
13.0677	-0.408926	1.03064	1.3422
13.0677	-0.408926	1.03064	1.3422
9.23811	-0.325195	0.688439	12.5072
9.23811	-0.325195	0.688439	12.5072
9.23811	-0.325195	0.688439	12.5072
8.89749	-0.288933	0.657797	15.3307
8.89749	-0.288933	0.657797	15.3307
8.89749	-0.288933	0.657797	15.3307
3.33083	-0.13657	0.288289	96.0842
1.56484	-0.0571955	0.111556	247.397
1.56484	-0.0571955	0.111556	247.397
13.1825	-0.376103	1.03764	1.29575
13.1209	-0.397966	1.03551	1.32978
13.1209	-0.397966	1.03551	1.32978
9.32302	-0.328405	0.695005	12.2472
9.08243	-0.302299	0.673355	14.0621
9.08243	-0.302299	0.673355	14.0621
8.9818	-0.296641	0.665512	14.732
8.9818	-0.296641	0.665512	14.732
8.97257	-0.291205	0.663454	15.056
2.61159	-0.108197	0.229013	144.787
1.68845	-0.0633461	0.123165	240.055
1.03619	-0.0379198	0.071784	402.814
13.242	-0.359015	1.04304	1.29411
13.242	-0.359015	1.04304	1.29411
13.1745	-0.388032	1.04045	1.31712
9.15878	-0.304735	0.679118	13.8163
9.15878	-0.304735	0.679118	13.8163
9.062	-0.299278	0.671621	14.4238
9.062	-0.299278	0.671621	14.4238
8.99155	-0.291182	0.66531	14.9345
8.99155	-0.291182	0.66531	14.9345
1.60203	-0.0693739	0.147642	292.797
1.19324	-0.0445413	0.0869235	383.311
1.19324	-0.0445413	0.0869235	383.311
13.3012	-0.342631	1.04845	1.30714
13.3012	-0.342631	1.04845	1.30714
13.3012	-0.342631	1.04845	1.30714
9.06845	-0.29361	0.6711	14.6378
9.06845	-0.29361	0.6711	14.6378
9.06845	-0.29361	0.6711	14.6378
9.06845	-0.29361	0.6711	14.6378
9.06845	-0.29361	0.6711	14.6378
9.06845	-0.29361	0.6711	14.6378
0	0	0	0
0	0	0	0
0	0	0	0
