1008 Out of 20736 QH, Third, Fourth Freq in rad/ps and Lifetimes in ps for a 12x12x12 Ar Lattice at 10K. (atoms/UC=4)
13.3026	-0.441622	1.0371	2.58758
13.3026	-0.441622	1.0371	2.58758
13.3026	-0.441622	1.0371	2.58758
13.3026	-0.441622	1.0371	2.58758
6.01832	-0.182028	0.417493	107.933
6.01832	-0.182028	0.417493	107.933
6.01832	-0.182028	0.417493	107.933
6.01832	-0.182028	0.417493	107.933
6.01832	-0.182028	0.417493	107.933
6.01832	-0.182028	0.417493	107.933
6.01832	-0.182028	0.417493	107.933
6.01832	-0.182028	0.417493	107.933
13.222	-0.440088	1.03059	2.76569
13.222	-0.440088	1.03059	2.76569
13.222	-0.440088	1.03059	2.76569
13.222	-0.440088	1.03059	2.76569
6.2016	-0.196862	0.433243	126.825
6.2016	-0.196862	0.433243	126.825
6.2016	-0.196862	0.433243	126.825
6.2016	-0.196862	0.433243	126.825
6.01789	-0.185025	0.417706	124.598
6.01789	-0.185025	0.417706	124.598
6.01789	-0.185025	0.417706	124.598
6.01789	-0.185025	0.417706	124.598
12.9844	-0.430571	1.01111	2.79501
12.9844	-0.430571	1.01111	2.79501
12.9844	-0.430571	1.01111	2.79501
12.9844	-0.430571	1.01111	2.79501
6.70524	-0.229535	0.475809	110.549
6.70524	-0.229535	0.475809	110.549
6.70524	-0.229535	0.475809	110.549
6.70524	-0.229535	0.475809	110.549
6.01671	-0.186865	0.4179	99.0019
6.01671	-0.186865	0.4179	99.0019
6.01671	-0.186865	0.4179	99.0019
6.01671	-0.186865	0.4179	99.0019
12.6048	-0.414713	0.980095	2.75728
12.6048	-0.414713	0.980095	2.75728
12.6048	-0.414713	0.980095	2.75728
12.6048	-0.414713	0.980095	2.75728
7.41959	-0.273414	0.535504	38.4186
7.41959	-0.273414	0.535504	38.4186
7.41959	-0.273414	0.535504	38.4186
7.41959	-0.273414	0.535504	38.4186
6.01511	-0.191694	0.418307	119.553
6.01511	-0.191694	0.418307	119.553
6.01511	-0.191694	0.418307	119.553
6.01511	-0.191694	0.418307	119.553
12.1168	-0.4149	0.942275	2.76341
12.1168	-0.4149	0.942275	2.76341
12.1168	-0.4149	0.942275	2.76341
12.1168	-0.4149	0.942275	2.76341
8.21517	-0.321747	0.601072	31.1338
8.21517	-0.321747	0.601072	31.1338
8.21517	-0.321747	0.601072	31.1338
8.21517	-0.321747	0.601072	31.1338
6.0135	-0.195206	0.418634	110.829
6.0135	-0.195206	0.418634	110.829
6.0135	-0.195206	0.418634	110.829
6.0135	-0.195206	0.418634	110.829
11.6086	-0.43506	0.905948	3.07438
11.6086	-0.43506	0.905948	3.07438
11.6086	-0.43506	0.905948	3.07438
11.6086	-0.43506	0.905948	3.07438
8.93418	-0.354059	0.657702	26.3922
8.93418	-0.354059	0.657702	26.3922
8.93418	-0.354059	0.657702	26.3922
8.93418	-0.354059	0.657702	26.3922
6.01233	-0.197327	0.418844	117.508
6.01233	-0.197327	0.418844	117.508
6.01233	-0.197327	0.418844	117.508
6.01233	-0.197327	0.418844	117.508
11.3439	-0.445829	0.888614	3.41607
11.3439	-0.445829	0.888614	3.41607
11.3439	-0.445829	0.888614	3.41607
11.3439	-0.445829	0.888614	3.41607
9.2734	-0.360762	0.682143	19.6199
9.2734	-0.360762	0.682143	19.6199
9.2734	-0.360762	0.682143	19.6199
9.2734	-0.360762	0.682143	19.6199
6.0119	-0.198038	0.418917	113.337
6.0119	-0.198038	0.418917	113.337
6.0119	-0.198038	0.418917	113.337
6.0119	-0.198038	0.418917	113.337
13.2224	-0.443349	1.02884	2.72903
13.2224	-0.443349	1.02884	2.72903
13.0628	-0.41927	1.0185	2.78841
13.0628	-0.41927	1.0185	2.78841
6.51811	-0.216948	0.459755	101.245
6.51811	-0.216948	0.459755	101.245
6.18019	-0.191509	0.429936	113.803
6.18019	-0.191509	0.429936	113.803
6.04739	-0.187654	0.420417	104.8
6.04739	-0.187654	0.420417	104.8
6.03905	-0.191932	0.42125	119.269
6.03905	-0.191932	0.42125	119.269
13.0633	-0.435883	1.01383	2.67986
13.0633	-0.435883	1.01383	2.67986
12.7541	-0.410514	0.995263	2.90816
12.7541	-0.410514	0.995263	2.90816
7.12638	-0.255614	0.510373	112.768
7.12638	-0.255614	0.510373	112.768
6.38296	-0.212811	0.450119	99.3919
6.38296	-0.212811	0.450119	99.3919
6.31279	-0.200382	0.440306	100.056
6.31279	-0.200382	0.440306	100.056
5.91888	-0.186559	0.411745	105.373
5.91888	-0.186559	0.411745	105.373
12.7539	-0.435717	0.987768	2.64165
12.7539	-0.435717	0.987768	2.64165
12.3164	-0.394982	0.961277	3.23712
12.3164	-0.394982	0.961277	3.23712
7.91355	-0.298248	0.575026	57.3872
7.91355	-0.298248	0.575026	57.3872
6.97068	-0.246771	0.499584	69.2045
6.97068	-0.246771	0.499584	69.2045
6.40983	-0.207237	0.447994	126.897
6.40983	-0.207237	0.447994	126.897
5.81485	-0.18687	0.404488	145.324
5.81485	-0.18687	0.404488	145.324
12.3193	-0.435901	0.952677	2.6644
12.3193	-0.435901	0.952677	2.6644
11.7911	-0.404167	0.922452	3.1322
11.7911	-0.404167	0.922452	3.1322
8.75201	-0.3385	0.643002	27.4918
8.75201	-0.3385	0.643002	27.4918
7.6773	-0.287144	0.55789	70.4128
7.6773	-0.287144	0.55789	70.4128
6.47981	-0.212856	0.453611	114.421
6.47981	-0.212856	0.453611	114.421
5.73466	-0.188461	0.399083	113.33
5.73466	-0.188461	0.399083	113.33
11.8322	-0.45481	0.91675	2.90473
11.8322	-0.45481	0.91675	2.90473
11.2772	-0.416429	0.886014	3.51761
11.2772	-0.416429	0.886014	3.51761
9.50457	-0.390535	0.70353	17.4556
9.50457	-0.390535	0.70353	17.4556
8.32965	-0.318137	0.609295	34.2328
8.32965	-0.318137	0.609295	34.2328
6.52256	-0.215962	0.457037	103.712
6.52256	-0.215962	0.457037	103.712
5.6838	-0.189259	0.395684	103.93
5.6838	-0.189259	0.395684	103.93
11.5568	-0.45124	0.897384	3.03868
11.5568	-0.45124	0.897384	3.03868
11.0266	-0.420342	0.869341	4.6781
11.0266	-0.420342	0.869341	4.6781
9.87224	-0.39439	0.729783	11.5641
9.87224	-0.39439	0.729783	11.5641
8.63124	-0.333854	0.631691	31.5547
8.63124	-0.333854	0.631691	31.5547
6.53697	-0.217018	0.458192	108.778
6.53697	-0.217018	0.458192	108.778
5.66634	-0.189088	0.394498	135.632
5.66634	-0.189088	0.394498	135.632
12.9857	-0.443061	1.00445	2.54806
12.9857	-0.443061	1.00445	2.54806
12.3861	-0.389783	0.968153	2.9831
12.3861	-0.389783	0.968153	2.9831
7.72154	-0.291892	0.559218	103.584
7.72154	-0.291892	0.559218	103.584
6.6303	-0.214865	0.464673	117.666
6.6303	-0.214865	0.464673	117.666
6.12582	-0.192528	0.427699	120.683
6.12582	-0.192528	0.427699	120.683
6.09676	-0.209888	0.430807	120.818
6.09676	-0.209888	0.430807	120.818
12.7553	-0.445691	0.983141	2.60809
12.7553	-0.445691	0.983141	2.60809
11.9055	-0.381969	0.932734	3.24767
11.9055	-0.381969	0.932734	3.24767
8.47401	-0.329207	0.620021	29.5301
8.47401	-0.329207	0.620021	29.5301
6.87144	-0.227308	0.483533	91.8606
6.87144	-0.227308	0.483533	91.8606
6.56248	-0.227134	0.467455	47.3516
6.56248	-0.227134	0.467455	47.3516
5.88253	-0.195746	0.412426	109.579
5.88253	-0.195746	0.412426	109.579
12.3887	-0.451284	0.952255	2.51931
12.3887	-0.451284	0.952255	2.51931
11.3599	-0.38665	0.893121	3.43774
11.3599	-0.38665	0.893121	3.43774
9.28033	-0.372801	0.685217	31.5352
9.28033	-0.372801	0.685217	31.5352
7.15824	-0.257821	0.516538	60.5136
7.15824	-0.257821	0.516538	60.5136
7.03491	-0.237118	0.496507	103.817
7.03491	-0.237118	0.496507	103.817
5.70632	-0.19062	0.39942	122.048
5.70632	-0.19062	0.39942	122.048
11.9406	-0.469973	0.917934	2.83356
11.9406	-0.469973	0.917934	2.83356
10.854	-0.404843	0.858349	4.12057
10.854	-0.404843	0.858349	4.12057
10.0168	-0.409453	0.743628	11.5008
10.0168	-0.409453	0.743628	11.5008
7.72513	-0.284562	0.561078	43.9557
7.72513	-0.284562	0.561078	43.9557
7.13056	-0.242861	0.50412	94.1045
7.13056	-0.242861	0.50412	94.1045
5.59397	-0.189052	0.39133	118.473
5.59397	-0.189052	0.39133	118.473
11.6594	-0.47962	0.898584	2.7073
11.6594	-0.47962	0.898584	2.7073
10.6201	-0.397265	0.842111	5.84652
10.6201	-0.397265	0.842111	5.84652
10.3979	-0.426192	0.771815	10.3513
10.3979	-0.426192	0.771815	10.3513
7.98458	-0.298149	0.580334	25.7245
7.98458	-0.298149	0.580334	25.7245
7.16218	-0.244243	0.506606	97.2351
7.16218	-0.244243	0.506606	97.2351
5.55528	-0.188812	0.38858	111.696
5.55528	-0.188812	0.38858	111.696
12.6083	-0.452558	0.967134	2.54257
12.6083	-0.452558	0.967134	2.54257
11.4007	-0.393258	0.897898	3.77839
11.4007	-0.393258	0.897898	3.77839
9.1145	-0.363992	0.671249	23.2973
9.1145	-0.363992	0.671249	23.2973
7.27994	-0.247789	0.515708	83.8889
7.27994	-0.247789	0.515708	83.8889
6.23063	-0.199789	0.437553	85.2094
6.23063	-0.199789	0.437553	85.2094
6.18115	-0.224775	0.442684	64.22
6.18115	-0.224775	0.442684	64.22
12.3228	-0.466753	0.941729	2.41015
12.3228	-0.466753	0.941729	2.41015
10.8527	-0.383286	0.857981	4.52014
10.8527	-0.383286	0.857981	4.52014
9.80304	-0.404873	0.726621	18.747
9.80304	-0.404873	0.726621	18.747
7.57531	-0.263902	0.53942	92.1665
7.57531	-0.263902	0.53942	92.1665
6.68912	-0.230282	0.47915	65.675
6.68912	-0.230282	0.47915	65.675
5.92362	-0.202733	0.418969	91.5742
5.92362	-0.202733	0.418969	91.5742
11.9353	-0.485381	0.910542	2.646
11.9353	-0.485381	0.910542	2.646
10.457	-0.441004	0.778848	9.43066
10.457	-0.441004	0.778848	9.43066
10.3666	-0.385706	0.824136	6.07769
10.3666	-0.385706	0.824136	6.07769
7.74871	-0.273837	0.553501	93.3612
7.74871	-0.273837	0.553501	93.3612
7.16512	-0.249225	0.516155	59.2694
7.16512	-0.249225	0.516155	59.2694
5.74209	-0.193947	0.40499	98.899
5.74209	-0.193947	0.40499	98.899
11.6573	-0.516625	0.892085	2.7676
11.6573	-0.516625	0.892085	2.7676
10.8281	-0.460844	0.806827	7.81345
10.8281	-0.460844	0.806827	7.81345
10.151	-0.373053	0.808911	6.71486
10.151	-0.373053	0.808911	6.71486
7.80559	-0.277155	0.55814	87.0899
7.80559	-0.277155	0.55814	87.0899
7.38259	-0.261936	0.532277	30.9472
7.38259	-0.261936	0.532277	30.9472
5.67904	-0.191214	0.400191	94.6319
5.67904	-0.191214	0.400191	94.6319
12.1284	-0.491299	0.922744	2.43166
12.1284	-0.491299	0.922744	2.43166
10.3236	-0.446644	0.768525	12.4529
10.3236	-0.446644	0.768525	12.4529
10.3204	-0.373062	0.819965	6.45185
10.3204	-0.373062	0.819965	6.45185
8.01312	-0.288158	0.575171	94.0329
8.01312	-0.288158	0.575171	94.0329
6.33289	-0.203833	0.447055	57.6438
6.33289	-0.203833	0.447055	57.6438
6.28177	-0.227466	0.452451	110.556
6.28177	-0.227466	0.452451	110.556
11.8285	-0.511707	0.896953	2.73055
11.8285	-0.511707	0.896953	2.73055
10.8234	-0.481666	0.808811	7.15066
10.8234	-0.481666	0.808811	7.15066
9.86353	-0.359472	0.787663	8.81157
9.86353	-0.359472	0.787663	8.81157
8.29135	-0.304617	0.5984	85.5533
8.29135	-0.304617	0.5984	85.5533
6.70311	-0.223964	0.479321	69.7817
6.70311	-0.223964	0.479321	69.7817
6.05589	-0.201752	0.430198	92.4311
6.05589	-0.201752	0.430198	92.4311
11.5737	-0.531864	0.878271	3.17986
11.5737	-0.531864	0.878271	3.17986
11.1463	-0.499835	0.833672	5.08665
11.1463	-0.499835	0.833672	5.08665
9.66685	-0.351933	0.774291	9.93565
9.66685	-0.351933	0.774291	9.93565
8.38579	-0.309869	0.606345	88.2877
8.38579	-0.309869	0.606345	88.2877
6.88392	-0.230907	0.492332	39.0911
6.88392	-0.230907	0.492332	39.0911
5.9684	-0.195548	0.423145	82.1944
5.9684	-0.195548	0.423145	82.1944
11.6451	-0.532255	0.878849	2.99023
11.6451	-0.532255	0.878849	2.99023
11.1271	-0.52116	0.834008	6.09925
11.1271	-0.52116	0.834008	6.09925
9.43908	-0.348498	0.758362	12.6675
9.43908	-0.348498	0.758362	12.6675
8.67171	-0.328022	0.631005	81.3661
8.67171	-0.328022	0.631005	81.3661
6.40619	-0.201349	0.453589	61.0479
6.40619	-0.201349	0.453589	61.0479
6.38265	-0.214634	0.456376	53.3919
6.38265	-0.214634	0.456376	53.3919
11.462	-0.554999	0.86439	3.69631
11.462	-0.554999	0.86439	3.69631
11.3416	-0.546661	0.851708	4.44276
11.3416	-0.546661	0.851708	4.44276
9.25921	-0.34072	0.746351	13.9535
9.25921	-0.34072	0.746351	13.9535
8.81035	-0.337951	0.643255	87.6393
8.81035	-0.337951	0.643255	87.6393
6.55049	-0.210387	0.465599	29.5569
6.55049	-0.210387	0.465599	29.5569
6.2857	-0.200196	0.446227	98.8987
6.2857	-0.200196	0.446227	98.8987
11.4073	-0.57868	0.858889	4.7767
11.4073	-0.57868	0.858889	4.7767
11.4073	-0.57868	0.858889	4.7767
11.4073	-0.57868	0.858889	4.7767
9.08701	-0.330974	0.73482	18.9903
9.08701	-0.330974	0.73482	18.9903
8.97164	-0.349967	0.657815	87.2984
8.97164	-0.349967	0.657815	87.2984
6.43271	-0.200943	0.455996	82.758
6.43271	-0.200943	0.455996	82.758
6.43271	-0.200943	0.455996	82.758
6.43271	-0.200943	0.455996	82.758
13.1461	-0.43682	1.02234	2.8211
13.1461	-0.43682	1.02234	2.8211
13.1461	-0.43682	1.02234	2.8211
12.8198	-0.413597	1.00269	3.2125
6.59316	-0.226182	0.466882	125.727
6.59316	-0.226182	0.466882	125.727
6.59316	-0.226182	0.466882	125.727
6.27006	-0.196103	0.436894	103.417
6.27006	-0.196103	0.436894	103.417
6.27006	-0.196103	0.436894	103.417
5.81518	-0.17916	0.403357	111.874
5.81518	-0.17916	0.403357	111.874
13.064	-0.443213	1.01247	2.69038
12.9219	-0.427492	1.00397	2.77224
12.9219	-0.427492	1.00397	2.77224
12.4308	-0.389882	0.973736	3.24659
7.37392	-0.274681	0.531175	105.967
6.96161	-0.248761	0.497671	112.216
6.96161	-0.248761	0.497671	112.216
6.46997	-0.20554	0.451874	113.327
6.35729	-0.202298	0.444307	117.629
6.35729	-0.202298	0.444307	117.629
5.96104	-0.190045	0.416826	135.891
5.58897	-0.173408	0.387018	94.5641
12.8191	-0.452536	0.990352	2.52028
12.5653	-0.417547	0.97526	2.76126
12.5653	-0.417547	0.97526	2.76126
11.9212	-0.37303	0.935339	3.4956
8.26862	-0.322257	0.604194	52.9245
7.5911	-0.281959	0.54914	37.9572
7.5911	-0.281959	0.54914	37.9572
6.63642	-0.213302	0.464381	97.0248
6.41708	-0.219996	0.456226	47.5334
6.37857	-0.208766	0.446948	105.775
6.37857	-0.208766	0.446948	105.775
5.38612	-0.170584	0.37262	131.828
12.4256	-0.448272	0.956524	2.65974
12.1116	-0.418112	0.940246	2.66663
12.1116	-0.418112	0.940246	2.66663
11.3379	-0.390102	0.893553	3.21451
9.17919	-0.380322	0.678958	22.8565
8.31251	-0.314883	0.607217	34.0253
8.31251	-0.314883	0.607217	34.0253
7.0484	-0.25745	0.509035	73.2688
6.76117	-0.219668	0.473802	113.323
6.3837	-0.214069	0.448139	94.9827
6.3837	-0.214069	0.448139	94.9827
5.22438	-0.171234	0.361404	94.5142
11.932	-0.470519	0.918806	2.66689
11.6498	-0.433949	0.907141	3.16225
11.6498	-0.433949	0.907141	3.16225
10.7878	-0.391268	0.854229	4.2851
10.0028	-0.422242	0.744848	13.2316
8.9615	-0.346322	0.658044	26.6883
8.9615	-0.346322	0.658044	26.6883
7.66316	-0.287228	0.557783	46.4855
6.83836	-0.223141	0.479608	93.8228
6.38477	-0.217164	0.448723	109.692
6.38477	-0.217164	0.448723	109.692
5.11974	-0.169678	0.354066	166.223
11.6011	-0.483963	0.89654	2.8338
11.418	-0.450152	0.892322	3.22239
11.418	-0.450152	0.892322	3.22239
10.5273	-0.385481	0.836338	6.87862
10.4469	-0.429865	0.776705	9.13517
9.25991	-0.352601	0.679581	14.7003
9.25991	-0.352601	0.679581	14.7003
7.9512	-0.300323	0.579063	48.3345
6.86448	-0.224996	0.481615	72.168
6.38489	-0.21807	0.448897	114.322
6.38489	-0.21807	0.448897	114.322
5.08348	-0.168397	0.351485	162.933
12.9242	-0.44372	0.999654	2.63573
12.9242	-0.44372	0.999654	2.63573
12.6489	-0.418917	0.9836	2.73382
11.9698	-0.373718	0.941041	3.6082
7.7577	-0.298127	0.562838	81.9273
7.7577	-0.298127	0.562838	81.9273
6.93843	-0.254263	0.498161	76.8375
6.71403	-0.215824	0.470753	104.404
6.71403	-0.215824	0.470753	104.404
6.54429	-0.206702	0.458389	98.0989
5.67513	-0.177353	0.394737	129.858
5.48605	-0.175564	0.381868	145.451
12.7581	-0.447766	0.981691	2.49144
12.655	-0.437729	0.976553	2.64668
12.2656	-0.40928	0.954429	2.89804
11.4	-0.372527	0.900135	3.71512
8.66424	-0.347243	0.636322	39.8404
8.30999	-0.317765	0.606571	44.9803
7.31296	-0.267332	0.527598	87.7481
6.98032	-0.226914	0.490705	102.686
6.91639	-0.229176	0.487437	101.576
6.55578	-0.214489	0.461352	100.462
5.91948	-0.196814	0.417554	113.093
5.22511	-0.168474	0.362865	106.188
12.4284	-0.456665	0.952099	2.57237
12.2858	-0.447918	0.947528	2.61653
11.815	-0.413003	0.921226	3.16813
10.773	-0.380749	0.855113	4.5693
9.5769	-0.387079	0.709946	20.2988
8.95348	-0.349609	0.657553	26.1629
7.88595	-0.290492	0.572609	34.6881
7.17026	-0.235319	0.504996	99.0835
7.04599	-0.241306	0.498763	100.754
6.48795	-0.218374	0.457635	114.612
6.442	-0.225505	0.461805	78.7638
4.97025	-0.163438	0.344399	155.149
11.9566	-0.486514	0.914623	2.60189
11.8946	-0.452154	0.917963	2.92501
11.3923	-0.410794	0.890679	3.33417
10.4178	-0.452293	0.779547	10.4006
10.2004	-0.378619	0.814257	7.19545
9.53845	-0.380095	0.703036	15.1265
8.41419	-0.3152	0.613264	26.106
7.2852	-0.239887	0.513613	88.6744
7.11702	-0.247939	0.50509	93.402
6.99398	-0.257481	0.506148	57.9214
6.43665	-0.220654	0.454522	112.322
4.80111	-0.160742	0.332279	152.991
11.6939	-0.450619	0.903625	2.60285
11.5468	-0.501105	0.88639	3.06948
11.198	-0.431839	0.878937	3.94779
10.9537	-0.469114	0.818684	7.54922
9.9361	-0.36102	0.795311	7.8539
9.80835	-0.384518	0.722434	11.8381
8.64837	-0.322475	0.630214	24.3538
7.32375	-0.241082	0.516482	81.9107
7.25842	-0.268908	0.525679	28.4905
7.13973	-0.250503	0.507157	104.816
6.4184	-0.220815	0.45336	118.566
4.7419	-0.159394	0.328025	148.655
12.579	-0.454623	0.965047	2.44122
12.579	-0.454623	0.965047	2.44122
11.8798	-0.41155	0.927298	3.28469
10.7844	-0.373756	0.856653	4.84351
9.11361	-0.361037	0.671128	35.1072
9.11361	-0.361037	0.671128	35.1072
7.33626	-0.246528	0.519315	101.881
7.33626	-0.246528	0.519315	101.881
7.18518	-0.268352	0.520118	97.347
6.80587	-0.217326	0.479391	96.4106
5.59455	-0.177694	0.391221	98.3502
5.27096	-0.183014	0.372016	102.629
12.337	-0.480091	0.941927	2.39464
12.3072	-0.468254	0.942572	2.59269
11.4545	-0.398026	0.896012	3.44642
10.128	-0.369969	0.809066	7.88347
9.93511	-0.419998	0.738721	23.6759
9.60306	-0.389327	0.709191	21.6005
7.62641	-0.257749	0.541418	85.6041
7.61894	-0.265216	0.543082	91.6492
7.50839	-0.270203	0.542602	71.0879
6.75206	-0.22307	0.478198	87.4495
5.89638	-0.201178	0.419356	100.387
5.02317	-0.170918	0.352688	134.283
12.0098	-0.469983	0.918906	2.60771
11.9349	-0.495938	0.906768	2.7987
11.0819	-0.402386	0.870363	3.73
10.7078	-0.475735	0.803492	8.9398
10.0494	-0.400966	0.742331	11.71
9.54394	-0.34	0.765632	10.8444
7.90852	-0.275358	0.571303	30.1911
7.79654	-0.264786	0.554436	71.2535
7.79113	-0.278317	0.558074	92.1494
6.64484	-0.223168	0.471193	104.36
6.36778	-0.221496	0.457285	57.7659
4.79273	-0.162103	0.335153	119.747
11.8575	-0.487628	0.908783	2.42981
11.4002	-0.5137	0.868462	3.63885
11.3696	-0.501384	0.853236	5.14163
10.9215	-0.421616	0.861008	4.49498
10.2552	-0.420203	0.758021	8.85541
9.27957	-0.332535	0.747436	14.0678
8.08477	-0.286671	0.584148	26.2349
7.8527	-0.267077	0.558735	76.426
7.84804	-0.282589	0.563092	85.2802
6.6047	-0.223648	0.468472	109.865
6.60393	-0.231199	0.474708	85.1834
4.70947	-0.160144	0.328963	121.514
12.1776	-0.492071	0.926857	2.4176
12.1776	-0.492071	0.926857	2.4176
11.0755	-0.392119	0.86972	4.15591
10.246	-0.43152	0.761385	14.6211
10.246	-0.43152	0.761385	14.6211
9.45619	-0.343257	0.759003	10.7689
8.04156	-0.284195	0.576237	82.3488
8.04156	-0.284195	0.576237	82.3488
7.28796	-0.268157	0.526974	60.0934
7.02068	-0.220821	0.496597	39.6447
5.55807	-0.177351	0.390958	94.7907
5.23049	-0.188716	0.374566	133.602
12.0069	-0.505513	0.912785	2.39555
11.9161	-0.519307	0.902023	2.81636
10.8343	-0.493507	0.812485	7.76529
10.7602	-0.402314	0.849259	4.74081
10.4857	-0.451344	0.778461	9.86803
8.86786	-0.317262	0.715809	12.3382
8.33242	-0.305261	0.601704	86.9952
8.2944	-0.295438	0.596215	85.849
7.49577	-0.25273	0.537814	35.6507
6.9329	-0.22565	0.492684	78.3255
5.84593	-0.193593	0.416534	63.0976
5.05733	-0.172032	0.358746	114.588
11.9264	-0.515811	0.906957	2.47878
11.678	-0.544635	0.880199	3.70584
11.1849	-0.53781	0.845988	4.25391
10.6306	-0.406242	0.841117	5.81338
10.5848	-0.460029	0.78521	7.18431
8.60393	-0.307644	0.697642	14.2648
8.43703	-0.313708	0.611142	91.9905
8.378	-0.298776	0.602819	80.816
7.62303	-0.258857	0.546426	25.7829
6.87055	-0.225162	0.488351	99.8978
6.0526	-0.206136	0.432153	94.2901
4.95788	-0.167729	0.350738	109.018
11.9256	-0.545168	0.902537	2.63726
11.9256	-0.545168	0.902537	2.63726
10.8199	-0.497986	0.807673	7.45307
10.8199	-0.497986	0.807673	7.45307
10.4986	-0.40419	0.832411	6.88732
8.68186	-0.323909	0.630509	85.2029
8.68186	-0.323909	0.630509	85.2029
8.27681	-0.294885	0.67317	19.8818
7.25474	-0.246197	0.519098	68.1099
7.16123	-0.223671	0.508014	69.0347
5.54636	-0.176988	0.391912	93.794
5.38782	-0.183906	0.385809	58.3795
11.9359	-0.555069	0.903626	2.46931
11.8675	-0.564209	0.896315	2.691
10.9612	-0.520831	0.820834	9.17506
10.7867	-0.49433	0.80255	8.69969
10.3935	-0.383807	0.824346	7.80008
8.83549	-0.336648	0.644727	86.7786
8.80236	-0.330308	0.640557	80.5227
8.0097	-0.292899	0.655871	23.6907
7.31737	-0.235418	0.521088	44.5195
7.11084	-0.225274	0.505317	89.6382
5.678	-0.181547	0.402706	67.944
5.33632	-0.174215	0.379081	60.1723
11.9313	-0.566778	0.90149	2.36229
11.9313	-0.566778	0.90149	2.36229
10.8547	-0.518631	0.809219	14.945
10.8547	-0.518631	0.809219	14.945
10.2987	-0.376257	0.817874	6.8904
8.97816	-0.345425	0.657046	89.0276
8.97816	-0.345425	0.657046	89.0276
7.7378	-0.28137	0.638192	40.9014
7.21006	-0.225426	0.512054	88.8858
7.21006	-0.225426	0.512054	88.8858
5.54432	-0.177003	0.392447	55.6579
5.54432	-0.177003	0.392447	55.6579
12.7448	-0.427897	0.984494	2.53878
12.7448	-0.427897	0.984494	2.53878
12.7448	-0.427897	0.984494	2.53878
11.4211	-0.359298	0.902706	3.89197
7.89515	-0.307256	0.574819	51.132
7.89515	-0.307256	0.574819	51.132
7.89515	-0.307256	0.574819	51.132
6.91066	-0.220249	0.48537	105.818
6.91066	-0.220249	0.48537	105.818
6.91066	-0.220249	0.48537	105.818
5.21847	-0.162598	0.361484	103.829
5.21847	-0.162598	0.361484	103.829
12.6665	-0.461534	0.973814	2.46726
12.4651	-0.432095	0.963049	2.5794
12.4651	-0.432095	0.963049	2.5794
10.7718	-0.378574	0.857794	4.34316
8.87611	-0.360456	0.653738	33.0244
8.19504	-0.312954	0.597939	93.9008
8.19504	-0.312954	0.597939	93.9008
7.21002	-0.23075	0.507395	87.9217
7.09152	-0.230196	0.500185	83.0892
7.09152	-0.230196	0.500185	83.0892
5.33353	-0.173803	0.373399	119.24
4.78995	-0.151309	0.330537	147.819
12.4127	-0.461005	0.947803	2.41709
12.1238	-0.438488	0.937472	2.90841
12.1238	-0.438488	0.937472	2.90841
10.0763	-0.36314	0.806191	7.93086
9.81579	-0.408155	0.730012	24.1322
8.62903	-0.328333	0.630559	31.9369
8.62903	-0.328333	0.630559	31.9369
7.4314	-0.238717	0.523693	78.9361
7.18953	-0.24234	0.509795	105.628
7.18953	-0.24234	0.509795	105.628
5.74564	-0.20032	0.409325	104.717
4.43178	-0.143106	0.30482	145.528
11.9881	-0.505832	0.912457	2.54112
11.8035	-0.439954	0.914095	2.9761
11.8035	-0.439954	0.914095	2.9761
10.6673	-0.482206	0.802591	10.3238
9.45088	-0.334748	0.759573	11.9852
9.04207	-0.348326	0.661292	20.1126
9.04207	-0.348326	0.661292	20.1126
7.56722	-0.244778	0.533761	74.7696
7.23037	-0.250494	0.514527	86.7402
7.23037	-0.250494	0.514527	86.7402
6.25065	-0.22698	0.450189	72.9427
4.19029	-0.139127	0.287605	203.569
11.6595	-0.43454	0.903664	2.68618
11.6595	-0.43454	0.903664	2.68618
11.4453	-0.501539	0.859895	4.63192
11.3548	-0.504845	0.866284	3.61131
9.22288	-0.3408	0.673283	15.7931
9.22288	-0.3408	0.673283	15.7931
9.16334	-0.327656	0.739727	13.8048
7.61299	-0.245088	0.537045	79.002
7.2413	-0.253542	0.515945	102.346
7.2413	-0.253542	0.515945	102.346
6.50693	-0.235735	0.46903	45.3115
4.10454	-0.137572	0.281488	240.835
12.4961	-0.464959	0.959506	2.51036
12.4961	-0.464959	0.959506	2.51036
12.2065	-0.431753	0.944534	2.76268
10.0541	-0.358368	0.805225	7.0634
9.11312	-0.363461	0.671344	33.1915
9.11312	-0.363461	0.671344	33.1915
8.18771	-0.316684	0.59787	102.116
7.48993	-0.242498	0.529398	91.883
7.48993	-0.242498	0.529398	91.883
7.30018	-0.231919	0.515361	87.0704
4.92587	-0.155582	0.342695	149.138
4.58536	-0.151565	0.318661	151.672
12.3599	-0.479704	0.942381	2.43176
12.281	-0.460242	0.941917	2.67701
11.9192	-0.422406	0.923372	2.96287
9.97505	-0.422321	0.74211	18.5059
9.36867	-0.371272	0.689151	34.0555
9.3024	-0.34063	0.749191	11.4926
8.3499	-0.315417	0.608031	42.7917
7.77122	-0.251863	0.550141	85.5223
7.73978	-0.26108	0.550904	87.1303
7.41169	-0.240623	0.525484	84.7546
5.11173	-0.171065	0.361083	130.817
4.21594	-0.141381	0.292206	162.011
12.0851	-0.467176	0.927497	2.51685
12.0819	-0.509906	0.915946	2.43592
11.6749	-0.425938	0.906593	3.06844
10.7053	-0.485443	0.805064	8.82898
9.59328	-0.374838	0.703638	14.5826
8.63423	-0.314632	0.699393	14.8767
8.58042	-0.30778	0.622019	34.4073
7.94018	-0.257691	0.562619	74.2578
7.90285	-0.276734	0.566066	89.4026
7.42901	-0.249498	0.529035	96.2526
5.54167	-0.197311	0.396813	78.6207
3.90653	-0.13168	0.269561	186.624
12.0016	-0.466951	0.921398	2.37049
11.8498	-0.539235	0.894649	3.69423
11.5743	-0.443728	0.901021	2.91199
11.0908	-0.537031	0.842087	4.26073
9.68839	-0.381419	0.70989	10.3515
8.68695	-0.299645	0.628179	15.2735
8.32711	-0.29406	0.677118	18.7618
7.99664	-0.259077	0.566754	67.5865
7.95815	-0.283874	0.571513	92.5364
7.42628	-0.252116	0.529612	106.443
5.78196	-0.207019	0.414648	88.796
3.7927	-0.128002	0.261234	187.218
12.2963	-0.483638	0.936268	2.31345
12.2963	-0.483638	0.936268	2.31345
11.7051	-0.409592	0.908534	3.12578
10.0449	-0.419537	0.744405	15.9477
10.0449	-0.419537	0.744405	15.9477
8.50474	-0.29709	0.687674	17.6891
8.18808	-0.308154	0.594331	45.5495
8.12378	-0.274374	0.579764	77.1622
8.12378	-0.274374	0.579764	77.1622
7.60454	-0.23958	0.538996	76.1195
4.71956	-0.152038	0.330647	119.043
4.22558	-0.148485	0.298979	160.25
12.2476	-0.49838	0.933074	2.19275
12.2132	-0.533459	0.926309	2.20756
11.5339	-0.42178	0.898303	3.38559
10.5638	-0.468804	0.78914	11.5509
10.0443	-0.416749	0.740296	11.9491
8.40494	-0.29793	0.605162	87.7965
8.3494	-0.281835	0.596746	72.6029
8.20643	-0.287246	0.591108	24.2189
7.79778	-0.276042	0.635081	32.9524
7.64881	-0.246618	0.54415	83.9889
4.93868	-0.167354	0.350927	80.2507
4.00949	-0.137941	0.282622	152.084
12.2298	-0.507706	0.932313	2.11331
12.15	-0.560517	0.920052	2.335
11.4668	-0.445874	0.895702	3.2369
10.7756	-0.497802	0.808754	11.4649
10.0306	-0.414212	0.737037	11.8513
8.51654	-0.309263	0.615839	85.775
8.42384	-0.284491	0.602364	84.6103
8.25104	-0.287947	0.592845	27.1585
7.63531	-0.249944	0.544178	104.528
7.46903	-0.266464	0.612086	26.4851
5.15528	-0.182821	0.367674	69.1531
3.88757	-0.131738	0.273148	170.444
12.318	-0.543968	0.934947	1.97503
12.318	-0.543968	0.934947	1.97503
11.4201	-0.430749	0.892297	3.79384
10.3527	-0.454408	0.766684	14.6241
10.3527	-0.454408	0.766684	14.6241
8.71101	-0.311095	0.629238	78.5701
8.71101	-0.311095	0.629238	78.5701
7.98615	-0.272015	0.572295	56.305
7.79783	-0.241544	0.553958	80.21
7.04656	-0.255384	0.579343	27.4823
4.5987	-0.151061	0.324291	84.7372
4.30023	-0.152195	0.308754	106.629
12.3567	-0.549167	0.938325	1.93343
12.3346	-0.544586	0.933731	1.90232
11.3757	-0.442341	0.890519	3.96196
10.4647	-0.450456	0.775309	18.0083
10.2398	-0.434618	0.753652	36.9676
8.87306	-0.326926	0.644826	86.9254
8.81331	-0.315928	0.637349	78.2594
7.96432	-0.255211	0.567928	77.0214
7.80078	-0.246101	0.555156	88.805
6.68351	-0.243534	0.554493	72.8152
4.71801	-0.15142	0.333944	81.4542
4.27806	-0.144823	0.304657	132.063
12.3969	-0.533554	0.937962	1.82676
12.3969	-0.533554	0.937962	1.82676
11.3396	-0.448464	0.888961	4.42036
10.3101	-0.433536	0.758712	57.6891
10.3101	-0.433536	0.758712	57.6891
8.99594	-0.333473	0.654983	86.28
8.99594	-0.333473	0.654983	86.28
7.86405	-0.243723	0.559205	87.8408
7.86405	-0.243723	0.559205	87.8408
6.28536	-0.236959	0.529457	138.912
4.55911	-0.151647	0.322408	99.0152
4.55911	-0.151647	0.322408	99.0152
12.3748	-0.45975	0.950215	2.52591
12.3748	-0.45975	0.950215	2.52591
12.3748	-0.45975	0.950215	2.52591
9.24345	-0.32433	0.744426	16.9767
9.11867	-0.363083	0.67095	42.9378
9.11867	-0.363083	0.67095	42.9378
9.11867	-0.363083	0.67095	42.9378
7.69886	-0.243955	0.544404	72.9628
7.69886	-0.243955	0.544404	72.9628
7.69886	-0.243955	0.544404	72.9628
4.26613	-0.138153	0.295171	186.572
4.26613	-0.138153	0.295171	186.572
12.3944	-0.482992	0.944788	2.38296
12.2423	-0.46118	0.940861	2.64558
12.2423	-0.46118	0.940861	2.64558
9.91708	-0.414497	0.735756	24.899
9.13556	-0.355488	0.669237	26.0679
9.13556	-0.355488	0.669237	26.0679
8.40771	-0.298995	0.680973	19.5959
7.99111	-0.252744	0.565688	74.1272
7.90474	-0.25404	0.561246	88.2802
7.90474	-0.25404	0.561246	88.2802
4.36471	-0.145182	0.306172	172.034
3.67828	-0.120566	0.252696	189.95
12.3101	-0.505575	0.932771	2.12585
12.1364	-0.461234	0.933584	2.43187
12.1364	-0.461234	0.933584	2.43187
10.5046	-0.463646	0.785879	16.268
9.15956	-0.351161	0.667221	17.1554
9.15956	-0.351161	0.667221	17.1554
8.16945	-0.259015	0.578726	73.4006
8.05103	-0.269964	0.575277	93.4807
8.05103	-0.269964	0.575277	93.4807
7.66522	-0.2741	0.625002	22.0896
4.72998	-0.165984	0.337085	155.56
3.25359	-0.108008	0.221949	164.836
12.2452	-0.559683	0.928162	2.23663
12.0953	-0.453765	0.930333	2.40185
12.0953	-0.453765	0.930333	2.40185
10.7392	-0.494265	0.807436	13.6129
9.17188	-0.348802	0.666196	14.2144
9.17188	-0.348802	0.666196	14.2144
8.22939	-0.260089	0.583041	68.7019
8.10297	-0.278338	0.58088	100.943
8.10297	-0.278338	0.58088	100.943
7.31809	-0.259421	0.60004	26.9667
4.96584	-0.179959	0.354981	99.14
3.09519	-0.104353	0.210521	167.4
12.4329	-0.490808	0.948512	2.23049
12.4329	-0.490808	0.948512	2.23049
12.1983	-0.458402	0.93899	2.54597
9.7798	-0.404355	0.721431	16.5982
9.7798	-0.404355	0.721431	16.5982
8.93724	-0.335894	0.650893	25.3704
8.2514	-0.263983	0.586551	77.1528
8.2514	-0.263983	0.586551	77.1528
8.07163	-0.251633	0.572764	65.5173
7.49594	-0.268576	0.610583	24.9342
3.85285	-0.125903	0.268452	215.319
3.41707	-0.113859	0.237315	245.012
12.5182	-0.509051	0.949626	1.82703
12.4629	-0.496039	0.951624	2.02067
12.1624	-0.459419	0.937603	2.53613
10.2105	-0.432828	0.756995	19.9484
9.61369	-0.387178	0.703391	26.9791
8.80236	-0.320411	0.636426	36.6994
8.49359	-0.28445	0.608404	81.7624
8.45876	-0.271324	0.601795	56.4532
8.1971	-0.26113	0.583811	87.8858
6.68105	-0.235526	0.547735	44.9171
4.01118	-0.13821	0.284095	184.966
3.03206	-0.103339	0.210143	224.778
12.5391	-0.530835	0.950138	1.65385
12.4741	-0.483996	0.951882	1.94118
12.1485	-0.463375	0.937299	2.51449
10.3639	-0.439489	0.769704	21.3048
9.52697	-0.368478	0.692989	42.4366
8.75374	-0.305595	0.629678	72.2698
8.606	-0.298984	0.619676	95.8546
8.5279	-0.274221	0.606908	69.6283
8.2445	-0.270217	0.589215	89.1904
6.28855	-0.220039	0.519204	27.9635
4.23187	-0.146044	0.3008	108.431
2.85071	-0.0967219	0.196845	226.396
12.6561	-0.500997	0.960312	1.5888
12.6561	-0.500997	0.960312	1.5888
12.1717	-0.476654	0.940984	2.67379
9.90551	-0.396663	0.726175	34.4429
9.90551	-0.396663	0.726175	34.4429
8.75637	-0.294618	0.628238	70.7355
8.75637	-0.294618	0.628238	70.7355
8.56534	-0.288668	0.614624	69.914
8.30489	-0.256652	0.590661	89.3672
5.78128	-0.210735	0.478261	90.6973
3.58588	-0.119208	0.252083	168.699
3.17506	-0.112483	0.227371	237.342
12.7198	-0.491961	0.962269	1.45605
12.7038	-0.500902	0.964225	1.49173
12.1734	-0.479177	0.94184	2.62927
10.0063	-0.398817	0.734064	38.7094
9.74348	-0.368579	0.708549	68.0961
8.91565	-0.312708	0.643943	90.2812
8.84337	-0.297871	0.634805	77.5035
8.47981	-0.269383	0.605214	81.4067
8.34692	-0.262115	0.594829	83.8463
5.31722	-0.200213	0.445288	127.985
3.69529	-0.125709	0.261473	124.149
3.1364	-0.108613	0.223656	247.365
12.7808	-0.488149	0.966998	1.4338
12.7808	-0.488149	0.966998	1.4338
12.1803	-0.492557	0.943853	2.60813
9.81623	-0.369465	0.713832	78.7892
9.81623	-0.369465	0.713832	78.7892
9.02018	-0.316854	0.652166	90.3052
9.02018	-0.316854	0.652166	90.3052
8.38425	-0.258423	0.59678	83.874
8.38425	-0.258423	0.59678	83.874
4.76176	-0.184241	0.408897	262.291
3.49322	-0.119089	0.246718	132.088
3.49322	-0.119089	0.246718	132.088
12.5497	-0.502859	0.959634	2.03926
12.5497	-0.502859	0.959634	2.03926
12.5497	-0.502859	0.959634	2.03926
9.50038	-0.382274	0.695924	35.1325
9.50038	-0.382274	0.695924	35.1325
9.50038	-0.382274	0.695924	35.1325
8.41223	-0.262577	0.597529	85.4507
8.41223	-0.262577	0.597529	85.4507
8.41223	-0.262577	0.597529	85.4507
6.47774	-0.233892	0.530463	50.6206
3.02032	-0.0985028	0.208549	232.611
3.02032	-0.0985028	0.208549	232.611
12.759	-0.491095	0.96841	1.54579
12.6262	-0.488272	0.965497	1.84268
12.6262	-0.488272	0.965497	1.84268
9.85041	-0.393083	0.723254	24.5152
9.24938	-0.338599	0.67035	76.8928
9.24938	-0.338599	0.67035	76.8928
8.6194	-0.26807	0.612515	80.1304
8.58491	-0.272507	0.612063	87.4351
8.58491	-0.272507	0.612063	87.4351
5.55774	-0.205016	0.458326	72.673
3.13151	-0.107468	0.220657	284.344
2.34844	-0.0789453	0.160089	307.619
12.8283	-0.451604	0.968737	1.35568
12.6526	-0.48995	0.968009	1.84285
12.6526	-0.48995	0.968009	1.84285
9.96925	-0.401813	0.732963	21.1493
9.12041	-0.312026	0.656147	80.2376
9.12041	-0.312026	0.656147	80.2376
8.68893	-0.269677	0.61753	79.1362
8.68665	-0.285737	0.622286	96.7204
8.68665	-0.285737	0.622286	96.7204
5.09372	-0.193128	0.424123	68.7054
3.35183	-0.118068	0.237734	281.111
2.06952	-0.0694667	0.139708	291.49
12.9105	-0.452407	0.978465	1.35785
12.9105	-0.452407	0.978465	1.35785
12.7271	-0.491364	0.974721	1.75515
9.52509	-0.346467	0.691261	43.7502
9.52509	-0.346467	0.691261	43.7502
8.98446	-0.301527	0.645542	83.0681
8.81687	-0.278851	0.628958	88.5569
8.81687	-0.278851	0.628958	88.5569
8.6736	-0.2673	0.617342	89.1985
4.51802	-0.169601	0.374761	140.558
2.54438	-0.0855497	0.177966	247.276
2.1404	-0.074582	0.150366	438.678
13.0063	-0.406115	0.980467	1.30041
12.962	-0.428978	0.981215	1.3332
12.7612	-0.493771	0.977947	1.71037
9.61813	-0.350242	0.698424	69.4195
9.34347	-0.31846	0.672413	88.2362
8.9546	-0.295229	0.642473	92.6173
8.89416	-0.28	0.634528	86.4122
8.85474	-0.280372	0.632393	85.1263
8.74234	-0.274283	0.623702	87.1497
3.94491	-0.149905	0.331331	147.581
2.65111	-0.0924967	0.187404	247.451
1.96928	-0.0680494	0.138717	441.462
13.0663	-0.394696	0.9847	1.25097
13.0663	-0.394696	0.9847	1.25097
12.7976	-0.49949	0.981605	1.64522
9.41833	-0.320629	0.677873	92.3098
9.41833	-0.320629	0.677873	92.3098
9.04435	-0.298222	0.649246	92.204
9.04435	-0.298222	0.649246	92.204
8.76218	-0.269426	0.624117	85.5844
8.76218	-0.269426	0.624117	85.5844
3.19392	-0.125327	0.27851	467.888
2.36467	-0.0812163	0.166779	321.948
2.36467	-0.0812163	0.166779	321.948
13.0677	-0.402908	0.988465	1.30741
13.0677	-0.402908	0.988465	1.30741
13.0677	-0.402908	0.988465	1.30741
9.23811	-0.31046	0.664411	91.2958
9.23811	-0.31046	0.664411	91.2958
9.23811	-0.31046	0.664411	91.2958
8.89749	-0.273645	0.633537	96.6362
8.89749	-0.273645	0.633537	96.6362
8.89749	-0.273645	0.633537	96.6362
3.33083	-0.128651	0.276595	185.071
1.56484	-0.053249	0.10801	534.903
1.56484	-0.053249	0.10801	534.903
13.1825	-0.34567	0.991235	1.27902
13.1209	-0.38851	0.992012	1.2951
13.1209	-0.38851	0.992012	1.2951
9.32302	-0.31339	0.670737	93.6386
9.08243	-0.287577	0.648934	92.3637
9.08243	-0.287577	0.648934	92.3637
8.9818	-0.28196	0.641242	96.3561
8.9818	-0.28196	0.641242	96.3561
8.97257	-0.275672	0.63896	92.9582
2.61159	-0.100246	0.219468	592.561
1.68845	-0.059132	0.11918	427.314
1.03619	-0.0355484	0.0696439	1101.36
13.242	-0.320347	0.994554	1.30967
13.242	-0.320347	0.994554	1.30967
13.1745	-0.375525	0.995711	1.26156
9.15878	-0.289724	0.654464	92.4152
9.15878	-0.289724	0.654464	92.4152
9.062	-0.28435	0.64711	94.202
9.062	-0.28435	0.64711	94.202
8.99155	-0.276821	0.640756	98.7314
8.99155	-0.276821	0.640756	98.7314
1.60203	-0.0637475	0.141132	738.705
1.19324	-0.0417425	0.0841158	741.914
1.19324	-0.0417425	0.0841158	741.914
13.3012	-0.292879	0.997745	1.34232
13.3012	-0.292879	0.997745	1.34232
13.3012	-0.292879	0.997745	1.34232
9.06845	-0.279045	0.646318	95.9483
9.06845	-0.279045	0.646318	95.9483
9.06845	-0.279045	0.646318	95.9483
9.06845	-0.279045	0.646318	95.9483
9.06845	-0.279045	0.646318	95.9483
9.06845	-0.279045	0.646318	95.9483
0	0	0	0
0	0	0	0
0	0	0	0
