1008 Out of 20736 Velocities in m/s for a 12x12x12 Ar Lattice.
      0.1497      0.1497      0.1497      0.1497      0.1497      0.1497      0.1497      0.1497      0.1497      0.1497      0.1497      0.1497     -0.3467     -0.3466     -0.3466     -0.3466     -0.3235     -0.3466     -0.3466     -0.3022     -0.3461     -0.3447     -0.2545     -0.3386     -0.0012     -0.0913     -0.0073      0.0008     -0.0437      0.0002      0.0008     -0.0224      0.0007      0.0008      0.0008      0.0008
    -80.4314    -80.4314    160.5930    -80.4314    -80.4314    160.5930     80.7262     80.7262    160.5930     80.7262     80.7262    160.5930   -198.8910   -198.8910   -358.2229   -198.8910   -198.8910   -358.2229    198.6349    198.6349   -358.2229    198.6349    198.6349   -358.2229   -115.6993   -115.6993      0.8396   -115.6993   -115.6993      0.8396    115.3026    115.3026      0.8396    115.3026    115.3026      0.8396
   -155.9902   -155.9902    312.1831   -155.9902   -155.9902    312.1831    156.2713    156.2713    312.1831    156.2713    156.2713    312.1831   -359.1774   -359.1774   -629.8951   -359.1774   -359.1774   -629.8951    359.0037    359.0037   -629.8951    359.0037    359.0037   -629.8951   -223.4473   -223.4473      1.4546   -223.4473   -223.4473      1.4546    223.0626    223.0626      1.4546    223.0626    223.0626      1.4546
   -220.7002   -220.7002    441.9298   -220.7002   -220.7002    441.9298    220.9588    220.9588    441.9298    220.9588    220.9588    441.9298   -469.0696   -469.0696   -777.2418   -469.0696   -469.0696   -777.2418    468.9895    468.9895   -777.2418    468.9895    468.9895   -777.2418   -316.1542   -316.1542      1.6801   -316.1541   -316.1541      1.6801    315.7859    315.7859      1.6801    315.7859    315.7859      1.6801
   -266.2395   -266.2395    521.2478   -266.2395   -266.2395    521.2478    266.4685    266.4685    521.2478    266.4685    266.4685    521.2478   -539.6478   -539.6478   -789.5075   -539.6478   -539.6478   -789.5075    539.6516    539.6516   -789.5075    539.6516    539.6516   -789.5075   -387.4524   -387.4524      1.4554   -387.4524   -387.4524      1.4554    387.1006    387.1006      1.4554    387.1006    387.1006      1.4554
   -279.3507   -279.3507    454.1275   -279.3507   -279.3507    454.1275    279.5513    279.5513    454.1275    279.5513    279.5513    454.1275   -592.2675   -592.2675   -601.0631   -592.2675   -592.2675   -601.0631    592.3322    592.3322   -601.0631    592.3322    592.3322   -601.0631   -432.3607   -432.3607      0.8404   -432.3607   -432.3607      0.8404    432.0210    432.0210      0.8404    432.0210    432.0210      0.8404
   -266.7305   -266.7305      0.5793   -266.7305   -266.7305      0.5793    266.9250    266.9250      0.5793    266.9250    266.9250      0.5793   -626.1302   -626.1302     -0.7189   -626.1302   -626.1302     -0.7189    626.2116    626.2116     -0.7189    626.2116    626.2116     -0.7189   -447.6955   -447.6955      0.0008   -447.6955   -447.6955      0.0008    447.3602    447.3602      0.0008    447.3602    447.3602      0.0008
      0.1416     79.9513     79.9513      0.1416     79.9513     79.9513   -164.5981    236.2691    236.2691    164.8945    236.2691    236.2691     -0.1033   -469.7394   -469.7394     -0.1033   -469.7394   -469.7394     -0.2081   -158.7189   -158.7189     -0.2081   -158.7189   -158.7189   -229.8398    -28.3112    -28.3112    229.8579    -28.3112    -28.3112   -403.2757    -20.3315    -20.3315    402.6552    -20.3315    -20.3315
    -71.6589     -0.8290    236.6963     71.9204     -0.8290    236.6963   -247.6295    302.2489    377.8421    247.9180    302.2489    377.8421   -201.8191   -498.9234   -721.0372    201.6789   -498.9234   -721.0372   -477.4078    293.0164   -482.1691    477.1270    293.0164   -482.1691    -66.6128   -335.3477   -111.8110     66.2171   -335.3477   -111.8110   -428.3368    -42.9341    114.2294    428.1230    -42.9341    114.2294
   -128.0114    -76.0223    378.3204    128.2411    -76.0223    378.3204   -324.6427    353.2210    491.2181    324.9142    353.2210    491.2181   -338.7146   -522.8722   -832.6340    338.6570   -522.8722   -832.6340   -581.7818    429.4725   -671.3465    581.6629    429.4725   -671.3465   -137.7820   -451.1331    -83.2722    137.4109   -451.1331    -83.2722   -524.2351     71.6746     93.0438    523.9808     71.6746     93.0438
   -158.1061   -136.9448    480.7259    158.2949   -136.9448    480.7259   -389.5824    382.1789    544.6534    389.8287    382.1789    544.6534   -436.8430   -532.8133   -823.4600    436.8670   -532.8133   -823.4600   -633.2549    532.7625   -714.5934    633.2458    532.7625   -714.5934   -195.5726   -528.3603    -56.5656    195.2235   -528.3603    -56.5656   -601.4207    159.2706     66.3846    601.1638    159.2706     66.3846
   -141.1927   -166.5073    455.2806    141.3478   -166.5073    455.2806   -433.3365    380.7998    441.9867    433.5535    380.7998    441.9867   -527.0261   -544.4686   -637.8775    527.1094   -544.4686   -637.8775   -653.4223    611.0781   -541.6056    653.4881    611.0781   -541.6056   -232.3686   -573.8779    -28.7322    232.0341   -573.8779    -28.7322   -651.4164    214.7779     34.6490    651.1646    214.7779     34.6490
    -92.9046   -157.8627      0.6315     93.0806   -157.8627      0.6315   -447.2285    365.2906      0.5306    447.4294    365.2906      0.5306   -599.1505   -566.5749     -0.8036    599.2215   -566.5749     -0.8036   -659.8393    651.7124     -0.6271    659.9357    651.7124     -0.6271   -244.9495   -588.9993     -0.0267    244.6200   -588.9993     -0.0267   -668.7289    233.8354      0.0325    668.4799    233.8354      0.0325
      0.1145    155.4616    155.4616      0.1145    155.4616    155.4616   -342.2133    429.7883    429.7883    342.4979    429.7883    429.7883     -0.0624   -687.8800   -687.8800     -0.0624   -687.8800   -687.8800     -0.1633   -283.7218   -283.7218     -0.1633   -283.7218   -283.7218   -438.3401    -48.1265    -48.1265    438.4006    -48.1265    -48.1265   -747.1156    -36.4586    -36.4586    746.6894    -36.4586    -36.4586
    -51.8539     73.4245    302.9550     52.0357     73.4245    302.9550   -435.7631    463.8847    523.8849    436.0330    463.8847    523.8849   -179.0497   -601.1664   -798.2296    179.0039   -601.1664   -798.2296    -33.4345   -450.9838   -200.1285     33.1414   -450.9838   -200.1285   -682.8364    384.5585   -546.4308    682.6376    384.5585   -546.4308   -703.9117   -204.3834    203.9060    703.8878   -204.3834    203.9060
    -70.8929     -1.5065    422.7571     71.0113     -1.5065    422.7571   -523.9225    475.3164    551.3108    524.1674    475.3164    551.3108   -316.6297   -524.4580   -795.4309    316.6863   -524.4580   -795.4309   -721.4772    500.1361   -617.0097    721.4585    500.1361   -617.0097    -63.0309   -564.2871   -128.5145     62.7548   -564.2871   -128.5145   -782.9990   -101.9152    146.2959    782.9191   -101.9152    146.2959
    -26.0756    -50.4583    441.4508     26.1362    -50.4583    441.4508   -598.4658    461.1469    421.4116    598.6801    461.1469    421.4116   -450.5337   -477.5841   -639.4712    450.6737   -477.5841   -639.4712   -713.9570    590.5309   -469.8294    714.0365    590.5309   -469.8294    -84.2824   -627.4562    -63.3480     84.0172   -627.4562    -63.3480   -836.9257    -35.2256     76.7265    836.8392    -35.2256     76.7265
    -72.6522    -48.1564      0.6907     72.7977    -48.1564      0.6907   -633.1691    443.5217      0.4836    633.3660    443.5217      0.4836   -578.2965   -481.1033     -0.8771    578.3603   -481.1033     -0.8771   -700.1245    633.3981     -0.5331    700.2413    633.3981     -0.5331    -91.9209   -647.7353     -0.0583     91.6595   -647.7353     -0.0583   -855.9888    -12.0283      0.0721    855.9028    -12.0283      0.0721
      0.0549    219.0415    219.0415      0.0549    219.0415    219.0415   -550.7481    537.7600    537.7600    551.0029    537.7600    537.7600      0.0020   -674.3362   -674.3362      0.0020   -674.3362   -674.3362     -0.1065   -356.3234   -356.3234     -0.1065   -356.3234   -356.3234   -609.5038    -54.1993    -54.1993    609.6175    -54.1993    -54.1993   -975.9136    -47.0676    -47.0676    975.7462    -47.0676    -47.0676
    -12.9976    132.1185    346.9225     13.0005    132.1185    346.9225   -666.1196    531.0276    541.8494    666.3480    531.0276    541.8494   -171.0700   -521.9192   -689.4354    171.1968   -521.9192   -689.4354     -2.4202   -501.5771   -233.6933      2.2422   -501.5771   -233.6933   -801.0160    431.2554   -512.7202    800.9648    431.2554   -512.7202   -889.2603   -318.7369    234.7205    889.4025   -318.7369    234.7205
    -54.5417     59.1009    405.3415     54.4113     59.1009    405.3415   -350.9622   -402.5271   -589.3142    351.2472   -402.5271   -589.3142   -771.7916    505.9558    394.5003    771.9908    505.9558    394.5003     -0.5189   -594.6653   -114.2523      0.3496   -594.6653   -114.2523   -773.5427    520.4876   -395.5824    773.6436    520.4876   -395.5824   -940.5556   -248.8327    124.7793    940.6472   -248.8327    124.7793
   -228.9473     48.7027      0.7628    229.0531     48.7027      0.7628   -562.8357   -376.4456     -0.9368    562.8947   -376.4456     -0.9368   -823.9361    487.0721      0.4379    824.1230    487.0721      0.4379     -0.2291   -625.7486     -0.1047      0.0612   -625.7486     -0.1047   -744.9222    560.7269     -0.4438    745.0650    560.7269     -0.4438   -959.8174   -223.8301      0.1177    959.9038   -223.8301      0.1177
     -0.0966    253.4240    253.4240     -0.0966    253.4240    253.4240      0.1495   -516.6921   -516.6921      0.1495   -516.6921   -516.6921   -812.7270    517.8031    517.8031    812.9295    517.8031    517.8031     -0.0531   -364.4965   -364.4965     -0.0531   -364.4965   -364.4965   -734.4693    -45.8073    -45.8073    734.6311    -45.8073    -45.8073  -1040.7094    -52.5399    -52.5399   1040.7971    -52.5399    -52.5399
    -79.9264    150.4420    333.6525     79.3760    150.4420    333.6525   -210.7624   -332.3595   -469.0059    211.4265   -332.3595   -469.0059   -950.0846    485.2454    363.7648    950.2677    485.2454    363.7648    -20.8036   -476.0809   -188.2275     20.7213   -476.0809   -188.2275   -826.7935    393.8659   -329.2348    826.9123    393.8659   -329.2348   -947.1298   -355.2788    172.5790    947.3590   -355.2788    172.5790
   -373.1482    109.7315      0.8537    373.2156    109.7315      0.8537   -552.1718   -258.1958     -0.9806    552.2279   -258.1958     -0.9806  -1017.9019    466.6693      0.3947   1018.0850    466.6693      0.3947    -31.7061   -519.5076     -0.1751     31.6250   -519.5076     -0.1751   -788.7619    426.0465     -0.3679    788.9333    426.0465     -0.3679   -962.2894   -332.0835      0.1639    962.4924   -332.0835      0.1639
     -0.8431    209.4376    209.4376     -0.8431    209.4376    209.4376      0.8932   -277.1996   -277.1996      0.8932   -277.1996   -277.1996  -1116.7353    334.5473    334.5473   1116.9251    334.5473    334.5473     -0.0190   -270.6993   -270.6993     -0.0190   -270.6993   -270.6993   -809.8512    -25.9885    -25.9885    810.0453    -25.9885    -25.9885   -937.0890    -44.0992    -44.0992    937.3176    -44.0992    -44.0992
   -492.1377     98.4888      0.9542    492.1881     98.4888      0.9542   -545.9121   -131.2291     -1.0072    545.9666   -131.2291     -1.0072  -1198.2260    320.6787      0.3587   1198.4391    320.6787      0.3587    -17.1122   -310.6316     -0.2625     17.0800   -310.6316     -0.2625   -822.2359    232.0532     -0.3159    822.4316    232.0532     -0.3159   -889.2319   -267.7618      0.2026    889.4622   -267.7618      0.2026
   -543.8470      0.1118      0.1118   -543.8470      0.1112      0.1118    543.9010     -0.1213     -0.1218    543.9010     -0.1219     -0.1219  -1286.0518      0.3429      0.3429   1286.3062      0.3429      0.3429     -0.0123     -0.3100     -0.3100     -0.0123     -0.3100     -0.3100   -834.9759      0.2210      0.2210   -834.9759      0.2159      0.2124    835.1813     -0.2937     -0.2902    835.1813     -0.2987     -0.2987
     75.4588     75.4588     75.4588    151.7913    151.7913    151.7913     75.4429     75.4429     75.4429    319.0646    319.0646    319.0646   -437.6795   -437.6795   -437.6795   -188.5277   -188.5277   -188.5277   -437.7768   -437.7768   -437.7768   -173.8104   -173.8104   -173.8104   -134.3255   -134.3255   -134.3255   -173.7978   -173.7978   -173.7978    134.5471    134.5471    134.5471    134.8918    134.8918    134.8918
     70.4086     70.4086    164.6981     61.7585     61.7585    294.1603     61.7275     61.7275    294.1603    395.8636    395.8636    454.7507   -303.7366   -303.7366   -855.4326   -286.5021   -286.5021   -531.0725   -286.3779   -286.3779   -531.0725   -226.7803   -226.7803   -184.7601   -280.3342   -280.3342    -40.8115   -280.6020   -280.6020    -40.8115    378.8927    378.8927   -318.6496    201.8003    201.8003    217.5163
     -1.7263     -1.7263    323.0311     38.1182     38.1182    413.6053     38.0742     38.0742    413.6053    462.3025    462.3025    557.2769   -372.9178   -372.9178   -917.8435   -180.6324   -180.6324   -700.2249   -180.5747   -180.5747   -700.2249   -301.9889   -301.9889   -146.7739    527.7407    527.7407   -570.3811   -326.0799   -326.0800     -9.5795   -326.3107   -326.3107     -9.5795    309.6356    309.6356    185.1974
    -54.0715    -54.0715    457.4212      3.0394      3.0394    480.6453      2.9868      2.9868    480.6453    513.2524    513.2524    593.2518   -414.6553   -414.6553   -887.8323    -99.6538    -99.6539   -717.2877    -99.6602    -99.6602   -717.2877    621.9098    621.9098   -661.5926   -357.3852   -357.3852   -101.7464   -340.5792   -340.5792     -2.2526   -340.7582   -340.7582     -2.2526    398.7003    398.7003    135.5615
    -59.4192    -59.4192    499.4159    -43.7096    -43.7096    404.6014    -43.7579    -43.7579    404.6014    542.2469    542.2469    464.4855   -463.0934   -463.0934   -724.1888    -27.2602    -27.2602   -535.7470    -27.3073    -27.3073   -535.7470    674.2281    674.2281   -516.5599   -391.2713   -391.2713    -52.0416   -345.7500   -345.7500     -0.3402   -345.9013   -345.9013     -0.3402    457.9294    457.9294     71.8005
      5.0886      5.0886      0.8630    -75.8307    -75.8307      0.4965    -75.8622    -75.8622      0.4965    548.6879    548.6879      0.5451   -545.1059   -545.1059     -1.0735     13.2362     13.2362     -0.6215     13.1614     13.1614     -0.6215    693.7952    693.7952     -0.5987   -402.6727   -402.6727     -0.0484   -347.0803   -347.0803     -0.0001   -347.2231   -347.2231     -0.0001    478.7601    478.7601      0.0677
    122.2481    144.7474    144.7474    122.2481    144.7120    144.7120   -181.0648    332.9682    332.9682    486.7084    521.5133    521.5133    -77.1652   -672.0273   -672.0273    -77.1652   -672.0961   -672.0961   -916.7015   -152.3601   -152.3601   -158.1532   -272.2201   -272.2201   -158.1532   -272.2527   -272.2527   -395.2817   -136.9415   -136.9415    458.6623     54.2636     54.2636    454.5181    141.0719    141.0719
     45.8461    122.4465    249.5157    147.3361     -7.4288    326.4379   -281.7519    348.2368    426.8924    571.3578    574.8729    609.9998   -200.7985   -421.0947   -923.5489    145.5097   -769.7454   -618.3279   -825.6767    241.5682   -525.9926   -178.6763   -367.3996   -227.2960   -119.5205   -485.5976   -164.4132   -613.5930   -261.4170     60.4601    613.4201    458.4793   -431.5815    573.9198     11.3517    284.7111
     -9.7827     46.9601    406.9443    134.0971    -98.3064    400.3872   -383.6334    334.0341    459.6784    646.2246    611.3836    627.1461   -271.9292   -379.1517   -889.7589    331.6605   -645.5678   -644.4977   -735.3051    409.3966   -585.6606   -204.2163   -447.0844   -152.6388    -82.7883   -631.7120    -97.8516   -758.8564   -195.9927     64.3970    709.8619    584.8479   -578.5867    663.2107     99.7248    217.3299
    -13.7244      5.5194    522.1466     68.2088   -179.4558    347.9012   -476.0298    288.9659    351.4366   -338.8177   -359.9411   -772.7587    705.4554    627.9114    475.6259    496.3529   -545.2151   -484.0494   -661.0542    534.6326   -428.9352   -222.7433   -491.1716    -76.9727    -54.6858   -716.7657    -45.8709    743.4030    656.5549   -472.4213   -832.2083   -139.3803     35.9849    726.6388    167.3593    116.9575
      2.1299   -218.2211      0.4329    152.7172    102.5832      1.4719   -520.8994    253.4999      0.3993   -528.1169   -464.6481     -1.7061    731.7983    629.3892      0.5473    594.5156   -500.6673     -0.5629   -622.9553    596.1134     -0.4751   -229.3506   -505.3878     -0.0714    746.0584    683.3064     -0.5508    -44.3544   -744.2193     -0.0416   -855.5462   -118.9899      0.0342    749.7387    191.9153      0.1108
     57.7573    195.6399    195.6399     57.7573    195.5744    195.5744   -404.7344    416.0259    416.0259    677.8807    647.9358    647.9358      1.3978   -650.6077   -650.6077      1.3978   -650.6343   -650.6343   -110.0216   -341.5888   -341.5888   -110.0216   -341.6376   -341.6376  -1016.5771    -90.2764    -90.2764   -537.6112   -121.7441   -121.7441    657.9733     27.6687     27.6687    822.5189     68.7528     68.7528
    -17.1959    131.6594    323.5648     19.8751     55.2955    301.7576   -534.8713    379.6971    419.8999    779.5220    670.1300    647.5256    -88.7880   -336.2288   -806.5662    223.1307   -651.2741   -489.6344    -99.6745   -450.3654   -228.6629    -86.6189   -503.9923   -229.8801   -838.5523    335.0011   -431.1799   -750.0458   -313.6021    124.5000    788.6208    492.3293   -465.8455    883.3611   -190.4906    285.0158
    -82.2553    -52.6582    265.0931    -70.6491     28.9020    478.5126   -656.1876    325.1200    297.1959   -129.6887   -212.6388   -730.9920    445.9894   -475.4916   -370.0769    870.0710    677.2115    479.0391   -710.4889    468.1339   -326.0842    -96.1530   -518.6405   -112.5792    -81.7239   -619.0055   -114.2078   -853.0324   -264.1779     78.5338    817.0507    585.6787   -418.2026    940.3010   -144.6949    163.4875
   -171.6454   -111.8581      0.3262    284.4308    186.9548     22.9271   -515.2687   -364.5032    -23.1637   -714.2238    292.6437      0.3208    576.6858   -390.3853     -0.4271    915.5339    676.4221      0.5434   -655.5028    522.0007     -0.3527    -95.6061   -540.4785     -0.1036    -81.0165   -660.4484     -0.1048   -243.6574    -19.5134      0.0757    168.8656    393.0475     -0.4953    963.7580   -122.6325      0.1566
    -92.6116    189.7133    189.7133    -92.6116    189.8249    189.8249   -694.6484    364.8532    364.8532    148.9052   -454.5841   -454.5841    148.9052   -454.5689   -454.5689    912.0111    656.6969    656.6969    -56.3499   -352.1456   -352.1456    -56.3499   -352.1037   -352.1037   -961.6784    -12.2204    -12.2204   -638.2579    -90.7514    -90.7514    811.2868     10.4978     10.4978   1047.0625    -31.5949    -31.5949
   -234.3576     52.4623    145.4925   -237.8834      3.5620    308.2685    174.1896    -42.8364   -531.4411   -839.1124    306.5042    244.0715    418.2707   -393.3899   -185.0157   1037.0963    659.0759    479.4581    -59.2366   -453.6015   -205.2753    -28.1786   -461.2775   -167.6210   -755.8812    347.9009   -232.2780   -800.0234   -292.3562    117.7727    885.4063    444.3583   -354.9394   1038.0138   -356.6238    189.3832
   -329.9335    -31.7980      0.1653   -506.2666   -250.4042      0.7809    401.8981    234.3348     -0.9906   -904.6790    277.9284      0.2548    564.5893   -267.1667     -0.1975   1103.3102    659.7311      0.5412    -68.2440   -505.6416     -0.1970    -17.7840   -494.5937     -0.1541   -686.2690    392.2372     -0.2560   -837.2115   -272.7133      0.1206    869.5205    475.3184     -0.4434   1050.8784   -349.4639      0.1914
   -396.7353     38.4887     38.4887   -396.7353     38.4716     38.4716    449.1250   -105.7473   -105.7473    449.1250   -105.9050   -105.9050   -996.2452    199.4077    199.4077    -20.0628   -265.5063   -265.5063    -20.0628   -265.5111   -265.5111   1201.8840    483.3075    483.3075   -804.0806     33.7902     33.7902   -697.8654    -48.3318    -48.3318    906.9315      2.5145      2.5145   1047.6388   -112.1551   -112.1551
   -451.2803      4.6293     -0.0229   -500.9244   -127.3785      0.1333    504.1804    191.2467     -0.2865    557.5688   -135.6251      0.0794  -1064.0983    180.3333      0.2048    -32.3931   -279.8343     -0.2995     -1.3871   -328.6836     -0.2245   1294.2072    489.1829      0.5506   -709.0563    211.7776     -0.1923   -759.1311   -187.3913      0.1598    919.6628    262.6348     -0.4061   1006.9381   -357.1932      0.2013
   -499.1521      0.0127      0.0127   -499.1521     -0.1184     -0.1184    555.2661      0.2199      0.2199    555.2661     -0.1259     -0.1259  -1131.5699      0.1846      0.1846    -12.7322     -0.3086     -0.3086    -12.7322     -0.3095     -0.3095   1406.4700      0.5644      0.5644   -717.5710      0.2010      0.2010   -717.5710     -0.1942     -0.1942    939.3273      0.2515      0.2515    939.3273     -0.4503     -0.4503
    112.1759    112.1759    112.1759    233.7729    233.7729    233.7729    112.1086    112.1086    112.1086    605.5949    605.5949    605.5949   -596.0885   -596.0885   -596.0885   -210.6479   -210.6479   -210.6479   -596.2264   -596.2264   -596.2264   -272.8046   -272.8046   -272.8046   -210.6505   -210.6505   -210.6505   -272.8460   -272.8460   -272.8460    260.8047    260.8047    260.8047    261.1436    261.1436    261.1436
    134.8546    134.8546    166.3280     56.5997     56.5997    319.4754     56.5083     56.5083    319.4754    679.7482    679.7482    684.4915   -223.7882   -223.7882   -969.4528   -421.8657   -421.8657   -385.0065   -421.9313   -421.9313   -385.0065   -268.4992   -268.4992   -261.9036   -338.2761   -338.2761   -139.3462   -338.4386   -338.4386   -139.3462    548.3223    548.3223   -288.3341    283.2370    283.2370    400.9628
     38.1440     38.1440    340.5120    -22.7689    -22.7689    350.2197    -22.8695    -22.8695    350.2197    741.8578    741.8578    688.8590   -202.0974   -202.0974   -902.2177   -218.8572   -218.8572   -455.5976   -218.8966   -218.8966   -455.5976   -310.0712   -310.0712   -179.5990   -413.7832   -413.7832    -63.1565   -414.0045   -414.0045    -63.1565    676.4287    676.4287   -502.2695    390.4269    390.4269    307.4637
    -59.0547    -59.0547    506.5537   -116.5845   -116.5845    263.1799   -116.6693   -116.6693    263.1799   -148.1256   -148.1256   -794.8749    788.8858    788.8858    517.5279    -52.2649    -52.2649   -333.9758    -52.3672    -52.3672   -333.9758   -335.1122   -335.1122    -91.2879   -454.0137   -454.0137    -23.1141   -454.2079   -454.2079    -23.1141    735.6368    735.6368   -450.5088    469.1107    469.1107    168.7058
   -168.9476   -168.9476      0.2922   -169.0108   -169.0108      0.2922   -451.3558   -451.3558      8.8149    230.0400    230.0400     -9.0836     23.0892     23.0892     -0.3628     22.9427     22.9427     -0.3628    809.6080    809.6080      0.5959   -343.4755   -343.4755     -0.0848   -465.5962   -465.5962     -0.0191   -465.7737   -465.7737     -0.0191    748.3770    748.3770     -0.5423    498.5004    498.5004      0.1611
    105.5795    127.2372    127.2372    105.5795    127.1250    127.1250   -247.5620    281.8283    281.8283    777.2712    746.9196    746.9196     -1.4077   -576.0761   -576.0761     -1.4077   -576.1504   -576.1504   -977.0716    -75.3308    -75.3308   -190.1312   -307.7019   -307.7019   -190.1312   -307.7790   -307.7790   -448.5906   -176.0079   -176.0079    672.6050    124.9566    124.9566    523.2284    264.2880    264.2880
    -29.1393     62.8359    215.2297     32.8947    -82.8823    219.1993   -393.7359    216.4008    280.9150      9.9665   -114.4928   -810.1600    239.6299   -720.8043   -253.4130    866.5795    797.5552    738.7279   -829.3519    236.5535   -229.3654   -186.8009   -358.5705   -224.9935   -149.4343   -466.4773   -212.6892   -571.9388   -231.4474    -50.3608    776.3237    571.0564   -381.3696    700.4233     46.4413    379.7048
    -64.7726   -219.0136    155.8693   -208.1920   -123.3057    321.4219   -528.3054    140.3204    189.6404    121.3911     65.8886   -626.8485    454.8246   -506.3993   -177.8000    944.8519    837.0010    551.9807   -629.9255    426.8606   -196.5023   -189.4033   -401.8108   -112.8310   -136.1403   -593.4875   -110.3839   -708.0371   -221.5651      1.5291    828.2104    670.6872   -412.1768    803.8092     85.8777    222.2406
   -117.5246   -283.5082      0.1655   -441.1229   -354.6903      0.6688   -588.9306    102.0897      0.1976    332.6810    294.7714     -0.9533    549.4706   -405.8588     -0.1882   -546.0081    494.5113     -0.2129    985.3986    856.3338      0.6380   -190.9017   -415.4700     -0.1044   -133.6018   -645.5714     -0.1023   -754.7913   -208.0020      0.0085    829.0461    689.6322     -0.5202    842.6234    109.0500      0.2155
   -135.5729     52.8850     52.8850   -135.5729     52.7733     52.7733   -562.7452    202.8874    202.8874    242.6917   -322.2364   -322.2364    242.6917   -322.3086   -322.3086    986.0575    780.6709    780.6709   -831.1893     68.5666     68.5666   -106.6562   -317.9581   -317.9581   -106.6562   -317.8763   -317.8763   -527.3358   -126.1765   -126.1765    860.0283     81.4788     81.4788    938.3189     79.3312     79.3312
   -234.8384   -110.4542     34.9300   -320.7338   -127.4542    100.6495   -704.6847    134.8536    128.5401    331.6814    198.4804   -396.2443    447.7225   -388.5441     18.7344    -83.1704   -406.5117   -212.4105    -82.2171   -403.4507   -149.2430   -659.6191    311.2995    -68.8702   1098.5608    820.4991    586.9302   -631.1803   -203.7810     12.4848    924.3946    515.8301   -346.0217   1038.7865   -266.0500    227.2591
   -275.2440   -174.9896      0.0336   -433.8507   -243.9193      0.1455   -763.2338    106.2893      0.1297    413.6000    327.4315     -0.4217    536.5501   -276.9874      0.0342    -87.6794   -463.9310     -0.2171    -74.6488   -426.3777     -0.1372   -567.4119    368.9219     -0.1009   -689.3452   -198.5198      0.0377   1162.1687    846.2372      0.6893    918.6973    548.2252     -0.4957   1075.3919   -280.8269      0.2391
   -372.7345    -56.4402    -56.4402   -372.7345    -56.4550    -56.4550   -841.4608     85.2656     85.2656    467.5353    -11.2612    -11.2612    467.5353    -11.5318    -11.5318    -37.7232   -249.4944   -249.4944    -37.7232   -249.4855   -249.4855   -656.8565    106.2711    106.2711   -573.4865    -65.7747    -65.7747   1253.1944    635.6194    635.6194    984.7131     39.7801     39.7801   1118.9334   -143.2914   -143.2914
   -386.9651    -81.4724     -0.0732   -429.4923   -124.1481     -0.0267   -894.8026     69.0819      0.0856    483.1321    270.1221     -0.2119    529.1347   -140.3967      0.2421    -41.4782   -243.6489     -0.3324    -20.4878   -325.3754     -0.1890   -582.9425    198.0981     -0.0293   -619.3303   -122.1735      0.0615   1352.0444    679.8121      0.7812    996.3163    310.5730     -0.4775   1105.5993   -437.7601      0.1875
   -428.0391     -0.0730     -0.0730   -428.0391     -0.1154     -0.1154   -945.2772      0.0698      0.0698    526.7162      0.3309      0.3309    526.7162     -0.1303     -0.1303    -22.0091     -0.3058     -0.3058    -22.0091     -0.3070     -0.3070   -588.6764      0.1876      0.1876   -588.6764     -0.1211     -0.1211   1493.0169      0.8873      0.8873   1028.4079      0.3006      0.3006   1028.4079     -0.6783     -0.6783
     21.0060     21.0060     21.0060    132.3886    132.3886    132.3886     20.8774     20.8774     20.8774    835.3336    835.3336    835.3336   -442.8345   -442.8345   -442.8345    -10.7381    -10.7381    -10.7381   -442.9672   -442.9672   -442.9672   -282.2968   -282.2968   -282.2968   -217.7111   -217.7111   -217.7111   -282.3925   -282.3925   -282.3925    370.2847    370.2847    370.2847    370.6238    370.6238    370.6238
    -38.4369    -38.4369     44.7719   -105.3074   -105.3074    126.1483   -105.4259   -105.4258    126.1483    102.9294    102.9294   -709.6328   -253.2738   -253.2738    -22.5102   -253.4382   -253.4382    -22.5102    914.6630    914.6630    818.5046   -247.2851   -247.2851   -236.2882   -295.4676   -295.4677   -184.2281   -295.6036   -295.6036   -184.2281    696.5325    696.5325   -276.5543    358.5280    358.5280    523.7729
   -230.4014   -230.4014    103.1371   -215.8364   -215.8364     78.9818   -215.9376   -215.9376     78.9818    261.7691    261.7691   -441.6720    -59.5122    -59.5122    -21.9599    -59.6986    -59.6986    -21.9599   -264.9603   -264.9603   -119.6318   -343.3922   -343.3922   -102.5070   -343.5573   -343.5573   -102.5070    986.2571    986.2571    618.1270    782.7728    782.7728   -387.8572    464.6165    464.6165    307.1937
   -347.0226   -347.0226      0.1494   -261.3788   -261.3788      0.0790   -261.4730   -261.4730      0.0790    367.5243    367.5243     -0.4641     26.9302     26.9302     -0.0254     26.7189     26.7189     -0.0254   -270.8421   -270.8421     -0.1110   -371.6357   -371.6357     -0.0972   -371.7936   -371.7936     -0.0972   1026.9761   1026.9761      0.7302    790.7324    790.7324     -0.5319    509.6841    509.6841      0.3020
   -131.3140    -83.9812    -83.9812   -131.3140    -84.0718    -84.0718   -422.7048     42.5032     42.5032    279.3125   -192.5523   -192.5523    279.3125   -192.7187   -192.7187   -661.3223    170.8858    170.8858   -146.5811   -270.2853   -270.2853   -146.5811   -270.4011   -270.4011   -405.2314   -153.0964   -153.0964   1024.0362    892.1314    892.1314    863.5794    172.8554    172.8554    640.2078    310.4577    310.4577
   -279.0662   -178.0103    -46.2773   -191.8050   -259.2646    -21.8485   -549.0129    -15.9282     26.7850    364.1637    314.2671   -301.2429    404.6598   -378.9067    150.5796   -526.3131    303.3713     95.0417    -91.7835   -352.0221   -201.8084   -136.0373   -305.9217   -138.2537   -466.8713   -132.3060    -91.5731   1128.6602    967.8098    687.8678    920.3469    629.0118   -326.4472    879.5656    -23.2114    340.8458
   -341.5085   -238.7952     -0.0343   -212.3181   -305.1407     -0.0214   -596.3187    -37.0312      0.0267    406.6281    377.2320     -0.2890    462.8925   -286.9559      0.1860   -436.2039    353.0564      0.0921    -88.0639   -408.9487     -0.2336   -133.3155   -318.9664     -0.1278   -527.1703   -127.3802     -0.0908   1193.8766   1020.9819      0.8440    917.1440    657.9102     -0.5420    964.6888    -40.3808      0.3551
   -299.2336   -111.2625   -111.2625   -299.2336   -111.2976   -111.2976   -657.2499     -4.2093     -4.2093    419.6598     36.9327     36.9327    419.6598     36.6413     36.6413    -52.7408   -221.1597   -221.1597    -52.7408   -221.1064   -221.1064   -500.2436    165.7360    165.7360   -439.1640    -78.9594    -78.9594   1271.5737    783.3481    783.3481   1035.2806     91.6923     91.6923   1112.6227    -88.0082    -88.0082
   -338.1766   -121.5780     -0.1175   -304.7708   -153.7268     -0.0890   -696.3878    -14.5840     -0.0026    428.0982    317.4809     -0.1880    455.7737   -145.2011      0.3644    -42.2361   -208.3954     -0.3593    -39.8288   -290.5218     -0.1605   -446.5250    188.9242      0.1661   -471.8011    -73.0094     -0.0855   1375.0020    880.5981      1.0534   1042.7585    390.7258     -0.5552   1169.4391   -465.6802      0.2286
   -337.0609     -0.1130     -0.1130   -337.0609     -0.1424     -0.1424   -732.3717     -0.0121     -0.0121    453.4639      0.4361      0.4361    453.4639     -0.1347     -0.1347    -25.3457     -0.2451     -0.2451    -25.3457     -0.3606     -0.3606   -450.3050      0.1787      0.1787   -450.3050     -0.0705     -0.0705   1549.6687      1.3987      1.3987   1100.3850      0.3866      0.3866   1100.3850     -1.0485     -1.0485
   -189.4936   -189.4936   -189.4936    -98.9889    -98.9889    -98.9889   -189.5871   -189.5871   -189.5871    -93.5817    -93.5817    -93.5817    273.0409    273.0409    273.0409    -93.8033    -93.8033    -93.8033   -223.3691   -223.3691   -223.3691   -172.0593   -172.0593   -172.0593   -223.5065   -223.5065   -223.5065    996.8377    996.8377    996.8377    455.2137    455.2137    455.2137    455.5860    455.5860    455.5860
   -198.7404   -198.7404   -138.9305   -254.5719   -254.5719    -52.4322   -254.6801   -254.6801    -52.4322    349.9066    349.9066   -236.5694    -22.6996    -22.6996    216.6984    -22.9523    -22.9523    216.6984   -183.3497   -183.3497   -138.8183   -199.6185   -199.6184   -162.7918   -199.7587   -199.7587   -162.7918   1105.2176   1105.2176    792.3849    810.4400    810.4400   -288.1708    434.1826    434.1826    521.5010
   -235.0775   -235.0775     -0.1279   -276.4932   -276.4932     -0.0493   -276.6088   -276.6088     -0.0493    378.7221    378.7221     -0.2207     23.5811     23.5811      0.2965     23.3171     23.3171      0.2965   -187.1004   -187.1004     -0.1287   -213.1580   -213.1579     -0.2457   -213.2955   -213.2957     -0.2457   1187.1844   1187.1844      1.0362    821.3328    821.3328     -0.6025    515.2815    515.2815      0.5535
   -207.4374   -146.7708   -146.7708   -207.4374   -146.8525   -146.8525   -450.5217    -67.9214    -67.9214    336.7401     51.7750     51.7750    336.7401     51.5048     51.5048   -337.1045    209.0301    209.0301    -69.0757   -178.1784   -178.1784    -69.0757   -178.0582   -178.0582   -297.1799    -88.2188    -88.2188   1244.6225    927.6029    927.6029   1035.2507    173.4162    173.4162    899.9965    161.4902    161.4902
   -232.8173   -119.7030     -0.1775   -209.8659   -207.9900     -0.0957   -476.1244    -72.6900     -0.0631    344.3911    312.5938     -0.1724    336.9948   -149.4725      0.4606    -34.2797   -179.2821     -0.3789    -62.9125   -213.8722     -0.1428   -302.2077    183.0397      0.3667   -318.1623    -39.0341     -0.2529   1363.0881   1079.6984      1.3966   1031.2124    538.6423     -0.6867   1135.4901   -317.0494      0.4820
   -232.0582     -0.1113     -0.1113   -232.0582     -0.1932     -0.1932   -499.2960     -0.0674     -0.0674    335.1259      0.5246      0.5246    335.1259     -0.1386     -0.1386    -21.8913     -0.2934     -0.2934    -21.8913     -0.3051     -0.3051   -304.5123      0.1730      0.1730   -304.5123     -0.0373     -0.0373   1582.6617      2.3565      2.3565   1153.4131      0.5648      0.5648   1153.4131     -1.7527     -1.7527
   -167.3703   -167.3703   -167.3703   -105.9345   -105.9345   -105.9345   -167.4830   -167.4830   -167.4830     32.8730     32.8730     32.8730    235.1373    235.1373    235.1373     32.6165     32.6165     32.6165   -121.7470   -121.7471   -121.7471    -93.7229    -93.7227    -93.7227   -121.9102   -121.9102   -121.9102   1090.1290   1090.1290   1090.1290    509.0240    509.0240    509.0240    509.5924    509.5924    509.5924
   -118.5589   -118.5589     -0.2126   -174.1632   -174.1632     -0.0985   -174.2867   -174.2867     -0.0985    243.8450    243.8450     -0.1571     13.7814     13.7814      0.5239     13.4826     13.4826      0.5239    -89.6149    -89.6149     -0.3908    -89.7458    -89.7458     -0.3908    -95.5498    -95.5498     -0.1390   1284.2173   1284.2173      2.0052    840.0234    840.0234     -0.9753    517.6664    517.6664      1.2337
   -118.1739     -0.1102     -0.1102   -118.1739     -0.2243     -0.2243   -252.9210     -0.0994     -0.0994    178.6867      0.5844      0.5844    178.6867     -0.1413     -0.1413    -12.6144     -0.1484     -0.1484    -12.6144     -0.4449     -0.4449   -153.5767      0.1698      0.1698   -153.5767     -0.0183     -0.0183   1598.8579      5.0499      5.0499   1185.9343      1.1118      1.1118   1185.9343     -3.7466     -3.7466
     -0.1098     -0.1098     -0.1098     -0.1098     -0.1582     -0.1604     -0.2347     -0.1863     -0.1841      0.1688      0.1425      0.1322      0.1072      0.0132      0.0132     -0.0122      0.0132      0.0132     -0.0122     -0.0008      0.0088     -0.0807     -0.0122     -0.0122     -0.1423     -0.1275     -0.1267   1603.5870   1603.5870   1603.5870   1196.8985   1196.8985   1196.8985   1196.8985   1196.8985   1196.8985
