120 Out of 768 Normal Mode Frequencies in 1/ps for a 4x4x4 Ar Lattice.
   13.302643   13.302643   13.302643   13.302643    6.018316    6.018316    6.018316    6.018316    6.018316    6.018316    6.018316    6.018316
   12.604772   12.604772   12.604772   12.604772    7.419592    7.419592    7.419592    7.419592    6.015108    6.015108    6.015108    6.015108
   11.343934   11.343934   11.343934   11.343934    9.273400    9.273400    9.273400    9.273400    6.011899    6.011899    6.011899    6.011899
   12.608286   12.608286   11.400691   11.400691    9.114499    9.114499    7.279942    7.279942    6.230631    6.230631    6.181146    6.181146
   11.657269   11.657269   10.828064   10.828064   10.150992   10.150992    7.805595    7.805595    7.382588    7.382588    5.679044    5.679044
   11.407344   11.407344   11.407344   11.407344    9.087008    9.087008    8.971640    8.971640    6.432710    6.432710    6.432710    6.432710
   12.374833   12.374833   12.374833    9.243455    9.118672    9.118672    9.118672    7.698859    7.698859    7.698859    4.266127    4.266127
   12.245237   12.095292   12.095292   10.739242    9.171883    9.171883    8.229386    8.102971    8.102971    7.318095    4.965844    3.095192
   12.780804   12.780804   12.180339    9.816227    9.816227    9.020177    9.020177    8.384249    8.384249    4.761765    3.493216    3.493216
   13.301228   13.301228   13.301228    9.068455    9.068455    9.068455    9.068455    9.068455    9.068455    0.000000    0.000000    0.000000
