120 Out of 768 Velocities in m/s for a 4x4x4 Ar Lattice.
      0.1497      0.1497      0.1497      0.1497      0.1497      0.1497      0.1497      0.1497      0.1497      0.1497      0.1497      0.1497     -0.3467     -0.3466     -0.3466     -0.3466     -0.3235     -0.3466     -0.3466     -0.3022     -0.3461     -0.3447     -0.2545     -0.3386     -0.0012     -0.0913     -0.0073      0.0008     -0.0437      0.0002      0.0008     -0.0224      0.0007      0.0008      0.0008      0.0008
   -220.7002   -220.7002    441.9298   -220.7002   -220.7002    441.9298    220.9588    220.9588    441.9298    220.9588    220.9588    441.9298   -469.0696   -469.0696   -777.2418   -469.0696   -469.0696   -777.2418    468.9895    468.9895   -777.2418    468.9895    468.9895   -777.2418   -316.1542   -316.1542      1.6801   -316.1541   -316.1541      1.6801    315.7859    315.7859      1.6801    315.7859    315.7859      1.6801
   -266.7305   -266.7305      0.5793   -266.7305   -266.7305      0.5793    266.9250    266.9250      0.5793    266.9250    266.9250      0.5793   -626.1302   -626.1302     -0.7189   -626.1302   -626.1302     -0.7189    626.2116    626.2116     -0.7189    626.2116    626.2116     -0.7189   -447.6955   -447.6955      0.0008   -447.6955   -447.6955      0.0008    447.3602    447.3602      0.0008    447.3602    447.3602      0.0008
      0.0549    219.0415    219.0415      0.0549    219.0415    219.0415   -550.7481    537.7600    537.7600    551.0029    537.7600    537.7600      0.0020   -674.3362   -674.3362      0.0020   -674.3362   -674.3362     -0.1065   -356.3234   -356.3234     -0.1065   -356.3234   -356.3234   -609.5038    -54.1993    -54.1993    609.6175    -54.1993    -54.1993   -975.9136    -47.0676    -47.0676    975.7462    -47.0676    -47.0676
   -228.9473     48.7027      0.7628    229.0531     48.7027      0.7628   -562.8357   -376.4456     -0.9368    562.8947   -376.4456     -0.9368   -823.9361    487.0721      0.4379    824.1230    487.0721      0.4379     -0.2291   -625.7486     -0.1047      0.0612   -625.7486     -0.1047   -744.9222    560.7269     -0.4438    745.0650    560.7269     -0.4438   -959.8174   -223.8301      0.1177    959.9038   -223.8301      0.1177
   -543.8470      0.1118      0.1118   -543.8470      0.1112      0.1118    543.9010     -0.1213     -0.1218    543.9010     -0.1219     -0.1219  -1286.0518      0.3429      0.3429   1286.3062      0.3429      0.3429     -0.0123     -0.3100     -0.3100     -0.0123     -0.3100     -0.3100   -834.9759      0.2210      0.2210   -834.9759      0.2159      0.2124    835.1813     -0.2937     -0.2902    835.1813     -0.2987     -0.2987
     21.0060     21.0060     21.0060    132.3886    132.3886    132.3886     20.8774     20.8774     20.8774    835.3336    835.3336    835.3336   -442.8345   -442.8345   -442.8345    -10.7381    -10.7381    -10.7381   -442.9672   -442.9672   -442.9672   -282.2968   -282.2968   -282.2968   -217.7111   -217.7111   -217.7111   -282.3925   -282.3925   -282.3925    370.2847    370.2847    370.2847    370.6238    370.6238    370.6238
   -347.0226   -347.0226      0.1494   -261.3788   -261.3788      0.0790   -261.4730   -261.4730      0.0790    367.5243    367.5243     -0.4641     26.9302     26.9302     -0.0254     26.7189     26.7189     -0.0254   -270.8421   -270.8421     -0.1110   -371.6357   -371.6357     -0.0972   -371.7936   -371.7936     -0.0972   1026.9761   1026.9761      0.7302    790.7324    790.7324     -0.5319    509.6841    509.6841      0.3020
   -337.0609     -0.1130     -0.1130   -337.0609     -0.1424     -0.1424   -732.3717     -0.0121     -0.0121    453.4639      0.4361      0.4361    453.4639     -0.1347     -0.1347    -25.3457     -0.2451     -0.2451    -25.3457     -0.3606     -0.3606   -450.3050      0.1787      0.1787   -450.3050     -0.0705     -0.0705   1549.6687      1.3987      1.3987   1100.3850      0.3866      0.3866   1100.3850     -1.0485     -1.0485
     -0.1098     -0.1098     -0.1098     -0.1098     -0.1582     -0.1604     -0.2347     -0.1863     -0.1841      0.1688      0.1425      0.1322      0.1072      0.0132      0.0132     -0.0122      0.0132      0.0132     -0.0122     -0.0008      0.0088     -0.0807     -0.0122     -0.0122     -0.1423     -0.1275     -0.1267   1603.5870   1603.5870   1603.5870   1196.8985   1196.8985   1196.8985   1196.8985   1196.8985   1196.8985
