189 Out of 375 Normal Mode Frequencies in 1/ps for a 5x5x5 Ar Lattice.
   11.856153    5.425505    5.425505
   10.812644    7.053334    6.679328
   11.842949    8.156984    8.156984
   11.894137    9.700128    8.062133
   11.866814    8.470550    6.485622
   10.812644    7.053334    6.679328
    9.676960    7.244966    4.637060
   10.812644    7.053334    6.679328
   11.268515    9.771779    7.785086
   11.268515    9.771779    7.785086
   11.842949    8.156984    8.156984
   10.812644    7.053334    6.679328
   11.856153    5.425505    5.425505
   11.866814    8.470550    6.485622
   11.894137    9.700128    8.062133
   11.894137    9.700128    8.062133
   11.268515    9.771779    7.785086
   11.866814    8.470550    6.485622
   11.866814    8.470550    6.485622
   11.268515    9.771779    7.785086
   11.866814    8.470550    6.485622
   11.268515    9.771779    7.785086
   11.894137    9.700128    8.062133
   11.268515    9.771779    7.785086
   11.866814    8.470550    6.485622
   10.812644    7.053334    6.679328
    9.676960    7.244966    4.637060
   10.812644    7.053334    6.679328
   11.268515    9.771779    7.785086
   11.268515    9.771779    7.785086
    9.676960    7.244966    4.637060
    7.173353    3.362946    3.362946
    6.993521    5.063367    5.063367
   10.812644    7.053334    6.679328
   11.866814    8.470550    6.485622
   10.812644    7.053334    6.679328
    6.993521    5.063367    5.063367
    7.173353    3.362946    3.362946
    9.676960    7.244966    4.637060
   11.866814    8.470550    6.485622
   11.268515    9.771779    7.785086
   10.812644    7.053334    6.679328
    9.676960    7.244966    4.637060
   10.812644    7.053334    6.679328
   11.268515    9.771779    7.785086
   11.268515    9.771779    7.785086
   11.866814    8.470550    6.485622
   11.866814    8.470550    6.485622
   11.268515    9.771779    7.785086
   11.894137    9.700128    8.062133
   11.842949    8.156984    8.156984
   10.812644    7.053334    6.679328
   11.856153    5.425505    5.425505
   11.866814    8.470550    6.485622
   11.894137    9.700128    8.062133
   10.812644    7.053334    6.679328
    6.993521    5.063367    5.063367
    7.173353    3.362946    3.362946
    9.676960    7.244966    4.637060
   11.866814    8.470550    6.485622
   11.856153    5.425505    5.425505
    7.173353    3.362946    3.362946
    0.000000    0.000000    0.000000
