495 Out of 12288 Velocities in m/s for a 16x16x16 Ar Lattice.
      0.1497      0.1497      0.1497     -0.3467     -0.3466     -0.3342      0.0008      0.0008     -0.0116
      0.7440    117.3939    117.2510    545.5046   -153.7025   -153.3646    166.1116   -104.5992   -104.6349
      2.7737    207.2561    207.1353    887.1663   -224.7453   -224.5102    288.4488   -181.4866   -181.5149
     17.8994    231.2797    231.2036    991.9957   -183.5515   -183.4322    347.6880   -218.4560   -218.4726
     90.6450    132.3999    132.3886    875.1851    -10.7493    -10.7381    347.0769   -217.7082   -217.7111
    243.5955    -56.5227    -56.5392    567.0823    225.4341    225.4360    299.0895   -187.2880   -187.2778
    290.8144   -128.3252   -128.4006    289.7109    293.2080    293.2764    217.2774   -135.8502   -135.8298
    180.3993    -83.8485    -83.9512    121.9953    186.3179    186.4298    113.9359    -71.1420    -71.1150
      0.2347      0.1098     -0.1098      0.1423     -0.1688      0.1688      0.1423      0.0122     -0.0122
    119.4603    119.3157    238.1578    285.0732    285.1823   -508.4643    170.6225    170.8182      1.1875
    125.3561    211.6442    335.9725    592.1944    238.8185   -635.5407    453.5670    -60.0007     -7.5465
    142.6577    245.3875    376.1116    801.6555    198.1369   -575.5768    549.9659   -188.4926    -55.4460
    200.7569    175.4358    304.4556    817.4925    218.8628   -348.7529    539.8852   -205.2127   -114.4465
    330.6921     -0.6872    107.6882    623.8241    322.2171    -24.9027    475.0361   -160.6903   -147.7442
    409.6773   -127.3117    -21.1025    380.6949    353.9615    148.7459    377.1139    -93.5175   -134.8497
    339.1795   -138.0851     -0.0000    226.0032    264.3078      0.0000    251.9398    -39.4236      0.0000
    180.3993    -83.9512    -84.0539    121.9953    186.4298    186.5418    113.9359    -71.1150    -71.0879
    220.9588    220.8295    441.9298    468.9895    469.0296   -777.2418    315.7859    315.9700      1.6801
    238.7279    260.6708    488.4234    612.2038    438.3567   -760.7160    613.0546     65.9661      0.2416
    284.5392    207.1342    411.4743    645.4315    453.9230   -565.3110    742.7822   -112.1316    -11.5198
    382.7986     57.7788    174.1008    548.0278    501.8544   -209.9404    723.0323   -173.6112    -26.8659
    451.4994    -71.4841      0.0000    421.8977    475.4264      0.0000    594.0058   -149.5847      0.0000
    409.6773   -127.3117     21.1025    380.6949    353.9615   -148.7459    377.1139    -93.5175    134.8497
    290.8144   -128.4006   -128.4760    289.7109    293.2764    293.3448    217.2774   -135.8298   -135.8093
    277.9994    277.8927    518.2006    566.8484    566.8292   -730.6982    413.1056    413.2781      1.1884
    309.9851    229.5986    359.1543    604.8692    587.1441   -464.2337    689.5680    136.3075      0.4700
    367.6254    127.6601      0.0000    562.0770    599.4295      0.0000    800.7081    -77.7692      0.0000
    382.7986     57.7788   -174.1008    548.0278    501.8544    209.9404    723.0323   -173.6112     26.8659
    330.6921     -0.6872   -107.6882    623.8241    322.2171     24.9027    475.0361   -160.6903    147.7442
    243.5955    -56.5392    -56.5556    567.0823    225.4360    225.4378    299.0895   -187.2778   -187.2677
    266.9250    266.8277      0.0000    626.2116    626.1709      0.0000    447.3602    447.5279      0.0000
    309.9851    229.5986   -359.1543    604.8692    587.1441    464.2337    689.5680    136.3075     -0.4700
    284.5392    207.1342   -411.4743    645.4315    453.9230    565.3110    742.7822   -112.1316     11.5198
    200.7569    175.4358   -304.4556    817.4925    218.8628    348.7529    539.8852   -205.2127    114.4465
     90.6450    132.3886    132.3773    875.1851    -10.7381    -10.7269    347.0769   -217.7111   -217.7140
    277.9994    277.8927   -518.2006    566.8484    566.8292    730.6982    413.1056    413.2781     -1.1884
    238.7279    260.6708   -488.4234    612.2038    438.3567    760.7160    613.0546     65.9661     -0.2416
    142.6577    245.3875   -376.1116    801.6555    198.1369    575.5768    549.9659   -188.4926     55.4460
     17.8994    231.2036    231.1276    991.9957   -183.4322   -183.3129    347.6880   -218.4726   -218.4892
    220.9588    220.8295   -441.9298    468.9895    469.0296    777.2418    315.7859    315.9700     -1.6801
    125.3561    211.6442   -335.9725    592.1944    238.8185    635.5407    453.5670    -60.0007      7.5465
      2.7737    207.1353    207.0146    887.1663   -224.5102   -224.2750    288.4488   -181.5149   -181.5433
    119.4603    119.3157   -238.1578    285.0732    285.1823    508.4643    170.6225    170.8182     -1.1875
      0.7440    117.2510    117.1080    545.5046   -153.3646   -153.0267    166.1116   -104.6349   -104.6707
      0.1497     -0.1497     -0.1497     -0.3467      0.3342      0.3342      0.0008      0.0116      0.0116
    241.1631    241.1631    241.1631    101.3305    101.3305    101.3305    101.6764    101.6764    101.6764
    250.9862    341.0437    341.0437    337.9431    -39.7119    -39.7119    585.9003    -29.0873    -29.0873
    272.7869    390.6664    390.6664    931.0814   -120.2396   -120.2396    449.1846   -115.2310   -115.2310
    326.9515    350.5941    350.5941   1005.3838    -89.3537    -89.3537    494.9230   -150.4834   -150.4834
    445.7478    189.7388    189.7388    841.1790     60.2682     60.2682    482.3058   -148.3126   -148.3126
    559.8989     10.3345     10.3345    566.6610    194.8840    194.8840    425.1184   -116.9295   -116.9295
    528.5520    -42.8358    -42.8358    361.7066    158.8427    158.8427    336.8922    -64.9413    -64.9413
    377.3430     -0.0000     -0.0861    229.5357     -0.0000      0.1711    229.5357      0.0000     -0.0261
    354.6992    354.6992    449.7068    417.3458    417.3458   -473.0976    236.0885    236.0885    156.2170
    379.6625    411.9944    509.7669    634.0198    408.7818   -609.8909    620.4800    -68.3412    146.5416
    430.1127    392.1149    480.7421    771.3292    386.8549   -572.2326    764.0844   -247.3415    117.2952
    532.9053    266.2295    315.9760    749.1953    376.5524   -335.1199    735.6618   -265.7557     53.2988
    651.3334     85.0935     89.4401    585.5014    367.0823    -52.6384    634.4475   -194.4755     -4.8556
    653.3271    -24.4524      0.0000    442.0486    275.3948      0.0000    496.4579   -103.5334      0.0000
    528.5520    -42.8358    -42.8885    361.7066    158.8427    158.9699    336.8922    -64.9413    -64.9552
    441.2433    441.2433    571.3747    586.2556    586.2556   -695.9800    378.9038    378.9038    109.1194
    488.1824    431.8517    521.5226    684.0332    566.4950   -623.0696    729.6020     63.7796     80.4744
    570.2164    334.3563    291.4502    675.0861    558.0089   -338.3819    869.8565   -155.1443     43.9116
    653.3249    196.1491      0.0000    602.8900    507.0549      0.0000    823.2566   -229.2626      0.0000
    651.3334     85.0935    -89.4401    585.5014    367.0823     52.6384    634.4475   -194.4755      4.8556
    559.8989     10.3345     10.3351    566.6610    194.8840    194.9852    425.1184   -116.9295   -116.9808
    478.4487    478.4487    379.0237    664.9894    664.9894   -439.0329    461.2497    461.2497     39.3140
    539.6715    407.6497     -0.0000    679.2797    648.7011      0.0000    770.0680    111.1462     -0.0000
    570.2164    334.3563   -291.4502    675.0861    558.0089    338.3819    869.8565   -155.1443    -43.9116
    532.9053    266.2295   -315.9760    749.1953    376.5524    335.1199    735.6618   -265.7557    -53.2988
    445.7478    189.7388    189.7608    841.1790     60.2682     60.4043    482.3058   -148.3126   -148.4235
    478.4487    478.4487   -379.0237    664.9894    664.9894    439.0329    461.2497    461.2497    -39.3140
    488.1824    431.8517   -521.5226    684.0332    566.4950    623.0696    729.6020     63.7796    -80.4744
    430.1127    392.1149   -480.7421    771.3292    386.8549    572.2326    764.0844   -247.3415   -117.2952
    326.9515    350.5941    350.5588   1005.3838    -89.3537    -89.0283    494.9230   -150.4834   -150.7059
    441.2433    441.2433   -571.3747    586.2556    586.2556    695.9800    378.9038    378.9038   -109.1194
    379.6625    411.9944   -509.7669    634.0198    408.7818    609.8909    620.4800    -68.3412   -146.5416
    272.7869    390.6664    390.5746    931.0814   -120.2396   -119.4784    449.1846   -115.2310   -115.7820
    354.6992    354.6992   -449.7068    417.3458    417.3458    473.0976    236.0885    236.0885   -156.2170
    250.9862    341.0437    340.9185    337.9431    -39.7119    -34.0001    585.9003    -29.0873    -34.4899
    241.1631   -241.3049    241.0214    101.3305    -27.8483    174.8127    101.6764   -174.8073     28.5454
    468.1858    468.1858    468.1858    199.2600    199.2600    199.2600    199.6019    199.6019    199.6019
    498.5035    538.6703    538.6703    507.8295     21.1538     21.1538    632.2367     78.6419     78.6419
    550.8755    537.7600    537.7600    609.5607    -54.1993    -54.1993    975.8299    -47.0676    -47.0676
    649.0411    428.6176    428.6176   1008.8903    -41.7577    -41.7577    641.3221    -88.1580    -88.1580
    788.6269    215.0743    215.0743    814.6126     62.8194     62.8194    615.2149    -84.6510    -84.6510
    840.0116     42.1757     42.1757    590.6615    102.2774    102.2774    546.9502    -52.3770    -52.3770
    732.3717     -0.0000     -0.0121    450.3050     -0.0000      0.1787    450.3050     -0.0000     -0.0705
    576.5261    576.5261    618.6810    543.6291    543.6291   -440.3450    298.9059    298.9059    289.5262
    631.3611    592.2547    620.4970    719.5834    521.3032   -552.3254    744.3119    -57.0524    239.8320
    721.7193    520.1250    495.1229    792.6794    479.6143   -486.9145    917.9442   -278.8935    182.4233
    850.4421    352.3345    227.1540    739.5568    412.8192   -228.4474    870.3660   -302.9319     97.3231
    918.0136    163.3070     -0.0000    639.2252    296.9958     -0.0000    726.7227   -205.5727     -0.0000
    840.0116     42.1757     42.2225    590.6615    102.2774    102.5007    546.9502    -52.3770    -52.5357
    653.8025    653.8025    593.9853    685.4755    685.4755   -574.9727    435.9636    435.9636    169.1800
    735.4098    602.0489    377.9934    755.4312    639.5921   -378.2809    831.3022     41.5598     89.4236
    824.0295    487.0721     -0.0000    744.9936    560.7269      0.0000    959.8606   -223.8301      0.0000
    850.4421    352.3345   -227.1540    739.5568    412.8192    228.4474    870.3660   -302.9319    -97.3231
    788.6269    215.0743    215.1571    814.6126     62.8194     63.2007    615.2149    -84.6510    -84.9988
    683.3909    683.3909      0.0000    722.6649    722.6649     -0.0000    489.8931    489.8931     -0.0000
    735.4098    602.0489   -377.9934    755.4312    639.5921    378.2809    831.3022     41.5598    -89.4236
    721.7193    520.1250   -495.1229    792.6794    479.6143    486.9145    917.9442   -278.8935   -182.4233
    649.0411    428.6176    428.6471   1008.8903    -41.7577    -40.6673    641.3221    -88.1580    -89.1450
    653.8025    653.8025   -593.9853    685.4755    685.4755    574.9727    435.9636    435.9636   -169.1800
    631.3611    592.2547   -620.4970    719.5834    521.3032    552.3254    744.3119    -57.0524   -239.8320
    550.8755    537.7600    537.7164    609.5607    -54.1993    -48.8843    975.8299    -47.0676    -52.1616
    576.5261    576.5261   -618.6810    543.6291    543.6291    440.3450    298.9059    298.9059   -289.5262
    498.5035    538.6703    538.5793    507.8295     21.1538     22.1150    632.2367     78.6419     78.0085
    468.1858   -468.3041    468.0675    199.2600    -55.2280    343.2920    199.6019   -343.2651     55.9386
    669.0315    669.0315    669.0315    290.0648    290.0648    290.0648    290.4026    290.4026    290.4026
    731.6728    698.8012    698.8012    670.3712     74.3382     74.3382    692.0368    157.2672    157.2672
    823.6750    636.8171    636.8171    762.8496     -3.1999     -3.1999   1027.7179    -24.2239    -24.2239
    964.7646    447.9590    447.9590    778.5242    -37.0320    -37.0320   1005.4603    -51.4864    -51.4864
   1089.2806    175.8837    175.8837    802.4050     15.9039     15.9039    736.3125    -32.7634    -32.7634
   1042.1120      0.0000      0.1225    654.4298      0.0000      0.1936    654.4298      0.0000     -0.1544
    776.2756    776.2756    728.7757    658.0577    658.0577   -411.1269    358.6033    358.6033    388.0615
    871.0481    748.4831    638.5707    816.7887    589.8390   -469.2960    858.5596    -69.1443    267.6831
    999.3657    628.7951    367.0512    852.2219    485.6256   -308.4185   1020.9880   -327.4807    138.8670
   1112.6327    414.6525      0.0000    807.5808    335.6304     -0.0000    931.4874   -326.0408      0.0000
   1089.2806    175.8837    176.0731    802.4050     15.9039     17.1511    736.3125    -32.7634    -34.0060
    853.8862    853.8862    439.9251    754.7166    754.7166   -366.4640    483.4722    483.4722    151.3760
    953.4548    767.6531      0.0000    823.9712    649.2384     -0.0000    923.5493    -26.5099     -0.0000
    999.3657    628.7951   -367.0512    852.2219    485.6256    308.4185   1020.9880   -327.4807   -138.8670
    964.7646    447.9590    448.0967    778.5242    -37.0320    -32.0770   1005.4603    -51.4864    -56.3581
    853.8862    853.8862   -439.9251    754.7166    754.7166    366.4640    483.4722    483.4722   -151.3760
    871.0481    748.4831   -638.5707    816.7887    589.8390    469.2960    858.5596    -69.1443   -267.6831
    823.6750    636.8171    636.8488    762.8496     -3.1999     -2.0104   1027.7179    -24.2239    -25.1782
    776.2756    776.2756   -728.7757    658.0577    658.0577    411.1269    358.6033    358.6033   -388.0615
    731.6728    698.8012    698.7623    670.3712     74.3382     75.1480    692.0368    157.2672    156.8205
    669.0315   -669.1116    668.9514    290.0648    -80.9166    499.2131    290.4026   -499.1473     81.6580
    835.3336    835.3336    835.3336    370.2847    370.2847    370.2847    370.6238    370.6238    370.6238
    944.3093    812.0796    812.0796    821.6324    114.7749    114.7749    779.2038    186.3578    186.3578
   1084.4499    671.0235    671.0235    902.6965     31.0915     31.0915   1086.7760    -72.4904    -72.4904
   1256.8797    360.5102    360.5102    897.5380     -4.3036     -4.3036    988.2520    -92.0040    -92.0040
   1286.1790      0.0000      0.3429    835.0786      0.0000      0.2210    835.0786      0.0000     -0.2987
    951.5886    951.5886    754.4250    753.4240    753.4240   -381.7281    415.9610    415.9610    429.3339
   1093.7185    882.8330    494.6287    904.7962    605.6661   -325.6813    985.0012   -143.1534    201.1023
   1230.8997    700.6609      0.0000    933.0717    405.8274     -0.0000   1085.4406   -407.7058     -0.0000
   1256.8797    360.5102    360.8598    897.5380     -4.3036     -3.0151    988.2520    -92.0040    -93.3177
   1026.9761   1026.9761     -0.0000    790.7324    790.7324      0.0000    509.6841    509.6841     -0.0000
   1093.7185    882.8330   -494.6287    904.7962    605.6661    325.6813    985.0012   -143.1534   -201.1023
   1084.4499    671.0235    671.1852    902.6965     31.0915     31.9996   1086.7760    -72.4904    -73.1690
    951.5886    951.5886   -754.4250    753.4240    753.4240    381.7281    415.9610    415.9610   -429.3339
    944.3093    812.0796    812.1179    821.6324    114.7749    115.5815    779.2038    186.3578    185.9740
    835.3336   -835.3607    835.3065    370.2847   -103.9445    636.6249    370.6238   -636.4967    104.7508
    963.0054    963.0054    963.0054    436.6699    436.6699    436.6699    437.0276    437.0276    437.0276
   1138.5116    866.8293    866.8293    959.7681    134.0929    134.0929    917.5668    126.5340    126.5340
   1337.7476    584.6490    584.6490   1021.0659     38.2508     38.2508   1125.5891   -178.8050   -178.8050
   1453.7921      0.0000      0.7095    985.8848     -0.0000      0.2730    985.8848      0.0000     -0.5520
   1109.0433   1109.0433    620.9783    816.6819    816.6819   -316.9437    473.3661    473.3661    359.4727
   1280.5123    981.1053     -0.0000    983.4122    542.7649     -0.0000   1111.6436   -301.8196     -0.0000
   1337.7476    584.6490    585.1211   1021.0659     38.2508     39.1060   1125.5891   -178.8050   -179.5836
   1109.0433   1109.0433   -620.9783    816.6819    816.6819    316.9437    473.3661    473.3661   -359.4727
   1138.5116    866.8293    866.9981    959.7681    134.0929    134.9695    917.5668    126.5340    126.1708
    963.0054   -962.9604    963.0505    436.6699   -123.2707    750.0690    437.0276   -749.8402    124.2150
   1051.7156   1051.7156   1051.7156    486.3529    486.3529    486.3529    486.7816    486.7816    486.7816
   1333.8240    822.7794    822.7794   1084.4413    114.0691    114.0691   1119.7450    -93.5649    -93.5649
   1549.6687      0.0000      1.3987   1100.3850     -0.0000      0.3866   1100.3850     -0.0000     -1.0485
   1243.7559   1243.7559      0.0000    832.1954    832.1954     -0.0000    516.7614    516.7614     -0.0000
   1333.8240    822.7794    823.2880   1084.4413    114.0691    115.1196   1119.7450    -93.5649    -94.0824
   1051.7156  -1051.5588   1051.8723    486.3529   -137.8405    834.8653    486.7816   -834.4505    139.1126
   1103.3940   1103.3940   1103.3940    517.0025    517.0025    517.0025    517.7249    517.7249    517.7249
   1592.4656     -0.0000      3.2713   1172.3170      0.0000      0.7462   1172.3170     -0.0000     -2.4291
   1103.3940  -1102.9737   1103.8142    517.0025   -146.5170    887.4879    517.7249   -886.5650    148.8848
   1603.5870   1603.5870   1603.5870   1196.8985   1196.8985   1196.8985   1196.8985   1196.8985   1196.8985
