3432 Out of 96000 Normal Mode Frequencies in 1/ps for a 20x20x20 Ar Lattice.
   13.302643   13.302643   13.302643   13.302643    6.018316    6.018316    6.018316    6.018316    6.018316    6.018316    6.018316    6.018316
   13.273528   13.273528   13.273528   13.273528    6.085278    6.085278    6.085278    6.085278    6.018159    6.018159    6.018159    6.018159
   13.186732   13.186732   13.186732   13.186732    6.279634    6.279634    6.279634    6.279634    6.017704    6.017704    6.017704    6.017704
   13.043965   13.043965   13.043965   13.043965    6.583666    6.583666    6.583666    6.583666    6.016994    6.016994    6.016994    6.016994
   12.848315   12.848315   12.848315   12.848315    6.972775    6.972775    6.972775    6.972775    6.016100    6.016100    6.016100    6.016100
   12.604772   12.604772   12.604772   12.604772    7.419592    7.419592    7.419592    7.419592    6.015108    6.015108    6.015108    6.015108
   12.321390   12.321390   12.321390   12.321390    7.895934    7.895934    7.895934    7.895934    6.014117    6.014117    6.014117    6.014117
   12.012058   12.012058   12.012058   12.012058    8.371499    8.371499    8.371499    8.371499    6.013222    6.013222    6.013222    6.013222
   11.703285   11.703285   11.703285   11.703285    8.807419    8.807419    8.807419    8.807419    6.012512    6.012512    6.012512    6.012512
   11.449346   11.449346   11.449346   11.449346    9.140927    9.140927    9.140927    9.140927    6.012056    6.012056    6.012056    6.012056
   11.343934   11.343934   11.343934   11.343934    9.273400    9.273400    9.273400    9.273400    6.011899    6.011899    6.011899    6.011899
   13.273667   13.273667   13.215483   13.215483    6.205536    6.205536    6.077329    6.077329    6.028962    6.028962    6.025877    6.025877
   13.215812   13.215812   13.100712   13.100712    6.452480    6.452480    6.156471    6.156471    6.127878    6.127878    5.981007    5.981007
   13.101005   13.101005   12.931587   12.931587    6.805045    6.805045    6.400634    6.400634    6.169137    6.169137    5.938700    5.938700
   12.931595   12.931595   12.711924   12.711924    7.233182    7.233182    6.739281    6.739281    6.205073    6.205073    5.899885    5.899885
   12.711679   12.711679   12.447572   12.447572    7.709447    7.709447    7.145561    7.145561    6.236192    6.236192    5.865135    5.865135
   12.448135   12.448135   12.147690   12.147690    8.207470    8.207470    7.589971    7.589971    6.262287    6.262287    5.835254    5.835254
   12.153167   12.153167   11.827653   11.827653    8.699668    8.699668    8.039876    8.039876    6.283020    6.283020    5.811043    5.811043
   11.850958   11.850958   11.515736   11.515736    9.150451    9.150451    8.453713    8.453713    6.298075    6.298075    5.793203    5.793203
   11.594470   11.594470   11.266300   11.266300    9.499081    9.499081    8.767891    8.767891    6.307209    6.307209    5.782273    5.782273
   11.484760   11.484760   11.165325   11.165325    9.639995    9.639995    8.891036    8.891036    6.310270    6.310270    5.778591    5.778591
   13.187249   13.187249   12.959543   12.959543    6.719601    6.719601    6.249436    6.249436    6.059705    6.059705    6.047924    6.047924
   13.101437   13.101437   12.766223   12.766223    7.088816    7.088816    6.350570    6.350570    6.240223    6.240223    5.961983    5.961983
   12.959994   12.959994   12.525256   12.525256    7.532154    7.532154    6.525371    6.525371    6.433031    6.433031    5.879404    5.879404
   12.766133   12.766133   12.243286   12.243286    8.019500    8.019500    6.885575    6.885575    6.501194    6.501194    5.806074    5.806074
   12.525532   12.525532   11.930455   11.930455    8.524494    8.524494    7.291532    7.291532    6.556797    6.556797    5.743271    5.743271
   12.248582   12.248582   11.603368   11.603368    9.021376    9.021376    7.709345    7.709345    6.600254    6.600254    5.692471    5.692471
   11.956649   11.956649   11.291479   11.291479    9.477733    9.477733    8.095768    8.095768    6.631502    6.631502    5.655054    5.655054
   11.699964   11.699964   11.048204   11.048204    9.835913    9.835913    8.387607    8.387607    6.650354    6.650354    5.632129    5.632129
   11.586123   11.586123   10.951788   10.951788    9.984049    9.984049    8.500846    8.500846    6.656657    6.656657    5.624405    5.624405
   13.045044   13.045044   12.551446   12.551446    7.450494    7.450494    6.520978    6.520978    6.107143    6.107143    6.082728    6.082728
   12.932763   12.932763   12.292371   12.292371    7.880827    7.880827    6.664125    6.664125    6.328359    6.328359    5.963149    5.963149
   12.766962   12.766962   11.996337   11.996337    8.355465    8.355465    6.780195    6.780195    6.640434    6.640434    5.846935    5.846935
   12.552152   12.552152   11.674306   11.674306    8.848558    8.848558    7.004342    7.004342    6.872455    6.872455    5.747185    5.747185
   12.296874   12.296874   11.343807   11.343807    9.335181    9.335181    7.385939    7.385939    6.943094    6.943094    5.666342    5.666342
   12.019291   12.019291   11.034886   11.034886    9.785560    9.785560    7.741387    7.741387    6.993173    6.993173    5.606686    5.606686
   11.765336   11.765336   10.799186   10.799186   10.146093   10.146093    8.009009    8.009009    7.023127    7.023127    5.570080    5.570080
   11.647603   11.647603   10.707432   10.707432   10.299822   10.299822    8.112069    8.112069    7.033100    7.033100    5.557737    5.557737
   12.850231   12.850231   12.018892   12.018892    8.280950    8.280950    6.872229    6.872229    6.166163    6.166163    6.127937    6.127937
   12.714011   12.714011   11.712715   11.712715    8.721148    8.721148    7.046150    7.046150    6.413234    6.413234    5.984265    5.984265
   12.527547   12.527547   11.385414   11.385414    9.181968    9.181968    7.184652    7.184652    6.733713    6.733713    5.845345    5.845345
   12.297594   12.297594   11.055104   11.055104    9.641101    9.641101    7.289760    7.289760    7.077085    7.077085    5.732027    5.732027
   12.038904   12.038904   10.751856   10.751856   10.071662   10.071662    7.399737    7.399737    7.363535    7.363535    5.648053    5.648053
   11.791490   11.791490   10.524918   10.524918   10.425359   10.425359    7.642387    7.642387    7.407332    7.407332    5.596375    5.596375
   11.670294   11.670294   10.582496   10.582496   10.437899   10.437899    7.735323    7.735323    7.421860    7.421860    5.578924    5.578924
   12.608286   12.608286   11.400691   11.400691    9.114499    9.114499    7.279942    7.279942    6.230631    6.230631    6.181146    6.181146
   12.452339   12.452339   11.072210   11.072210    9.526044    9.526044    7.471960    7.471960    6.486508    6.486508    6.025012    6.025012
   12.251349   12.251349   10.745611   10.745611    9.940229    9.940229    7.619598    7.619598    6.791470    6.791470    5.878676    5.878676
   12.016705   12.016705   10.450477   10.450477   10.335307   10.335307    7.723529    7.723529    7.081259    7.081259    5.769415    5.769415
   11.781024   11.781024   10.670563   10.670563   10.233250   10.233250    7.785173    7.785173    7.299356    7.299356    5.701892    5.701892
   11.657269   11.657269   10.828064   10.828064   10.150992   10.150992    7.805595    7.805595    7.382588    7.382588    5.679044    5.679044
   12.328483   12.328483   10.746734   10.746734    9.878922    9.878922    7.718327    7.718327    6.294123    6.294123    6.240227    6.240227
   12.159973   12.159973   10.427195   10.427195   10.233824   10.233824    7.913990    7.913990    6.538939    6.538939    6.085699    6.085699
   11.955254   11.955254   10.577346   10.577346   10.142269   10.142269    8.054523    8.054523    6.797417    6.797417    5.951689    5.951689
   11.738630   11.738630   10.879872   10.879872    9.935406    9.935406    8.138754    8.138754    6.992613    6.992613    5.868329    5.868329
   11.614352   11.614352   11.033255   11.033255    9.857857    9.857857    8.166778    8.166778    7.066964    7.066964    5.840049    5.840049
   12.026938   12.026938   10.521751   10.521751   10.117631   10.117631    8.157378    8.157378    6.350586    6.350586    6.302826    6.302826
   11.858665   11.858665   10.799986   10.799986    9.844419    9.844419    8.338202    8.338202    6.560243    6.560243    6.166903    6.166903
   11.671425   11.671425   11.053235   11.053235    9.648115    9.648115    8.449144    8.449144    6.735373    6.735373    6.068709    6.068709
   11.551244   11.551244   11.195465   11.195465    9.575074    9.575074    8.486487    8.486487    6.802110    6.802110    6.035261    6.035261
   11.733008   11.733008   11.005712   11.005712    9.583240    9.583240    8.557004    8.557004    6.394861    6.394861    6.364158    6.364158
   11.588709   11.588709   11.193224   11.193224    9.396828    9.396828    8.695556    8.695556    6.540392    6.540392    6.266932    6.266932
   11.482715   11.482715   11.312717   11.312717    9.327802    9.327802    8.743049    8.743049    6.601209    6.601209    6.228994    6.228994
   11.500295   11.500295   11.305746   11.305746    9.218007    9.218007    8.856081    8.856081    6.423043    6.423043    6.413161    6.413161
   11.428320   11.428320   11.383619   11.383619    9.151943    9.151943    8.912128    8.912128    6.475518    6.475518    6.376552    6.376552
   11.407344   11.407344   11.407344   11.407344    9.087008    9.087008    8.971640    8.971640    6.432710    6.432710    6.432710    6.432710
   13.245110   13.245110   13.245110   13.127819    6.235692    6.235692    6.235692    6.111500    6.111500    6.111500    5.944942    5.944942
   13.215973   13.159995   13.159995   12.983917    6.557570    6.389497    6.389497    6.190657    6.144575    6.144575    5.998367    5.861478
   13.128423   13.020061   13.020061   12.786768    6.967972    6.674171    6.674171    6.264699    6.178257    6.152701    6.152701    5.780712
   12.984008   12.828449   12.828449   12.540848    7.441224    7.047646    7.047646    6.465112    6.332073    6.154640    6.154640    5.704836
   12.785822   12.590236   12.590236   12.252749    7.952336    7.479274    7.479274    6.831903    6.391419    6.154785    6.154785    5.636029
   12.539355   12.313619   12.313619   11.932536    8.477610    7.940497    7.940497    7.247468    6.441576    6.154286    6.154286    5.576370
   12.254681   12.012664   12.012664   11.596754    8.992748    8.400999    8.400999    7.676682    6.481587    6.153599    6.153599    5.527753
   11.952751   11.713909   11.713909   11.275079    9.466332    8.822037    8.822037    8.075274    6.510705    6.152967    6.152967    5.491783
   11.684247   11.470349   11.470349   11.022455    9.840564    9.142218    9.142218    8.378052    6.528390    6.152534    6.152534    5.469686
   11.563440   11.370166   11.370166   10.921681    9.997062    9.268475    9.268475    8.496202    6.534322    6.152380    6.152380    5.462233
   13.160429   13.160429   13.049706   12.811995    6.739922    6.739922    6.388530    6.286622    6.286622    6.221022    5.893580    5.821652
   13.101696   13.050295   12.887349   12.588525    7.181381    7.027958    6.569329    6.406458    6.367951    6.226711    5.986908    5.718028
   12.984576   12.888049   12.676825   12.318597    7.680291    7.405306    6.880574    6.510645    6.427148    6.215302    6.193841    5.601952
   12.811186   12.678000   12.424122   12.009485    8.210453    7.839491    7.261542    6.600434    6.535136    6.471367    6.159032    5.495373
   12.585622   12.427365   12.138611   11.672065    8.749575    8.300249    7.679510    6.914105    6.675405    6.505186    6.128016    5.402503
   12.315692   12.148830   11.835872   11.323871    9.276190    8.757909    8.101981    7.315392    6.734773    6.530614    6.102612    5.326520
   12.018346   11.866916   11.543881   10.995593    9.763467    9.175810    8.488265    7.692703    6.777777    6.548479    6.083819    5.270116
   11.739143   11.632426   11.313976   10.742054   10.159183    9.495007    8.778191    7.980062    6.803826    6.559118    6.072287    5.235382
   11.604735   11.534331   11.222300   10.642247   10.332847    9.621847    8.890443    8.091869    6.812551    6.562654    6.068400    5.223652
   13.021361   13.021361   12.705889   12.340964    7.464966    7.464966    6.554049    6.554049    6.535616    6.341008    5.863478    5.721757
   12.933331   12.889272   12.480261   12.049717    7.960839    7.821445    6.735306    6.709348    6.681264    6.319141    5.990839    5.603792
   12.787421   12.709008   12.217255   11.722652    8.487990    8.232702    7.058464    6.838221    6.782231    6.256550    6.250339    5.459606
   12.586414   12.486844   11.927211   11.371318    9.023449    8.671919    7.428762    6.943118    6.859893    6.593573    6.185707    5.330685
   12.335872   12.234080   11.626801   11.014012    9.547155    9.110128    7.809009    7.024836    6.961872    6.917725    6.132309    5.224326
   12.048239   11.973030   11.344555   10.682035   10.036515    9.512098    8.157344    7.313601    7.083427    6.957934    6.092712    5.144995
   11.760576   11.751469   11.128930   10.447759   10.429483    9.821462    8.416191    7.582750    7.118705    6.981698    6.068390    5.095991
   11.657192   11.608405   11.045077   10.641538   10.331220    9.945535    8.515041    7.687332    7.130487    6.989566    6.060190    5.079415
   12.831581   12.831581   12.243904   11.740288    8.289013    8.289013    6.899361    6.899361    6.668551    6.464600    5.851939    5.651269
   12.715424   12.682266   11.975182   11.398639    8.789001    8.660047    7.078931    7.062851    6.877299    6.416636    6.005436    5.526127
   12.542454   12.490814   11.685145   11.036824    9.300341    9.057806    7.222491    7.194091    7.193735    6.320391    6.292588    5.365394
   12.316212   12.267223   11.391091   10.673639    9.803979    9.458390    7.529591    7.332503    7.292415    6.623963    6.236996    5.228018
   12.044614   12.031539   11.121286   10.340589   10.280906    9.829397    7.838527    7.410431    7.361041    6.947260    6.174417    5.124404
   11.827696   11.752886   10.920479   10.698584   10.117938   10.090561    8.066479    7.456993    7.401479    7.196543    6.135788    5.060052
   11.739606   11.575665   10.918234   10.843971   10.234837    9.994249    8.152639    7.472487    7.414839    7.293453    6.122736    5.038230
   12.597652   12.597652   11.705755   11.046083    9.114138    9.114138    7.300519    7.300519    6.779131    6.584501    5.854707    5.616207
   12.455992   12.438872   11.420423   10.677324    9.581298    9.457289    7.491910    7.488243    6.984922    6.514269    6.024618    5.492451
   12.259312   12.247990   11.136627   10.311369   10.045959    9.803679    7.638055    7.635039    7.272382    6.403066    6.311867    5.330981
   12.042883   12.011772   10.881659   10.492753   10.127437    9.979539    7.740909    7.739099    7.542021    6.604710    6.316430    5.204245
   11.862900   11.725376   10.901767   10.696094   10.381886    9.733178    7.802024    7.800933    7.740339    6.833511    6.262421    5.124626
   11.784321   11.509660   11.158857   10.626565   10.485851    9.639048    7.822300    7.821420    7.814746    6.922722    6.244108    5.097514
   12.331475   12.331475   11.144554   10.305206    9.865240    9.865240    7.732491    7.732491    6.860117    6.693621    5.866663    5.622411
   12.177114   12.169979   10.874654   10.272659   10.145823    9.939376    7.929878    7.922035    7.048259    6.608418    6.040994    5.509686
   12.008943   11.956734   10.668794   10.636504   10.406633    9.610628    8.074972    8.056317    7.278790    6.499543    6.298762    5.367161
   11.860945   11.695377   11.042928   10.611671   10.466375    9.368617    8.163166    8.136245    7.449814    6.507218    6.429817    5.274029
   11.796533   11.416341   11.360073   10.695392   10.403477    9.276699    8.192698    8.162765    7.513723    6.589124    6.406031    5.242028
   12.056519   12.056519   10.621607   10.482112   10.482112    9.576175    8.165954    8.165954    6.907073    6.785605    5.882562    5.673496
   11.933660   11.889871   10.806447   10.666781   10.401464    9.251770    8.353369    8.336948    7.060586    6.697746    6.045086    5.581485
   11.828636   11.685723   11.107028   10.805941   10.246455    9.014205    8.471312    8.440076    7.207161    6.613612    6.232234    5.480103
   11.784517   11.519236   11.306004   10.860925   10.189728    8.924283    8.511558    8.474495    7.262204    6.584448    6.307604    5.444118
   11.824957   11.824957   10.904099   10.904099   10.198822    8.932078    8.561556    8.561556    6.922151    6.855211    5.897682    5.764021
   11.777418   11.702819   11.102024   10.961660   10.057497    8.708445    8.698312    8.690168    7.024041    6.783746    6.023357    5.701136
   11.759929   11.634332   11.195551   10.980518   10.006128    8.759793    8.733644    8.609876    7.072149    6.749898    6.092968    5.662898
   11.726547   11.726547   11.069498   11.069498    9.926309    8.858757    8.858757    8.466956    6.917914    6.898559    5.908323    5.864514
   11.736702   11.703948   11.109964   11.052812    9.878788    8.918962    8.910363    8.379280    6.953590    6.869321    5.958152    5.841191
   11.727246   11.727246   11.076999   11.076999    9.832702    8.974022    8.974022    8.291777    6.913274    6.913274    5.912137    5.912137
   13.080553   13.080553   13.080553   12.610007    6.819861    6.819861    6.819861    6.374128    6.374128    6.374128    5.726468    5.726468
   13.051105   12.949444   12.949444   12.357695    7.316526    7.004382    7.004382    6.516030    6.452958    6.452958    5.767117    5.562583
   12.961357   12.770410   12.770410   12.060693    7.854596    7.300925    7.300925    6.644129    6.495488    6.495488    5.933925    5.406486
   12.812410   12.548796   12.548796   11.726852    8.412890    7.672330    7.672330    6.756209    6.515352    6.515352    6.204431    5.262974
   12.606853   12.293196   12.293196   11.367703    8.972831    8.080766    8.080766    6.850413    6.547127    6.524857    6.524857    5.136907
   12.349878   12.018127   12.018127   11.001575    9.517010    8.491953    8.491953    6.925235    6.923470    6.529522    6.529522    5.032958
   12.053162   11.749880   11.749880   10.660112   10.024840    8.866156    8.866156    7.284711    6.979509    6.531782    6.531782    4.955304
   11.752374   11.536972   11.536972   10.454619   10.398946    9.146004    9.146004    7.562724    7.012405    6.532786    6.532786    4.907270
   11.588974   11.451683   11.451683   10.661396   10.296829    9.254156    9.254156    7.671282    7.023426    6.533069    6.533069    4.891009
   12.950946   12.950946   12.801359   12.078326    7.513956    7.513956    7.054169    6.643820    6.643820    6.560737    5.615081    5.477557
   12.891170   12.803980   12.610095   11.756525    8.063524    7.786194    7.232636    6.808548    6.757080    6.620201    5.682764    5.313420
   12.770345   12.614957   12.381904   11.400635    8.629135    8.123274    7.523953    6.949503    6.843279    6.626633    5.894624    5.133866
   12.589775   12.391744   12.126501   11.022728    9.192721    8.498512    7.871576    7.066517    6.905123    6.612550    6.194069    4.972072
   12.352343   12.147804   11.859638   10.641748    9.739248    8.879316    8.230597    7.158763    6.948307    6.594497    6.539250    4.837195
   12.064450   11.907574   11.608044   10.289988   10.253656    9.226772    8.557762    7.225366    6.976932    6.879243    6.578971    4.735710
   11.746942   11.715907   11.416115   10.709295   10.023373    9.486398    8.798700    7.265625    7.144350    6.993344    6.568811    4.672633
   11.638998   11.538808   11.341736   10.963836    9.919777    9.586548    8.890008    7.279095    7.248367    6.998699    6.565299    4.651227
   12.776320   12.776320   12.411771   11.412575    8.314820    8.314820    7.247874    6.976384    6.976384    6.742561    5.527579    5.266777
   12.687015   12.621065   12.182394   11.037560    8.862180    8.608645    7.411215    7.158100    7.126086    6.781139    5.620390    5.109503
   12.536467   12.432655   11.932446   10.643937    9.408570    8.932983    7.681117    7.305468    7.247091    6.756113    5.863290    4.920869
   12.325976   12.223569   11.678246   10.251050    9.939004    9.264340    7.982055    7.419857    7.337683    6.716566    6.171107    4.756017
   12.058099   12.016235   11.445782   10.441489    9.891519    9.568414    8.260297    7.501637    7.399891    6.681938    6.485784    4.629943
   11.850816   11.739020   11.274292   10.903663    9.795681    9.621146    8.463525    7.550781    7.436144    6.735512    6.659290    4.550952
   11.784665   11.455542   11.235218   11.209530    9.883080    9.516642    8.539533    7.567180    7.448048    6.834173    6.651474    4.524049
   12.566376   12.566376   11.957640   10.646562    9.113343    9.113343    7.388319    7.360214    7.360214    6.911740    5.462331    5.111115
   12.450947   12.415255   11.718456   10.240292    9.619923    9.378749    7.547736    7.538243    7.526890    6.928901    5.575194    4.970964
   12.275675   12.245279   11.481047   10.113006    9.838232    9.645712    7.756451    7.691364    7.681091    6.879862    5.831269    4.790544
   12.076634   12.042455   11.269698   10.580131    9.889598    9.473000    7.984154    7.792976    7.783790    6.827236    6.116134    4.643707
   11.943386   11.755136   11.118095   11.010434   10.070833    9.199991    8.151599    7.853619    7.845195    6.791373    6.348798    4.549969
   11.890738   11.471414   11.342247   11.061991   10.139995    9.094864    8.213833    7.873786    7.865582    6.778859    6.441717    4.517828
   12.339964   12.339964   11.495210    9.825114    9.825114    9.824395    7.774140    7.774140    7.464747    7.060984    5.416338    5.028588
   12.214426   12.208753   11.278163   10.258573   10.018669    9.415573    7.967542    7.954973    7.570118    7.057725    5.541860    4.916791
   12.091680   12.026833   11.089257   10.663794   10.187670    9.046109    8.114430    8.082466    7.740609    6.996340    5.784979    4.764953
   11.997457   11.811694   11.015861   10.956778   10.309002    8.770874    8.205755    8.158267    7.874524    6.947919    5.998827    4.660878
   11.961209   11.669055   11.204629   10.908508   10.354221    8.665053    8.236685    8.183418    7.924659    6.930537    6.085994    4.624586
   12.135250   12.135250   11.083876   10.373599   10.373599    9.001912    8.191387    8.191387    7.474274    7.183958    5.385906    5.034359
   12.067715   12.018065   10.917592   10.693791   10.456577    8.628884    8.380726    8.350839    7.543592    7.163955    5.513029    4.959581
   12.019676   11.890570   10.945734   10.802887   10.506609    8.504092    8.446070    8.350908    7.643934    7.108104    5.701948    4.856938
   12.002206   11.825461   11.052786   10.761553   10.523313    8.547056    8.477716    8.243853    7.683835    7.086117    5.783560    4.818558
   12.017184   12.017184   10.771970   10.683473   10.683473    8.575045    8.575045    8.252035    7.432143    7.275547    5.367343    5.129633
   12.020082   11.963067   10.844246   10.672464   10.658099    8.727772    8.692967    7.969778    7.471115    7.247908    5.475903    5.091971
   12.021750   11.938601   10.904439   10.645405   10.636839    8.782621    8.732459    7.860427    7.502389    7.222704    5.551377    5.055373
   12.011682   12.011682   10.755207   10.755207   10.583600    8.866558    8.866558    7.681744    7.376329    7.332013    5.357565    5.274828
   12.028610   12.007047   10.788965   10.719182   10.551863    8.930447    8.913622    7.569090    7.389448    7.317179    5.404743    5.265717
   12.029956   12.029956   10.743861   10.743861   10.521524    8.980930    8.980930    7.454490    7.351088    7.351088    5.354541    5.354541
   12.835773   12.835773   12.835773   11.768544    7.614222    7.614222    7.614222    6.762638    6.762638    6.762638    5.367835    5.367835
   12.807854   12.679420   12.679420   11.418128    8.195049    7.786637    7.786637    6.943587    6.873390    6.873390    5.396982    5.128491
   12.717112   12.487651   12.487651   11.035816    8.779457    8.034725    8.034725    7.100965    6.952695    6.952695    5.552874    4.904644
   12.563836   12.269581   12.269581   10.634097    9.353347    8.334988    8.334988    7.232609    7.001347    7.001347    5.808165    4.704575
   12.349147   12.039979   12.039979   10.232409    9.905119    8.650757    8.650757    7.336778    7.029437    7.029437    6.123245    4.536876
   12.075224   11.823422   11.823422   10.424956    9.863762    8.939971    8.939971    7.412134    7.045076    7.045076    6.445515    4.409802
   11.746849   11.659175   11.659175   10.902882    9.585384    9.151986    9.151986    7.457726    7.052946    7.052946    6.702404    4.330364
   11.595973   11.595973   11.439073   11.260837    9.477375    9.231780    9.231780    7.472986    7.055341    7.055341    6.804313    4.303321
   12.686589   12.686589   12.519812   11.041336    8.363221    8.363221    7.844708    7.090517    7.090517    6.996137    5.199919    5.002058
   12.630744   12.532740   12.331649   10.635171    8.940434    8.571822    7.982000    7.275227    7.226533    7.087285    5.247124    4.782608
   12.511832   12.354876   12.124782   10.212397    9.502951    8.813652    8.191090    7.427848    7.337392    7.134107    5.444900    4.551128
   12.330687   12.166682   11.914304   10.039051    9.792749    9.067831    8.433528    7.547737    7.419169    7.150590    5.722503    4.350853
   12.089382   11.990050   11.723267   10.538974    9.409655    9.301537    8.662199    7.634077    7.473967    7.153138    6.021995    4.196903
   11.857751   11.793602   11.584231   10.991895    9.472244    9.121235    8.829139    7.686178    7.505207    7.151584    6.267546    4.099836
   11.807458   11.532348   11.527562   11.310637    9.536041    9.009431    8.891150    7.703596    7.515338    7.150611    6.366288    4.066649
   12.516373   12.516373   12.153751   10.207853    9.112951    9.112951    7.990934    7.453109    7.453109    7.208562    5.060474    4.697290
   12.438930   12.382068   11.963902    9.766715    9.639560    9.294590    8.083288    7.636334    7.616704    7.278155    5.128902    4.507542
   12.302627   12.240167   11.776538   10.136520    9.476154    9.331542    8.238769    7.778158    7.752325    7.295556    5.351007    4.292234
   12.113870   12.108942   11.612004   10.588565    9.639044    8.935856    8.404342    7.879328    7.851902    7.288117    5.621232    4.116856
   12.012913   11.895102   11.496131   10.967477    9.756032    8.638380    8.529007    7.940034    7.912106    7.277072    5.852836    4.004034
   11.977107   11.759856   11.453859   11.156458    9.799218    8.575413    8.523007    7.960275    7.932182    7.272451    5.947766    3.965159
   12.352632   12.352632   11.796293    9.761156    9.761156    9.309752    8.039860    7.840832    7.840832    7.392733    4.949541    4.487063
   12.271215   12.263154   11.634927   10.195460    9.864952    8.861031    8.082864    8.023814    8.012502    7.439638    5.036301    4.343408
   12.183361   12.149604   11.496876   10.575749    9.946544    8.453809    8.178088    8.168762    8.133865    7.433336    5.259952    4.169154
   12.127404   12.019059   11.402019   10.864049    9.999749    8.262930    8.261893    8.206240    8.147257    7.414627    5.474061    4.047967
   12.107161   11.954327   11.367962   10.981781   10.018387    8.295823    8.294013    8.230299    8.028003    7.406337    5.564835    4.005347
   12.242186   12.242186   11.500617   10.218284   10.218284    8.400093    8.232852    8.232852    7.994769    7.542532    4.866007    4.405764
   12.219668   12.190729   11.387580   10.513928   10.214089    8.418176    8.380602    7.997842    7.981286    7.566887    4.964059    4.322251
   12.205772   12.134047   11.311094   10.719881   10.199040    8.544558    8.468549    8.042122    7.664211    7.547566    5.149773    4.211681
   12.201120   12.108280   11.283902   10.795866   10.191216    8.589892    8.497743    8.063572    7.539959    7.536100    5.236013    4.169087
   12.228259   12.228259   11.295887   10.426973   10.426973    8.597023    8.597023    7.889748    7.653077    7.549592    4.808164    4.471833
   12.254166   12.223440   11.234154   10.566701   10.348406    8.752105    8.704327    7.877597    7.657811    7.218766    4.901561    4.446999
   12.263368   12.219672   11.212288   10.615802   10.315923    8.809899    8.740066    7.888971    7.645073    7.087281    4.981148    4.411508
   12.279398   12.279398   11.182178   10.441627   10.441627    8.878838    8.878838    7.786242    7.720829    6.871048    4.774296    4.647605
   12.298391   12.287072   11.163752   10.473410   10.391247    8.945724    8.921441    7.780470    7.717972    6.729809    4.818936    4.652802
   12.309632   12.309632   11.146524   10.416438   10.416438    8.991680    8.991680    7.743651    7.743651    6.582509    4.763157    4.763157
   12.566231   12.566231   12.566231   10.633602    8.441635    8.441635    8.441635    7.222067    7.222067    7.222067    4.877252    4.877252
   12.550199   12.421285   12.421285   10.198591    9.024286    8.556747    8.556747    7.417637    7.348608    7.348608    4.896945    4.569572
   12.472101   12.260837   12.260837    9.749235    9.580442    8.707399    8.707399    7.580615    7.452518    7.452518    5.045290    4.288716
   12.334249   12.098309   12.098309   10.098764    9.305468    8.878250    8.878250    7.709209    7.527000    7.527000    5.286383    4.048167
   12.143460   11.952858   11.952858   10.565812    9.040664    9.040664    8.901211    7.802040    7.574407    7.574407    5.565255    3.862199
   11.923685   11.849078   11.849078   10.953099    9.159483    9.159483    8.596423    7.858129    7.600092    7.600092    5.803108    3.744091
   11.810955   11.810955   11.790274   11.142637    9.203454    9.203454    8.477888    7.876890    7.608171    7.608171    5.900753    3.703527
   12.450930   12.450930   12.292728    9.737079    9.114240    9.114240    8.572106    7.569928    7.569928    7.471812    4.657962    4.407263
   12.422086   12.340909   12.155683    9.638847    9.263556    9.209271    8.623684    7.752150    7.715999    7.575565    4.690133    4.142151
   12.339618   12.231016   12.021975   10.115854    9.304622    8.797904    8.705831    7.894904    7.841542    7.647913    4.877644    3.874990
   12.215993   12.135102   11.906852   10.525869    9.390062    8.797285    8.374185    7.997513    7.936242    7.690034    5.128564    3.660908
   12.083974   12.068610   11.827602   10.831500    9.450875    8.868779    8.059356    8.053835    7.994448    7.710319    5.355521    3.522727
   12.044675   12.019188   11.799152   10.954448    9.473100    8.895788    8.080018    8.014001    7.928668    7.716180    5.451297    3.474909
   12.367692   12.367692   12.046609    9.677269    9.677269    8.768021    8.573139    7.928740    7.928740    7.685942    4.474555    4.033665
   12.347920   12.315530   11.943012   10.092546    9.696886    8.562251    8.282137    8.094833    8.093108    7.765101    4.527642    3.827835
   12.295665   12.272246   11.856152   10.432665    9.701849    8.582890    8.233259    8.210178    7.839677    7.807693    4.730505    3.611599
   12.243620   12.237428   11.797726   10.665673    9.699373    8.611323    8.326333    8.280349    7.824145    7.503287    4.941682    3.462907
   12.233609   12.210898   11.777044   10.750793    9.697347    8.623902    8.359349    8.303734    7.827840    7.370851    5.035033    3.410481
   12.358276   12.358276   11.868434   10.036967   10.036967    8.460639    8.289121    8.289121    7.858655    7.776851    4.329792    3.816104
   12.370109   12.368434   11.806399   10.304853    9.964726    8.463462    8.426511    8.409638    7.912152    7.314953    4.402014    3.694876
   12.375827   12.366338   11.765009   10.478899    9.900494    8.589501    8.508430    8.397941    7.929258    6.960066    4.582691    3.562185
   12.378527   12.362706   11.750434   10.539689    9.873997    8.636675    8.535656    8.398487    7.931244    6.818498    4.672747    3.511208
   12.429562   12.429562   11.764096   10.165837   10.165837    8.626915    8.626915    8.291668    7.985348    6.831170    4.225435    3.806160
   12.467585   12.462380   11.735551   10.292779   10.049289    8.779746    8.724462    8.238907    8.013333    6.452434    4.305029    3.776546
   12.480634   12.472565   11.725454   10.336258   10.001367    8.839691    8.756880    8.229311    8.015061    6.297784    4.388126    3.738549
   12.521359   12.521359   11.715075   10.140973   10.140973    8.894638    8.894638    8.145719    8.062700    6.043420    4.162497    3.987460
   12.541226   12.539045   11.707738   10.171978   10.078264    8.963562    8.933040    8.124313    8.069716    5.869848    4.204898    4.005381
   12.561298   12.561298   11.701338   10.103975   10.103975    9.005206    9.005206    8.088706    8.088706    5.682814    4.141470    4.141470
   12.374833   12.374833   12.374833    9.243455    9.118672    9.118672    9.118672    7.698859    7.698859    7.698859    4.266127    4.266127
   12.402763   12.294457   12.294457    9.617774    9.127365    9.127365    8.739790    7.887533    7.826677    7.826677    4.279609    3.899589
   12.383319   12.217695   12.217695   10.054769    9.140218    9.140218    8.245811    8.036081    7.940292    7.940292    4.425387    3.576895
   12.330774   12.153455   12.153455   10.409558    9.154964    9.154964    8.143152    8.028623    8.028623    7.795714    4.650881    3.320304
   12.272019   12.110455   12.110455   10.651229    9.167124    9.167124    8.207779    8.084120    8.084120    7.453136    4.869959    3.153355
   12.245237   12.095292   12.095292   10.739242    9.171883    9.171883    8.229386    8.102971    8.102971    7.318095    4.965844    3.095192
   12.383291   12.383291   12.246435    9.578246    9.578246    9.053346    8.207872    8.032895    8.032895    7.938144    4.002515    3.709296
   12.428677   12.365782   12.201411    9.960823    9.525041    8.991315    8.194129    8.176424    8.039484    7.687035    4.026970    3.413378
   12.441722   12.351986   12.164351   10.257659    9.467306    8.944679    8.309857    8.303090    8.120459    7.211099    4.207878    3.135520
   12.438240   12.343188   12.139871   10.448703    9.419986    8.915845    8.393563    8.379542    8.172685    6.845439    4.413732    2.947545
   12.434600   12.340169   12.131304   10.515131    9.401160    8.906108    8.427075    8.402814    8.190717    6.699529    4.509167    2.881084
   12.470300   12.470300   12.184385    9.845080    9.845080    8.865364    8.358733    8.358733    8.130037    7.139835    3.786689    3.305888
   12.537177   12.503502   12.169370   10.086548    9.723734    8.768815    8.514477    8.488469    8.203437    6.636932    3.835044    3.112546
   12.573314   12.524814   12.159044   10.237373    9.623029    8.707370    8.635646    8.566181    8.251978    6.244867    4.010522    2.936375
   12.584576   12.532149   12.155363   10.288749    9.581579    8.686086    8.683891    8.592070    8.269139    6.085413    4.104364    2.870075
   12.609686   12.609686   12.170677    9.914650    9.914650    8.664262    8.664262    8.635393    8.270223    6.103664    3.626042    3.156612
   12.672404   12.654771   12.170412   10.032461    9.771938    8.808904    8.753649    8.550779    8.314771    5.677783    3.692888    3.096006
   12.693124   12.670048   12.170133   10.072294    9.711567    8.869868    8.783365    8.521168    8.331017    5.498798    3.780049    3.047707
   12.732799   12.732799   12.176189    9.862986    9.862986    8.912866    8.912866    8.453034    8.355586    5.207223    3.526802    3.301114
   12.758814   12.753080   12.177929    9.893635    9.790007    8.982473    8.947508    8.418909    8.370621    4.997514    3.567566    3.326896
   12.780804   12.780804   12.180339    9.816227    9.816227    9.020177    9.020177    8.384249    8.384249    4.761765    3.493216    3.493216
   12.397818   12.397818   12.397818    9.469625    9.469625    9.469625    8.147282    8.147282    8.147282    7.641319    3.548937    3.548937
   12.504809   12.410066   12.410066    9.811008    9.358160    9.358160    8.311685    8.264438    8.264438    7.086987    3.561447    3.135912
   12.573368   12.419239   12.419239   10.066330    9.253576    9.253576    8.430048    8.373840    8.373840    6.578165    3.711060    2.794386
   12.610461   12.424884   12.424884   10.224992    9.172436    9.172436    8.501441    8.458204    8.458204    6.182198    3.907394    2.563538
   12.622030   12.426786   12.426786   10.278910    9.140129    9.140129    8.525301    8.491645    8.491645    6.021456    4.004686    2.481086
   12.569795   12.569795   12.446021    9.653643    9.653643    9.203605    8.440083    8.440083    8.354747    6.499529    3.250493    2.929542
   12.682055   12.619088   12.472321    9.870440    9.501546    9.068853    8.569657    8.566029    8.442118    5.956596    3.278031    2.626885
   12.748512   12.649752   12.488293   10.002940    9.377063    8.966444    8.679961    8.641818    8.515519    5.526483    3.448054    2.382236
   12.770494   12.660148   12.493643   10.047526    9.324086    8.924272    8.728108    8.667120    8.547926    5.347453    3.546269    2.291493
   12.762649   12.762649   12.510470    9.682648    9.682648    8.919004    8.709019    8.709019    8.505869    5.375633    3.019872    2.563836
   12.849092   12.812090   12.533403    9.792858    9.526103    8.837985    8.809815    8.792483    8.562181    4.902490    3.075120    2.431795
   12.877956   12.828742   12.541050    9.829849    9.456525    8.898263    8.820284    8.762629    8.591532    4.697121    3.168166    2.359017
   12.910181   12.910181   12.560364    9.616720    9.616720    8.932598    8.932598    8.706672    8.597722    4.370952    2.872972    2.599848
   12.942993   12.930663   12.569331    9.647128    9.536405    9.000847    8.964098    8.662471    8.619105    4.121104    2.913259    2.622034
   12.964764   12.964764   12.578728    9.563101    9.563101    9.035123    9.035123    8.628536    8.628536    3.824922    2.822376    2.822376
   12.651399   12.651399   12.651399    9.471081    9.471081    9.471081    8.531192    8.531192    8.531192    5.872305    2.742990    2.742990
   12.799071   12.711714   12.711714    9.664493    9.305595    9.305595    8.658125    8.628346    8.628346    5.288485    2.763534    2.300582
   12.888051   12.748655   12.748655    9.781483    9.171646    9.171646    8.734648    8.720113    8.720113    4.816583    2.919493    1.982426
   12.917773   12.761089   12.761089    9.820638    9.111325    9.111325    8.766177    8.766177    8.760216    4.613852    3.022339    1.863269
   12.884739   12.884739   12.779193    9.476353    9.476353    9.141037    8.761799    8.761799    8.690766    4.659958    2.423239    2.099586
   12.989369   12.936920   12.820172    9.579435    9.320180    9.013528    8.866055    8.842073    8.755293    4.137030    2.469145    1.837457
   13.024381   12.954439   12.833911    9.613896    9.245902    8.952109    8.922822    8.868867    8.795428    3.900766    2.571032    1.717050
   13.050793   13.050793   12.863417    9.410074    9.410074    8.953550    8.953550    8.905346    8.787629    3.544564    2.209245    1.907091
   13.088903   13.071372   12.877886    9.440166    9.327036    9.017107    8.982705    8.853504    8.813827    3.249419    2.251380    1.899394
   13.110503   13.110503   12.892591    9.354146    9.354146    9.048585    9.048585    8.820104    8.820104    2.876944    2.133155    2.133155
   12.973508   12.973508   12.973508    9.300395    9.300395    9.300395    8.823709    8.823709    8.823709    3.981000    1.868082    1.868082
   13.091041   13.027367   13.027367    9.396313    9.160175    9.160175    8.903827    8.893675    8.893675    3.400548    1.913309    1.426468
   13.130375   13.045417   13.045417    9.428337    9.088358    9.088358    8.941763    8.941763    8.930592    3.122509    2.023925    1.243197
   13.152620   13.152620   13.082137    9.248602    9.248602    9.048020    8.976905    8.976905    8.924135    2.743947    1.551191    1.287543
   13.194526   13.173241   13.100477    9.278150    9.170473    9.029846    9.004683    8.990822    8.953709    2.393566    1.600326    1.184442
   13.216001   13.216001   13.118908    9.197905    9.197905    9.059254    9.059254    8.957790    8.957790    1.921590    1.429957    1.429957
   13.214263   13.214263   13.214263    9.133934    9.133934    9.133934    9.006384    9.006384    9.006384    2.010064    0.946014    0.946014
   13.258453   13.234901   13.234901    9.162625    9.073562    9.073562    9.037960    9.037960    9.033859    1.575237    1.014688    0.621874
   13.279853   13.279853   13.255543    9.101201    9.101201    9.066098    9.066098    9.040745    9.040745    0.961819    0.717346    0.717346
   13.301228   13.301228   13.301228    9.068455    9.068455    9.068455    9.068455    9.068455    9.068455    0.000000    0.000000    0.000000
