Initial Guess from Harmonic Frequencies
13.3026	0.0	0.266053	1.25288
13.3026	0.0	0.266053	1.25288
13.3026	0.0	0.266053	1.25288
13.3026	0.0	0.266053	1.25288
6.01832	0.0	0.120366	2.76932
6.01832	0.0	0.120366	2.76932
6.01832	0.0	0.120366	2.76932
6.01832	0.0	0.120366	2.76932
6.01832	0.0	0.120366	2.76932
6.01832	0.0	0.120366	2.76932
6.01832	0.0	0.120366	2.76932
6.01832	0.0	0.120366	2.76932
13.2735	0.0	0.265471	1.25563
13.2735	0.0	0.265471	1.25563
13.2735	0.0	0.265471	1.25563
13.2735	0.0	0.265471	1.25563
6.08528	0.0	0.121706	2.73885
6.08528	0.0	0.121706	2.73885
6.08528	0.0	0.121706	2.73885
6.08528	0.0	0.121706	2.73885
6.01816	0.0	0.120363	2.7694
6.01816	0.0	0.120363	2.7694
6.01816	0.0	0.120363	2.7694
6.01816	0.0	0.120363	2.7694
13.1867	0.0	0.263735	1.2639
13.1867	0.0	0.263735	1.2639
13.1867	0.0	0.263735	1.2639
13.1867	0.0	0.263735	1.2639
6.27963	0.0	0.125593	2.65408
6.27963	0.0	0.125593	2.65408
6.27963	0.0	0.125593	2.65408
6.27963	0.0	0.125593	2.65408
6.0177	0.0	0.120354	2.76961
6.0177	0.0	0.120354	2.76961
6.0177	0.0	0.120354	2.76961
6.0177	0.0	0.120354	2.76961
13.044	0.0	0.260879	1.27773
13.044	0.0	0.260879	1.27773
13.044	0.0	0.260879	1.27773
13.044	0.0	0.260879	1.27773
6.58367	0.0	0.131673	2.53152
6.58367	0.0	0.131673	2.53152
6.58367	0.0	0.131673	2.53152
6.58367	0.0	0.131673	2.53152
6.01699	0.0	0.12034	2.76993
6.01699	0.0	0.12034	2.76993
6.01699	0.0	0.12034	2.76993
6.01699	0.0	0.12034	2.76993
12.8483	0.0	0.256966	1.29719
12.8483	0.0	0.256966	1.29719
12.8483	0.0	0.256966	1.29719
12.8483	0.0	0.256966	1.29719
6.97278	0.0	0.139456	2.39025
6.97278	0.0	0.139456	2.39025
6.97278	0.0	0.139456	2.39025
6.97278	0.0	0.139456	2.39025
6.0161	0.0	0.120322	2.77034
6.0161	0.0	0.120322	2.77034
6.0161	0.0	0.120322	2.77034
6.0161	0.0	0.120322	2.77034
12.6048	0.0	0.252095	1.32225
12.6048	0.0	0.252095	1.32225
12.6048	0.0	0.252095	1.32225
12.6048	0.0	0.252095	1.32225
7.41959	0.0	0.148392	2.24631
7.41959	0.0	0.148392	2.24631
7.41959	0.0	0.148392	2.24631
7.41959	0.0	0.148392	2.24631
6.01511	0.0	0.120302	2.7708
6.01511	0.0	0.120302	2.7708
6.01511	0.0	0.120302	2.7708
6.01511	0.0	0.120302	2.7708
12.3214	0.0	0.246428	1.35266
12.3214	0.0	0.246428	1.35266
12.3214	0.0	0.246428	1.35266
12.3214	0.0	0.246428	1.35266
7.89593	0.0	0.157919	2.11079
7.89593	0.0	0.157919	2.11079
7.89593	0.0	0.157919	2.11079
7.89593	0.0	0.157919	2.11079
6.01412	0.0	0.120282	2.77126
6.01412	0.0	0.120282	2.77126
6.01412	0.0	0.120282	2.77126
6.01412	0.0	0.120282	2.77126
12.0121	0.0	0.240241	1.38749
12.0121	0.0	0.240241	1.38749
12.0121	0.0	0.240241	1.38749
12.0121	0.0	0.240241	1.38749
8.3715	0.0	0.16743	1.99088
8.3715	0.0	0.16743	1.99088
8.3715	0.0	0.16743	1.99088
8.3715	0.0	0.16743	1.99088
6.01322	0.0	0.120264	2.77167
6.01322	0.0	0.120264	2.77167
6.01322	0.0	0.120264	2.77167
6.01322	0.0	0.120264	2.77167
11.7033	0.0	0.234066	1.4241
11.7033	0.0	0.234066	1.4241
11.7033	0.0	0.234066	1.4241
11.7033	0.0	0.234066	1.4241
8.80742	0.0	0.176148	1.89234
8.80742	0.0	0.176148	1.89234
8.80742	0.0	0.176148	1.89234
8.80742	0.0	0.176148	1.89234
6.01251	0.0	0.12025	2.772
6.01251	0.0	0.12025	2.772
6.01251	0.0	0.12025	2.772
6.01251	0.0	0.12025	2.772
11.4493	0.0	0.228987	1.45569
11.4493	0.0	0.228987	1.45569
11.4493	0.0	0.228987	1.45569
11.4493	0.0	0.228987	1.45569
9.14093	0.0	0.182819	1.8233
9.14093	0.0	0.182819	1.8233
9.14093	0.0	0.182819	1.8233
9.14093	0.0	0.182819	1.8233
6.01206	0.0	0.120241	2.77221
6.01206	0.0	0.120241	2.77221
6.01206	0.0	0.120241	2.77221
6.01206	0.0	0.120241	2.77221
11.3439	0.0	0.226879	1.46921
11.3439	0.0	0.226879	1.46921
11.3439	0.0	0.226879	1.46921
11.3439	0.0	0.226879	1.46921
9.2734	0.0	0.185468	1.79726
9.2734	0.0	0.185468	1.79726
9.2734	0.0	0.185468	1.79726
9.2734	0.0	0.185468	1.79726
6.0119	0.0	0.120238	2.77228
6.0119	0.0	0.120238	2.77228
6.0119	0.0	0.120238	2.77228
6.0119	0.0	0.120238	2.77228
13.2737	0.0	0.265473	1.25562
13.2737	0.0	0.265473	1.25562
13.2155	0.0	0.26431	1.26115
13.2155	0.0	0.26431	1.26115
6.20554	0.0	0.124111	2.68577
6.20554	0.0	0.124111	2.68577
6.07733	0.0	0.121547	2.74243
6.07733	0.0	0.121547	2.74243
6.02896	0.0	0.120579	2.76443
6.02896	0.0	0.120579	2.76443
6.02588	0.0	0.120518	2.76585
6.02588	0.0	0.120518	2.76585
13.2158	0.0	0.264316	1.26112
13.2158	0.0	0.264316	1.26112
13.1007	0.0	0.262014	1.2722
13.1007	0.0	0.262014	1.2722
6.45248	0.0	0.12905	2.58299
6.45248	0.0	0.12905	2.58299
6.15647	0.0	0.123129	2.70718
6.15647	0.0	0.123129	2.70718
6.12788	0.0	0.122558	2.71981
6.12788	0.0	0.122558	2.71981
5.98101	0.0	0.11962	2.7866
5.98101	0.0	0.11962	2.7866
13.101	0.0	0.26202	1.27217
13.101	0.0	0.26202	1.27217
12.9316	0.0	0.258632	1.28883
12.9316	0.0	0.258632	1.28883
6.80504	0.0	0.136101	2.44916
6.80504	0.0	0.136101	2.44916
6.40063	0.0	0.128013	2.60391
6.40063	0.0	0.128013	2.60391
6.16914	0.0	0.123383	2.70162
6.16914	0.0	0.123383	2.70162
5.9387	0.0	0.118774	2.80645
5.9387	0.0	0.118774	2.80645
12.9316	0.0	0.258632	1.28883
12.9316	0.0	0.258632	1.28883
12.7119	0.0	0.254238	1.3111
12.7119	0.0	0.254238	1.3111
7.23318	0.0	0.144664	2.3042
7.23318	0.0	0.144664	2.3042
6.73928	0.0	0.134786	2.47306
6.73928	0.0	0.134786	2.47306
6.20507	0.0	0.124101	2.68597
6.20507	0.0	0.124101	2.68597
5.89989	0.0	0.117998	2.82491
5.89989	0.0	0.117998	2.82491
12.7117	0.0	0.254234	1.31113
12.7117	0.0	0.254234	1.31113
12.4476	0.0	0.248951	1.33895
12.4476	0.0	0.248951	1.33895
7.70945	0.0	0.154189	2.16185
7.70945	0.0	0.154189	2.16185
7.14556	0.0	0.142911	2.33245
7.14556	0.0	0.142911	2.33245
6.23619	0.0	0.124724	2.67257
6.23619	0.0	0.124724	2.67257
5.86514	0.0	0.117303	2.84165
5.86514	0.0	0.117303	2.84165
12.4481	0.0	0.248963	1.33889
12.4481	0.0	0.248963	1.33889
12.1477	0.0	0.242954	1.372
12.1477	0.0	0.242954	1.372
8.20747	0.0	0.164149	2.03067
8.20747	0.0	0.164149	2.03067
7.58997	0.0	0.151799	2.19588
7.58997	0.0	0.151799	2.19588
6.26229	0.0	0.125246	2.66143
6.26229	0.0	0.125246	2.66143
5.83525	0.0	0.116705	2.8562
5.83525	0.0	0.116705	2.8562
12.1532	0.0	0.243063	1.37138
12.1532	0.0	0.243063	1.37138
11.8277	0.0	0.236553	1.40913
11.8277	0.0	0.236553	1.40913
8.69967	0.0	0.173993	1.91578
8.69967	0.0	0.173993	1.91578
8.03988	0.0	0.160798	2.073
8.03988	0.0	0.160798	2.073
6.28302	0.0	0.12566	2.65265
6.28302	0.0	0.12566	2.65265
5.81104	0.0	0.116221	2.8681
5.81104	0.0	0.116221	2.8681
11.851	0.0	0.237019	1.40636
11.851	0.0	0.237019	1.40636
11.5157	0.0	0.230315	1.44729
11.5157	0.0	0.230315	1.44729
9.15045	0.0	0.183009	1.8214
9.15045	0.0	0.183009	1.8214
8.45371	0.0	0.169074	1.97152
8.45371	0.0	0.169074	1.97152
6.29807	0.0	0.125962	2.64631
6.29807	0.0	0.125962	2.64631
5.7932	0.0	0.115864	2.87693
5.7932	0.0	0.115864	2.87693
11.5945	0.0	0.231889	1.43747
11.5945	0.0	0.231889	1.43747
11.2663	0.0	0.225326	1.47934
11.2663	0.0	0.225326	1.47934
9.49908	0.0	0.189982	1.75456
9.49908	0.0	0.189982	1.75456
8.76789	0.0	0.175358	1.90088
8.76789	0.0	0.175358	1.90088
6.30721	0.0	0.126144	2.64248
6.30721	0.0	0.126144	2.64248
5.78227	0.0	0.115645	2.88237
5.78227	0.0	0.115645	2.88237
11.4848	0.0	0.229695	1.4512
11.4848	0.0	0.229695	1.4512
11.1653	0.0	0.223306	1.49272
11.1653	0.0	0.223306	1.49272
9.64	0.0	0.1928	1.72891
9.64	0.0	0.1928	1.72891
8.89104	0.0	0.177821	1.87455
8.89104	0.0	0.177821	1.87455
6.31027	0.0	0.126205	2.6412
6.31027	0.0	0.126205	2.6412
5.77859	0.0	0.115572	2.88421
5.77859	0.0	0.115572	2.88421
13.1872	0.0	0.263745	1.26385
13.1872	0.0	0.263745	1.26385
12.9595	0.0	0.259191	1.28605
12.9595	0.0	0.259191	1.28605
6.7196	0.0	0.134392	2.48031
6.7196	0.0	0.134392	2.48031
6.24944	0.0	0.124989	2.66691
6.24944	0.0	0.124989	2.66691
6.05971	0.0	0.121194	2.75041
6.05971	0.0	0.121194	2.75041
6.04792	0.0	0.120958	2.75577
6.04792	0.0	0.120958	2.75577
13.1014	0.0	0.262029	1.27213
13.1014	0.0	0.262029	1.27213
12.7662	0.0	0.255324	1.30553
12.7662	0.0	0.255324	1.30553
7.08882	0.0	0.141776	2.35112
7.08882	0.0	0.141776	2.35112
6.35057	0.0	0.127011	2.62444
6.35057	0.0	0.127011	2.62444
6.24022	0.0	0.124804	2.67084
6.24022	0.0	0.124804	2.67084
5.96198	0.0	0.11924	2.79549
5.96198	0.0	0.11924	2.79549
12.96	0.0	0.2592	1.28601
12.96	0.0	0.2592	1.28601
12.5253	0.0	0.250505	1.33064
12.5253	0.0	0.250505	1.33064
7.53215	0.0	0.150643	2.21274
7.53215	0.0	0.150643	2.21274
6.52537	0.0	0.130507	2.55413
6.52537	0.0	0.130507	2.55413
6.43303	0.0	0.128661	2.5908
6.43303	0.0	0.128661	2.5908
5.8794	0.0	0.117588	2.83475
5.8794	0.0	0.117588	2.83475
12.7661	0.0	0.255323	1.30554
12.7661	0.0	0.255323	1.30554
12.2433	0.0	0.244866	1.36129
12.2433	0.0	0.244866	1.36129
8.0195	0.0	0.16039	2.07827
8.0195	0.0	0.16039	2.07827
6.88558	0.0	0.137712	2.42052
6.88558	0.0	0.137712	2.42052
6.50119	0.0	0.130024	2.56363
6.50119	0.0	0.130024	2.56363
5.80607	0.0	0.116121	2.87056
5.80607	0.0	0.116121	2.87056
12.5255	0.0	0.250511	1.33062
12.5255	0.0	0.250511	1.33062
11.9305	0.0	0.238609	1.39698
11.9305	0.0	0.238609	1.39698
8.52449	0.0	0.17049	1.95515
8.52449	0.0	0.17049	1.95515
7.29153	0.0	0.145831	2.28576
7.29153	0.0	0.145831	2.28576
6.5568	0.0	0.131136	2.54189
6.5568	0.0	0.131136	2.54189
5.74327	0.0	0.114865	2.90195
5.74327	0.0	0.114865	2.90195
12.2486	0.0	0.244972	1.3607
12.2486	0.0	0.244972	1.3607
11.6034	0.0	0.232067	1.43636
11.6034	0.0	0.232067	1.43636
9.02138	0.0	0.180428	1.84746
9.02138	0.0	0.180428	1.84746
7.70934	0.0	0.154187	2.16188
7.70934	0.0	0.154187	2.16188
6.60025	0.0	0.132005	2.52516
6.60025	0.0	0.132005	2.52516
5.69247	0.0	0.113849	2.92784
5.69247	0.0	0.113849	2.92784
11.9566	0.0	0.239133	1.39392
11.9566	0.0	0.239133	1.39392
11.2915	0.0	0.22583	1.47604
11.2915	0.0	0.22583	1.47604
9.47773	0.0	0.189555	1.75851
9.47773	0.0	0.189555	1.75851
8.09577	0.0	0.161915	2.05869
8.09577	0.0	0.161915	2.05869
6.6315	0.0	0.13263	2.51326
6.6315	0.0	0.13263	2.51326
5.65505	0.0	0.113101	2.94722
5.65505	0.0	0.113101	2.94722
11.7	0.0	0.233999	1.42451
11.7	0.0	0.233999	1.42451
11.0482	0.0	0.220964	1.50854
11.0482	0.0	0.220964	1.50854
9.83591	0.0	0.196718	1.69447
9.83591	0.0	0.196718	1.69447
8.38761	0.0	0.167752	1.98706
8.38761	0.0	0.167752	1.98706
6.65035	0.0	0.133007	2.50613
6.65035	0.0	0.133007	2.50613
5.63213	0.0	0.112643	2.95921
5.63213	0.0	0.112643	2.95921
11.5861	0.0	0.231722	1.4385
11.5861	0.0	0.231722	1.4385
10.9518	0.0	0.219036	1.52182
10.9518	0.0	0.219036	1.52182
9.98405	0.0	0.199681	1.66933
9.98405	0.0	0.199681	1.66933
8.50085	0.0	0.170017	1.96059
8.50085	0.0	0.170017	1.96059
6.65666	0.0	0.133133	2.50376
6.65666	0.0	0.133133	2.50376
5.62441	0.0	0.112488	2.96328
5.62441	0.0	0.112488	2.96328
13.045	0.0	0.260901	1.27762
13.045	0.0	0.260901	1.27762
12.5514	0.0	0.251029	1.32787
12.5514	0.0	0.251029	1.32787
7.45049	0.0	0.14901	2.23699
7.45049	0.0	0.14901	2.23699
6.52098	0.0	0.13042	2.55585
6.52098	0.0	0.13042	2.55585
6.10714	0.0	0.122143	2.72904
6.10714	0.0	0.122143	2.72904
6.08273	0.0	0.121655	2.74
6.08273	0.0	0.121655	2.74
12.9328	0.0	0.258655	1.28872
12.9328	0.0	0.258655	1.28872
12.2924	0.0	0.245847	1.35585
12.2924	0.0	0.245847	1.35585
7.88083	0.0	0.157617	2.11484
7.88083	0.0	0.157617	2.11484
6.66413	0.0	0.133282	2.50095
6.66413	0.0	0.133282	2.50095
6.32836	0.0	0.126567	2.63365
6.32836	0.0	0.126567	2.63365
5.96315	0.0	0.119263	2.79494
5.96315	0.0	0.119263	2.79494
12.767	0.0	0.255339	1.30545
12.767	0.0	0.255339	1.30545
11.9963	0.0	0.239927	1.38931
11.9963	0.0	0.239927	1.38931
8.35547	0.0	0.167109	1.9947
8.35547	0.0	0.167109	1.9947
6.78019	0.0	0.135604	2.45814
6.78019	0.0	0.135604	2.45814
6.64043	0.0	0.132809	2.50988
6.64043	0.0	0.132809	2.50988
5.84694	0.0	0.116939	2.8505
5.84694	0.0	0.116939	2.8505
12.5522	0.0	0.251043	1.32779
12.5522	0.0	0.251043	1.32779
11.6743	0.0	0.233486	1.42764
11.6743	0.0	0.233486	1.42764
8.84856	0.0	0.176971	1.88355
8.84856	0.0	0.176971	1.88355
7.00434	0.0	0.140087	2.37948
7.00434	0.0	0.140087	2.37948
6.87246	0.0	0.137449	2.42514
6.87246	0.0	0.137449	2.42514
5.74718	0.0	0.114944	2.89997
5.74718	0.0	0.114944	2.89997
12.2969	0.0	0.245937	1.35536
12.2969	0.0	0.245937	1.35536
11.3438	0.0	0.226876	1.46923
11.3438	0.0	0.226876	1.46923
9.33518	0.0	0.186704	1.78536
9.33518	0.0	0.186704	1.78536
7.38594	0.0	0.147719	2.25654
7.38594	0.0	0.147719	2.25654
6.94309	0.0	0.138862	2.40047
6.94309	0.0	0.138862	2.40047
5.66634	0.0	0.113327	2.94134
5.66634	0.0	0.113327	2.94134
12.0193	0.0	0.240386	1.38666
12.0193	0.0	0.240386	1.38666
11.0349	0.0	0.220698	1.51036
11.0349	0.0	0.220698	1.51036
9.78556	0.0	0.195711	1.70319
9.78556	0.0	0.195711	1.70319
7.74139	0.0	0.154828	2.15293
7.74139	0.0	0.154828	2.15293
6.99317	0.0	0.139863	2.38328
6.99317	0.0	0.139863	2.38328
5.60669	0.0	0.112134	2.97264
5.60669	0.0	0.112134	2.97264
11.7653	0.0	0.235307	1.41659
11.7653	0.0	0.235307	1.41659
10.7992	0.0	0.215984	1.54333
10.7992	0.0	0.215984	1.54333
10.1461	0.0	0.202922	1.64267
10.1461	0.0	0.202922	1.64267
8.00901	0.0	0.16018	2.08099
8.00901	0.0	0.16018	2.08099
7.02313	0.0	0.140463	2.37311
7.02313	0.0	0.140463	2.37311
5.57008	0.0	0.111402	2.99218
5.57008	0.0	0.111402	2.99218
11.6476	0.0	0.232952	1.43091
11.6476	0.0	0.232952	1.43091
10.7074	0.0	0.214149	1.55655
10.7074	0.0	0.214149	1.55655
10.2998	0.0	0.205996	1.61815
10.2998	0.0	0.205996	1.61815
8.11207	0.0	0.162241	2.05455
8.11207	0.0	0.162241	2.05455
7.0331	0.0	0.140662	2.36975
7.0331	0.0	0.140662	2.36975
5.55774	0.0	0.111155	2.99882
5.55774	0.0	0.111155	2.99882
12.8502	0.0	0.257005	1.29699
12.8502	0.0	0.257005	1.29699
12.0189	0.0	0.240378	1.38671
12.0189	0.0	0.240378	1.38671
8.28095	0.0	0.165619	2.01265
8.28095	0.0	0.165619	2.01265
6.87223	0.0	0.137445	2.42522
6.87223	0.0	0.137445	2.42522
6.16616	0.0	0.123323	2.70292
6.16616	0.0	0.123323	2.70292
6.12794	0.0	0.122559	2.71978
6.12794	0.0	0.122559	2.71978
12.714	0.0	0.25428	1.31089
12.714	0.0	0.25428	1.31089
11.7127	0.0	0.234254	1.42296
11.7127	0.0	0.234254	1.42296
8.72115	0.0	0.174423	1.91106
8.72115	0.0	0.174423	1.91106
7.04615	0.0	0.140923	2.36536
7.04615	0.0	0.140923	2.36536
6.41323	0.0	0.128265	2.59879
6.41323	0.0	0.128265	2.59879
5.98426	0.0	0.119685	2.78508
5.98426	0.0	0.119685	2.78508
12.5275	0.0	0.250551	1.3304
12.5275	0.0	0.250551	1.3304
11.3854	0.0	0.227708	1.46386
11.3854	0.0	0.227708	1.46386
9.18197	0.0	0.183639	1.81515
9.18197	0.0	0.183639	1.81515
7.18465	0.0	0.143693	2.31976
7.18465	0.0	0.143693	2.31976
6.73371	0.0	0.134674	2.47511
6.73371	0.0	0.134674	2.47511
5.84535	0.0	0.116907	2.85127
5.84535	0.0	0.116907	2.85127
12.2976	0.0	0.245952	1.35528
12.2976	0.0	0.245952	1.35528
11.0551	0.0	0.221102	1.5076
11.0551	0.0	0.221102	1.5076
9.6411	0.0	0.192822	1.72871
9.6411	0.0	0.192822	1.72871
7.28976	0.0	0.145795	2.28631
7.28976	0.0	0.145795	2.28631
7.07709	0.0	0.141542	2.35502
7.07709	0.0	0.141542	2.35502
5.73203	0.0	0.114641	2.90764
5.73203	0.0	0.114641	2.90764
12.0389	0.0	0.240778	1.3844
12.0389	0.0	0.240778	1.3844
10.7519	0.0	0.215037	1.55012
10.7519	0.0	0.215037	1.55012
10.0717	0.0	0.201433	1.65481
10.0717	0.0	0.201433	1.65481
7.39974	0.0	0.147995	2.25233
7.39974	0.0	0.147995	2.25233
7.36353	0.0	0.147271	2.26341
7.36353	0.0	0.147271	2.26341
5.64805	0.0	0.112961	2.95087
5.64805	0.0	0.112961	2.95087
11.7915	0.0	0.23583	1.41345
11.7915	0.0	0.23583	1.41345
10.5249	0.0	0.210498	1.58354
10.5249	0.0	0.210498	1.58354
10.4254	0.0	0.208507	1.59867
10.4254	0.0	0.208507	1.59867
7.64239	0.0	0.152848	2.18082
7.64239	0.0	0.152848	2.18082
7.40733	0.0	0.148147	2.25002
7.40733	0.0	0.148147	2.25002
5.59638	0.0	0.111927	2.97812
5.59638	0.0	0.111927	2.97812
11.6703	0.0	0.233406	1.42813
11.6703	0.0	0.233406	1.42813
10.5825	0.0	0.21165	1.57493
10.5825	0.0	0.21165	1.57493
10.4379	0.0	0.208758	1.59675
10.4379	0.0	0.208758	1.59675
7.73532	0.0	0.154706	2.15462
7.73532	0.0	0.154706	2.15462
7.42186	0.0	0.148437	2.24562
7.42186	0.0	0.148437	2.24562
5.57892	0.0	0.111578	2.98743
5.57892	0.0	0.111578	2.98743
12.6083	0.0	0.252166	1.32188
12.6083	0.0	0.252166	1.32188
11.4007	0.0	0.228014	1.4619
11.4007	0.0	0.228014	1.4619
9.1145	0.0	0.18229	1.82859
9.1145	0.0	0.18229	1.82859
7.27994	0.0	0.145599	2.2894
7.27994	0.0	0.145599	2.2894
6.23063	0.0	0.124613	2.67496
6.23063	0.0	0.124613	2.67496
6.18115	0.0	0.123623	2.69637
6.18115	0.0	0.123623	2.69637
12.4523	0.0	0.249047	1.33844
12.4523	0.0	0.249047	1.33844
11.0722	0.0	0.221444	1.50527
11.0722	0.0	0.221444	1.50527
9.52604	0.0	0.190521	1.74959
9.52604	0.0	0.190521	1.74959
7.47196	0.0	0.149439	2.23056
7.47196	0.0	0.149439	2.23056
6.48651	0.0	0.12973	2.56944
6.48651	0.0	0.12973	2.56944
6.02501	0.0	0.1205	2.76625
6.02501	0.0	0.1205	2.76625
12.2513	0.0	0.245027	1.36039
12.2513	0.0	0.245027	1.36039
10.7456	0.0	0.214912	1.55102
10.7456	0.0	0.214912	1.55102
9.94023	0.0	0.198805	1.67669
9.94023	0.0	0.198805	1.67669
7.6196	0.0	0.152392	2.18734
7.6196	0.0	0.152392	2.18734
6.79147	0.0	0.135829	2.45406
6.79147	0.0	0.135829	2.45406
5.87868	0.0	0.117574	2.83511
5.87868	0.0	0.117574	2.83511
12.0167	0.0	0.240334	1.38696
12.0167	0.0	0.240334	1.38696
10.4505	0.0	0.20901	1.59482
10.4505	0.0	0.20901	1.59482
10.3353	0.0	0.206706	1.6126
10.3353	0.0	0.206706	1.6126
7.72353	0.0	0.154471	2.15791
7.72353	0.0	0.154471	2.15791
7.08126	0.0	0.141625	2.35363
7.08126	0.0	0.141625	2.35363
5.76942	0.0	0.115388	2.8888
5.76942	0.0	0.115388	2.8888
11.781	0.0	0.23562	1.4147
11.781	0.0	0.23562	1.4147
10.6706	0.0	0.213411	1.56193
10.6706	0.0	0.213411	1.56193
10.2332	0.0	0.204665	1.62868
10.2332	0.0	0.204665	1.62868
7.78517	0.0	0.155703	2.14082
7.78517	0.0	0.155703	2.14082
7.29936	0.0	0.145987	2.28331
7.29936	0.0	0.145987	2.28331
5.70189	0.0	0.114038	2.92301
5.70189	0.0	0.114038	2.92301
11.6573	0.0	0.233145	1.42972
11.6573	0.0	0.233145	1.42972
10.8281	0.0	0.216561	1.53921
10.8281	0.0	0.216561	1.53921
10.151	0.0	0.20302	1.64188
10.151	0.0	0.20302	1.64188
7.8056	0.0	0.156112	2.13522
7.8056	0.0	0.156112	2.13522
7.38259	0.0	0.147652	2.25756
7.38259	0.0	0.147652	2.25756
5.67904	0.0	0.113581	2.93477
5.67904	0.0	0.113581	2.93477
12.3285	0.0	0.24657	1.35188
12.3285	0.0	0.24657	1.35188
10.7467	0.0	0.214935	1.55086
10.7467	0.0	0.214935	1.55086
9.87892	0.0	0.197578	1.68709
9.87892	0.0	0.197578	1.68709
7.71833	0.0	0.154367	2.15936
7.71833	0.0	0.154367	2.15936
6.29412	0.0	0.125882	2.64797
6.29412	0.0	0.125882	2.64797
6.24023	0.0	0.124805	2.67084
6.24023	0.0	0.124805	2.67084
12.16	0.0	0.243199	1.37062
12.16	0.0	0.243199	1.37062
10.4272	0.0	0.208544	1.59838
10.4272	0.0	0.208544	1.59838
10.2338	0.0	0.204676	1.62859
10.2338	0.0	0.204676	1.62859
7.91399	0.0	0.15828	2.10598
7.91399	0.0	0.15828	2.10598
6.53894	0.0	0.130779	2.54883
6.53894	0.0	0.130779	2.54883
6.0857	0.0	0.121714	2.73866
6.0857	0.0	0.121714	2.73866
11.9553	0.0	0.239105	1.39409
11.9553	0.0	0.239105	1.39409
10.5773	0.0	0.211547	1.57569
10.5773	0.0	0.211547	1.57569
10.1423	0.0	0.202845	1.64329
10.1423	0.0	0.202845	1.64329
8.05452	0.0	0.16109	2.06923
8.05452	0.0	0.16109	2.06923
6.79742	0.0	0.135948	2.45191
6.79742	0.0	0.135948	2.45191
5.95169	0.0	0.119034	2.80033
5.95169	0.0	0.119034	2.80033
11.7386	0.0	0.234773	1.41981
11.7386	0.0	0.234773	1.41981
10.8799	0.0	0.217597	1.53188
10.8799	0.0	0.217597	1.53188
9.93541	0.0	0.198708	1.6775
9.93541	0.0	0.198708	1.6775
8.13875	0.0	0.162775	2.04782
8.13875	0.0	0.162775	2.04782
6.99261	0.0	0.139852	2.38347
6.99261	0.0	0.139852	2.38347
5.86833	0.0	0.117367	2.8401
5.86833	0.0	0.117367	2.8401
11.6144	0.0	0.232287	1.43501
11.6144	0.0	0.232287	1.43501
11.0333	0.0	0.220665	1.51058
11.0333	0.0	0.220665	1.51058
9.85786	0.0	0.197157	1.6907
9.85786	0.0	0.197157	1.6907
8.16678	0.0	0.163336	2.04079
8.16678	0.0	0.163336	2.04079
7.06696	0.0	0.141339	2.35839
7.06696	0.0	0.141339	2.35839
5.84005	0.0	0.116801	2.85386
5.84005	0.0	0.116801	2.85386
12.0269	0.0	0.240539	1.38578
12.0269	0.0	0.240539	1.38578
10.5218	0.0	0.210435	1.58402
10.5218	0.0	0.210435	1.58402
10.1176	0.0	0.202353	1.64729
10.1176	0.0	0.202353	1.64729
8.15738	0.0	0.163148	2.04314
8.15738	0.0	0.163148	2.04314
6.35059	0.0	0.127012	2.62443
6.35059	0.0	0.127012	2.62443
6.30283	0.0	0.126057	2.64432
6.30283	0.0	0.126057	2.64432
11.8587	0.0	0.237173	1.40544
11.8587	0.0	0.237173	1.40544
10.8	0.0	0.216	1.54321
10.8	0.0	0.216	1.54321
9.84442	0.0	0.196888	1.69301
9.84442	0.0	0.196888	1.69301
8.3382	0.0	0.166764	1.99883
8.3382	0.0	0.166764	1.99883
6.56024	0.0	0.131205	2.54056
6.56024	0.0	0.131205	2.54056
6.1669	0.0	0.123338	2.7026
6.1669	0.0	0.123338	2.7026
11.6714	0.0	0.233428	1.42799
11.6714	0.0	0.233428	1.42799
11.0532	0.0	0.221065	1.50785
11.0532	0.0	0.221065	1.50785
9.64812	0.0	0.192962	1.72745
9.64812	0.0	0.192962	1.72745
8.44914	0.0	0.168983	1.97259
8.44914	0.0	0.168983	1.97259
6.73537	0.0	0.134707	2.4745
6.73537	0.0	0.134707	2.4745
6.06871	0.0	0.121374	2.74633
6.06871	0.0	0.121374	2.74633
11.5512	0.0	0.231025	1.44285
11.5512	0.0	0.231025	1.44285
11.1955	0.0	0.223909	1.4887
11.1955	0.0	0.223909	1.4887
9.57507	0.0	0.191501	1.74063
9.57507	0.0	0.191501	1.74063
8.48649	0.0	0.16973	1.96391
8.48649	0.0	0.16973	1.96391
6.80211	0.0	0.136042	2.45022
6.80211	0.0	0.136042	2.45022
6.03526	0.0	0.120705	2.76155
6.03526	0.0	0.120705	2.76155
11.733	0.0	0.23466	1.42049
11.733	0.0	0.23466	1.42049
11.0057	0.0	0.220114	1.51437
11.0057	0.0	0.220114	1.51437
9.58324	0.0	0.191665	1.73915
9.58324	0.0	0.191665	1.73915
8.557	0.0	0.17114	1.94772
8.557	0.0	0.17114	1.94772
6.39486	0.0	0.127897	2.60626
6.39486	0.0	0.127897	2.60626
6.36416	0.0	0.127283	2.61883
6.36416	0.0	0.127283	2.61883
11.5887	0.0	0.231774	1.43818
11.5887	0.0	0.231774	1.43818
11.1932	0.0	0.223864	1.489
11.1932	0.0	0.223864	1.489
9.39683	0.0	0.187937	1.77365
9.39683	0.0	0.187937	1.77365
8.69556	0.0	0.173911	1.91669
8.69556	0.0	0.173911	1.91669
6.54039	0.0	0.130808	2.54827
6.54039	0.0	0.130808	2.54827
6.26693	0.0	0.125339	2.65946
6.26693	0.0	0.125339	2.65946
11.4827	0.0	0.229654	1.45146
11.4827	0.0	0.229654	1.45146
11.3127	0.0	0.226254	1.47327
11.3127	0.0	0.226254	1.47327
9.3278	0.0	0.186556	1.78677
9.3278	0.0	0.186556	1.78677
8.74305	0.0	0.174861	1.90628
8.74305	0.0	0.174861	1.90628
6.60121	0.0	0.132024	2.52479
6.60121	0.0	0.132024	2.52479
6.22899	0.0	0.12458	2.67566
6.22899	0.0	0.12458	2.67566
11.5003	0.0	0.230006	1.44924
11.5003	0.0	0.230006	1.44924
11.3057	0.0	0.226115	1.47418
11.3057	0.0	0.226115	1.47418
9.21801	0.0	0.18436	1.80806
9.21801	0.0	0.18436	1.80806
8.85608	0.0	0.177122	1.88195
8.85608	0.0	0.177122	1.88195
6.42304	0.0	0.128461	2.59482
6.42304	0.0	0.128461	2.59482
6.41316	0.0	0.128263	2.59882
6.41316	0.0	0.128263	2.59882
11.4283	0.0	0.228566	1.45837
11.4283	0.0	0.228566	1.45837
11.3836	0.0	0.227672	1.46409
11.3836	0.0	0.227672	1.46409
9.15194	0.0	0.183039	1.82111
9.15194	0.0	0.183039	1.82111
8.91213	0.0	0.178243	1.87011
8.91213	0.0	0.178243	1.87011
6.47552	0.0	0.12951	2.5738
6.47552	0.0	0.12951	2.5738
6.37655	0.0	0.127531	2.61374
6.37655	0.0	0.127531	2.61374
11.4073	0.0	0.228147	1.46105
11.4073	0.0	0.228147	1.46105
11.4073	0.0	0.228147	1.46105
11.4073	0.0	0.228147	1.46105
9.08701	0.0	0.18174	1.83412
9.08701	0.0	0.18174	1.83412
8.97164	0.0	0.179433	1.85771
8.97164	0.0	0.179433	1.85771
6.43271	0.0	0.128654	2.59092
6.43271	0.0	0.128654	2.59092
6.43271	0.0	0.128654	2.59092
6.43271	0.0	0.128654	2.59092
13.2451	0.0	0.264902	1.25833
13.2451	0.0	0.264902	1.25833
13.2451	0.0	0.264902	1.25833
13.1278	0.0	0.262556	1.26957
6.23569	0.0	0.124714	2.67279
6.23569	0.0	0.124714	2.67279
6.23569	0.0	0.124714	2.67279
6.1115	0.0	0.12223	2.7271
6.1115	0.0	0.12223	2.7271
6.1115	0.0	0.12223	2.7271
5.94494	0.0	0.118899	2.8035
5.94494	0.0	0.118899	2.8035
13.216	0.0	0.264319	1.2611
13.16	0.0	0.2632	1.26646
13.16	0.0	0.2632	1.26646
12.9839	0.0	0.259678	1.28364
6.55757	0.0	0.131151	2.54159
6.3895	0.0	0.12779	2.60845
6.3895	0.0	0.12779	2.60845
6.19066	0.0	0.123813	2.69223
6.14457	0.0	0.122892	2.71242
6.14457	0.0	0.122892	2.71242
5.99837	0.0	0.119967	2.77853
5.86148	0.0	0.11723	2.84342
13.1284	0.0	0.262568	1.26951
13.0201	0.0	0.260401	1.28008
13.0201	0.0	0.260401	1.28008
12.7868	0.0	0.255735	1.30343
6.96797	0.0	0.139359	2.3919
6.67417	0.0	0.133483	2.49719
6.67417	0.0	0.133483	2.49719
6.2647	0.0	0.125294	2.66041
6.17826	0.0	0.123565	2.69763
6.1527	0.0	0.123054	2.70884
6.1527	0.0	0.123054	2.70884
5.78071	0.0	0.115614	2.88315
12.984	0.0	0.25968	1.28363
12.8284	0.0	0.256569	1.2992
12.8284	0.0	0.256569	1.2992
12.5408	0.0	0.250817	1.32899
7.44122	0.0	0.148824	2.23977
7.04765	0.0	0.140953	2.36486
7.04765	0.0	0.140953	2.36486
6.46511	0.0	0.129302	2.57794
6.33207	0.0	0.126641	2.6321
6.15464	0.0	0.123093	2.70798
6.15464	0.0	0.123093	2.70798
5.70484	0.0	0.114097	2.9215
12.7858	0.0	0.255716	1.30353
12.5902	0.0	0.251805	1.32378
12.5902	0.0	0.251805	1.32378
12.2527	0.0	0.245055	1.36024
7.95234	0.0	0.159047	2.09582
7.47927	0.0	0.149585	2.22838
7.47927	0.0	0.149585	2.22838
6.8319	0.0	0.136638	2.43954
6.39142	0.0	0.127828	2.60766
6.15479	0.0	0.123096	2.70792
6.15479	0.0	0.123096	2.70792
5.63603	0.0	0.112721	2.95716
12.5394	0.0	0.250787	1.32915
12.3136	0.0	0.246272	1.35351
12.3136	0.0	0.246272	1.35351
11.9325	0.0	0.238651	1.39674
8.47761	0.0	0.169552	1.96596
7.9405	0.0	0.15881	2.09895
7.9405	0.0	0.15881	2.09895
7.24747	0.0	0.144949	2.29965
6.44158	0.0	0.128832	2.58736
6.15429	0.0	0.123086	2.70814
6.15429	0.0	0.123086	2.70814
5.57637	0.0	0.111527	2.9888
12.2547	0.0	0.245094	1.36002
12.0127	0.0	0.240253	1.38742
12.0127	0.0	0.240253	1.38742
11.5968	0.0	0.231935	1.43718
8.99275	0.0	0.179855	1.85335
8.401	0.0	0.16802	1.98389
8.401	0.0	0.16802	1.98389
7.67668	0.0	0.153534	2.17108
6.48159	0.0	0.129632	2.57139
6.1536	0.0	0.123072	2.70844
6.1536	0.0	0.123072	2.70844
5.52775	0.0	0.110555	3.01509
11.9528	0.0	0.239055	1.39438
11.7139	0.0	0.234278	1.42281
11.7139	0.0	0.234278	1.42281
11.2751	0.0	0.225502	1.47819
9.46633	0.0	0.189327	1.76063
8.82204	0.0	0.176441	1.88921
8.82204	0.0	0.176441	1.88921
8.07527	0.0	0.161505	2.06391
6.5107	0.0	0.130214	2.55989
6.15297	0.0	0.123059	2.70872
6.15297	0.0	0.123059	2.70872
5.49178	0.0	0.109836	3.03484
11.6842	0.0	0.233685	1.42642
11.4703	0.0	0.229407	1.45302
11.4703	0.0	0.229407	1.45302
11.0225	0.0	0.220449	1.51206
9.84056	0.0	0.196811	1.69367
9.14222	0.0	0.182844	1.82304
9.14222	0.0	0.182844	1.82304
8.37805	0.0	0.167561	1.98932
6.52839	0.0	0.130568	2.55295
6.15253	0.0	0.123051	2.70891
6.15253	0.0	0.123051	2.70891
5.46969	0.0	0.109394	3.0471
11.5634	0.0	0.231269	1.44132
11.3702	0.0	0.227403	1.46582
11.3702	0.0	0.227403	1.46582
10.9217	0.0	0.218434	1.52602
9.99706	0.0	0.199941	1.66716
9.26848	0.0	0.18537	1.79821
9.26848	0.0	0.18537	1.79821
8.4962	0.0	0.169924	1.96166
6.53432	0.0	0.130686	2.55063
6.15238	0.0	0.123048	2.70898
6.15238	0.0	0.123048	2.70898
5.46223	0.0	0.109245	3.05126
13.1604	0.0	0.263209	1.26642
13.1604	0.0	0.263209	1.26642
13.0497	0.0	0.260994	1.27717
12.812	0.0	0.25624	1.30086
6.73992	0.0	0.134798	2.47283
6.73992	0.0	0.134798	2.47283
6.38853	0.0	0.127771	2.60884
6.28662	0.0	0.125732	2.65113
6.28662	0.0	0.125732	2.65113
6.22102	0.0	0.12442	2.67909
5.89358	0.0	0.117872	2.82794
5.82165	0.0	0.116433	2.86288
13.1017	0.0	0.262034	1.2721
13.0503	0.0	0.261006	1.27711
12.8873	0.0	0.257747	1.29326
12.5885	0.0	0.251771	1.32396
7.18138	0.0	0.143628	2.32082
7.02796	0.0	0.140559	2.37148
6.56933	0.0	0.131387	2.53704
6.40646	0.0	0.128129	2.60154
6.36795	0.0	0.127359	2.61727
6.22671	0.0	0.124534	2.67664
5.98691	0.0	0.119738	2.78385
5.71803	0.0	0.114361	2.91476
12.9846	0.0	0.259692	1.28357
12.888	0.0	0.257761	1.29319
12.6768	0.0	0.253536	1.31474
12.3186	0.0	0.246372	1.35297
7.68029	0.0	0.153606	2.17006
7.40531	0.0	0.148106	2.25064
6.88057	0.0	0.137611	2.42228
6.51065	0.0	0.130213	2.55991
6.42715	0.0	0.128543	2.59317
6.2153	0.0	0.124306	2.68155
6.19384	0.0	0.123877	2.69085
5.60195	0.0	0.112039	2.97515
12.8112	0.0	0.256224	1.30095
12.678	0.0	0.25356	1.31461
12.4241	0.0	0.248482	1.34148
12.0095	0.0	0.24019	1.38779
8.21045	0.0	0.164209	2.02993
7.83949	0.0	0.15679	2.12599
7.26154	0.0	0.145231	2.2952
6.60043	0.0	0.132009	2.52509
6.53514	0.0	0.130703	2.55032
6.47137	0.0	0.129427	2.57545
6.15903	0.0	0.123181	2.70605
5.49537	0.0	0.109907	3.03285
12.5856	0.0	0.251712	1.32426
12.4274	0.0	0.248547	1.34113
12.1386	0.0	0.242772	1.37303
11.6721	0.0	0.233441	1.42791
8.74958	0.0	0.174991	1.90485
8.30025	0.0	0.166005	2.00797
7.67951	0.0	0.15359	2.17028
6.91411	0.0	0.138282	2.41053
6.6754	0.0	0.133508	2.49673
6.50519	0.0	0.130104	2.56206
6.12802	0.0	0.12256	2.71975
5.4025	0.0	0.10805	3.08499
12.3157	0.0	0.246314	1.35329
12.1488	0.0	0.242977	1.37187
11.8359	0.0	0.236717	1.40815
11.3239	0.0	0.226477	1.47182
9.27619	0.0	0.185524	1.79671
8.75791	0.0	0.175158	1.90304
8.10198	0.0	0.16204	2.05711
7.31539	0.0	0.146308	2.2783
6.73477	0.0	0.134695	2.47472
6.53061	0.0	0.130612	2.55208
6.10261	0.0	0.122052	2.73107
5.32652	0.0	0.10653	3.129
12.0183	0.0	0.240367	1.38677
11.8669	0.0	0.237338	1.40446
11.5439	0.0	0.230878	1.44377
10.9956	0.0	0.219912	1.51576
9.76347	0.0	0.195269	1.70704
9.17581	0.0	0.183516	1.81637
8.48827	0.0	0.169765	1.9635
7.6927	0.0	0.153854	2.16656
6.77778	0.0	0.135556	2.45902
6.54848	0.0	0.13097	2.54512
6.08382	0.0	0.121676	2.73951
5.27012	0.0	0.105402	3.16249
11.7391	0.0	0.234783	1.41975
11.6324	0.0	0.232649	1.43278
11.314	0.0	0.22628	1.4731
10.7421	0.0	0.214841	1.55153
10.1592	0.0	0.203184	1.64055
9.49501	0.0	0.1899	1.75531
8.77819	0.0	0.175564	1.89864
7.98006	0.0	0.159601	2.08854
6.80383	0.0	0.136077	2.4496
6.55912	0.0	0.131182	2.54099
6.07229	0.0	0.121446	2.74471
5.23538	0.0	0.104708	3.18347
11.6047	0.0	0.232095	1.4362
11.5343	0.0	0.230687	1.44496
11.2223	0.0	0.224446	1.48514
10.6422	0.0	0.212845	1.56609
10.3328	0.0	0.206657	1.61298
9.62185	0.0	0.192437	1.73217
8.89044	0.0	0.177809	1.87467
8.09187	0.0	0.161837	2.05968
6.81255	0.0	0.136251	2.44646
6.56265	0.0	0.131253	2.53962
6.0684	0.0	0.121368	2.74647
5.22365	0.0	0.104473	3.19062
13.0214	0.0	0.260427	1.27995
13.0214	0.0	0.260427	1.27995
12.7059	0.0	0.254118	1.31173
12.341	0.0	0.246819	1.35052
7.46497	0.0	0.149299	2.23265
7.46497	0.0	0.149299	2.23265
6.55405	0.0	0.131081	2.54296
6.55405	0.0	0.131081	2.54296
6.53562	0.0	0.130712	2.55013
6.34101	0.0	0.12682	2.62839
5.86348	0.0	0.11727	2.84245
5.72176	0.0	0.114435	2.91286
12.9333	0.0	0.258667	1.28866
12.8893	0.0	0.257785	1.29307
12.4803	0.0	0.249605	1.33544
12.0497	0.0	0.240994	1.38316
7.96084	0.0	0.159217	2.09358
7.82144	0.0	0.156429	2.13089
6.73531	0.0	0.134706	2.47452
6.70935	0.0	0.134187	2.4841
6.68126	0.0	0.133625	2.49454
6.31914	0.0	0.126383	2.63749
5.99084	0.0	0.119817	2.78203
5.60379	0.0	0.112076	2.97418
12.7874	0.0	0.255748	1.30336
12.709	0.0	0.25418	1.31141
12.2173	0.0	0.244345	1.36419
11.7227	0.0	0.234453	1.42175
8.48799	0.0	0.16976	1.96356
8.2327	0.0	0.164654	2.02445
7.05846	0.0	0.141169	2.36123
6.83822	0.0	0.136764	2.43728
6.78223	0.0	0.135645	2.4574
6.25655	0.0	0.125131	2.66387
6.25034	0.0	0.125007	2.66652
5.45961	0.0	0.109192	3.05272
12.5864	0.0	0.251728	1.32418
12.4868	0.0	0.249737	1.33474
11.9272	0.0	0.238544	1.39736
11.3713	0.0	0.227426	1.46568
9.02345	0.0	0.180469	1.84704
8.67192	0.0	0.173438	1.92191
7.42876	0.0	0.148575	2.24353
6.94312	0.0	0.138862	2.40046
6.85989	0.0	0.137198	2.42958
6.59357	0.0	0.131871	2.52771
6.18571	0.0	0.123714	2.69438
5.33068	0.0	0.106614	3.12655
12.3359	0.0	0.246717	1.35107
12.2341	0.0	0.244682	1.36231
11.6268	0.0	0.232536	1.43347
11.014	0.0	0.22028	1.51322
9.54716	0.0	0.190943	1.74572
9.11013	0.0	0.182203	1.82947
7.80901	0.0	0.15618	2.13429
7.02484	0.0	0.140497	2.37253
6.96187	0.0	0.139237	2.39399
6.91772	0.0	0.138354	2.40927
6.13231	0.0	0.122646	2.71785
5.22433	0.0	0.104487	3.1902
12.0482	0.0	0.240965	1.38333
11.973	0.0	0.239461	1.39202
11.3446	0.0	0.226891	1.46913
10.682	0.0	0.213641	1.56025
10.0365	0.0	0.20073	1.6606
9.5121	0.0	0.190242	1.75215
8.15734	0.0	0.163147	2.04315
7.3136	0.0	0.146272	2.27886
7.08343	0.0	0.141669	2.35291
6.95793	0.0	0.139159	2.39535
6.09271	0.0	0.121854	2.73551
5.14499	0.0	0.1029	3.23939
11.7606	0.0	0.235212	1.41716
11.7515	0.0	0.235029	1.41826
11.1289	0.0	0.222579	1.4976
10.4478	0.0	0.208955	1.59524
10.4295	0.0	0.20859	1.59803
9.82146	0.0	0.196429	1.69696
8.41619	0.0	0.168324	1.98031
7.58275	0.0	0.151655	2.19797
7.11871	0.0	0.142374	2.34125
6.9817	0.0	0.139634	2.38719
6.06839	0.0	0.121368	2.74647
5.09599	0.0	0.10192	3.27054
11.6572	0.0	0.233144	1.42973
11.6084	0.0	0.232168	1.43574
11.0451	0.0	0.220902	1.50897
10.6415	0.0	0.212831	1.56619
10.3312	0.0	0.206624	1.61323
9.94553	0.0	0.198911	1.67579
8.51504	0.0	0.170301	1.95732
7.68733	0.0	0.153747	2.16807
7.13049	0.0	0.14261	2.33738
6.98957	0.0	0.139791	2.38451
6.06019	0.0	0.121204	2.75019
5.07942	0.0	0.101588	3.28122
12.8316	0.0	0.256632	1.29888
12.8316	0.0	0.256632	1.29888
12.2439	0.0	0.244878	1.36122
11.7403	0.0	0.234806	1.41961
8.28901	0.0	0.16578	2.01069
8.28901	0.0	0.16578	2.01069
6.89936	0.0	0.137987	2.41568
6.89936	0.0	0.137987	2.41568
6.66855	0.0	0.133371	2.49929
6.4646	0.0	0.129292	2.57814
5.85194	0.0	0.117039	2.84806
5.65127	0.0	0.113025	2.94919
12.7154	0.0	0.254308	1.31074
12.6823	0.0	0.253645	1.31417
11.9752	0.0	0.239504	1.39177
11.3986	0.0	0.227973	1.46216
8.789	0.0	0.17578	1.89631
8.66005	0.0	0.173201	1.92455
7.07893	0.0	0.141579	2.3544
7.06285	0.0	0.141257	2.35976
6.8773	0.0	0.137546	2.42343
6.41664	0.0	0.128333	2.59742
6.00544	0.0	0.120109	2.77526
5.52613	0.0	0.110523	3.01598
12.5425	0.0	0.250849	1.32882
12.4908	0.0	0.249816	1.33431
11.6851	0.0	0.233703	1.42631
11.0368	0.0	0.220736	1.5101
9.30034	0.0	0.186007	1.79205
9.05781	0.0	0.181156	1.84003
7.22249	0.0	0.14445	2.30761
7.19409	0.0	0.143882	2.31672
7.19374	0.0	0.143875	2.31683
6.32039	0.0	0.126408	2.63697
6.29259	0.0	0.125852	2.64862
5.36539	0.0	0.107308	3.10633
12.3162	0.0	0.246324	1.35323
12.2672	0.0	0.245344	1.35863
11.3911	0.0	0.227822	1.46313
10.6736	0.0	0.213473	1.56148
9.80398	0.0	0.19608	1.69999
9.45839	0.0	0.189168	1.7621
7.52959	0.0	0.150592	2.21349
7.3325	0.0	0.14665	2.27298
7.29242	0.0	0.145848	2.28548
6.62396	0.0	0.132479	2.51612
6.237	0.0	0.12474	2.67223
5.22802	0.0	0.10456	3.18795
12.0446	0.0	0.240892	1.38374
12.0315	0.0	0.240631	1.38525
11.1213	0.0	0.222426	1.49863
10.3406	0.0	0.206812	1.61177
10.2809	0.0	0.205618	1.62113
9.8294	0.0	0.196588	1.69559
7.83853	0.0	0.156771	2.12625
7.41043	0.0	0.148209	2.24908
7.36104	0.0	0.147221	2.26417
6.94726	0.0	0.138945	2.39903
6.17442	0.0	0.123488	2.69931
5.1244	0.0	0.102488	3.25241
11.8277	0.0	0.236554	1.40912
11.7529	0.0	0.235058	1.41809
10.9205	0.0	0.21841	1.52618
10.6986	0.0	0.213972	1.55784
10.1179	0.0	0.202359	1.64724
10.0906	0.0	0.201811	1.65171
8.06648	0.0	0.16133	2.06616
7.45699	0.0	0.14914	2.23504
7.40148	0.0	0.14803	2.2518
7.19654	0.0	0.143931	2.31593
6.13579	0.0	0.122716	2.7163
5.06005	0.0	0.101201	3.29377
11.7396	0.0	0.234792	1.4197
11.5757	0.0	0.231513	1.4398
10.9182	0.0	0.218365	1.5265
10.844	0.0	0.216879	1.53695
10.2348	0.0	0.204697	1.62843
9.99425	0.0	0.199885	1.66763
8.15264	0.0	0.163053	2.04433
7.47249	0.0	0.14945	2.2304
7.41484	0.0	0.148297	2.24774
7.29345	0.0	0.145869	2.28515
6.12274	0.0	0.122455	2.72209
5.03823	0.0	0.100765	3.30804
12.5977	0.0	0.251953	1.323
12.5977	0.0	0.251953	1.323
11.7058	0.0	0.234115	1.4238
11.0461	0.0	0.220922	1.50883
9.11414	0.0	0.182283	1.82866
9.11414	0.0	0.182283	1.82866
7.30052	0.0	0.14601	2.28294
7.30052	0.0	0.14601	2.28294
6.77913	0.0	0.135583	2.45853
6.5845	0.0	0.13169	2.5312
5.85471	0.0	0.117094	2.84671
5.61621	0.0	0.112324	2.9676
12.456	0.0	0.24912	1.33804
12.4389	0.0	0.248777	1.33989
11.4204	0.0	0.228408	1.45937
10.6773	0.0	0.213546	1.56094
9.5813	0.0	0.191626	1.7395
9.45729	0.0	0.189146	1.76231
7.49191	0.0	0.149838	2.22462
7.48824	0.0	0.149765	2.22571
6.98492	0.0	0.139698	2.38609
6.51427	0.0	0.130285	2.55849
6.02462	0.0	0.120492	2.76643
5.49245	0.0	0.109849	3.03447
12.2593	0.0	0.245186	1.35951
12.248	0.0	0.24496	1.36077
11.1366	0.0	0.222733	1.49656
10.3114	0.0	0.206227	1.61634
10.046	0.0	0.200919	1.65904
9.80368	0.0	0.196074	1.70004
7.63805	0.0	0.152761	2.18206
7.63504	0.0	0.152701	2.18292
7.27238	0.0	0.145448	2.29178
6.40307	0.0	0.128061	2.60292
6.31187	0.0	0.126237	2.64053
5.33098	0.0	0.10662	3.12638
12.0429	0.0	0.240858	1.38394
12.0118	0.0	0.240235	1.38753
10.8817	0.0	0.217633	1.53163
10.4928	0.0	0.209855	1.5884
10.1274	0.0	0.202549	1.64569
9.97954	0.0	0.199591	1.67008
7.74091	0.0	0.154818	2.15306
7.7391	0.0	0.154782	2.15357
7.54202	0.0	0.15084	2.20984
6.60471	0.0	0.132094	2.52345
6.31643	0.0	0.126329	2.63862
5.20425	0.0	0.104085	3.20251
11.8629	0.0	0.237258	1.40494
11.7254	0.0	0.234508	1.42142
10.9018	0.0	0.218035	1.5288
10.6961	0.0	0.213922	1.5582
10.3819	0.0	0.207638	1.60536
9.73318	0.0	0.194664	1.71236
7.80202	0.0	0.15604	2.1362
7.80093	0.0	0.156019	2.1365
7.74034	0.0	0.154807	2.15322
6.83351	0.0	0.13667	2.43896
6.26242	0.0	0.125248	2.66138
5.12463	0.0	0.102493	3.25227
11.7843	0.0	0.235686	1.41431
11.5097	0.0	0.230193	1.44806
11.1589	0.0	0.223177	1.49358
10.6266	0.0	0.212531	1.5684
10.4859	0.0	0.209717	1.58944
9.63905	0.0	0.192781	1.72908
7.8223	0.0	0.156446	2.13066
7.82142	0.0	0.156428	2.1309
7.81475	0.0	0.156295	2.13272
6.92272	0.0	0.138454	2.40753
6.24411	0.0	0.124882	2.66918
5.09751	0.0	0.10195	3.26957
12.3315	0.0	0.24663	1.35155
12.3315	0.0	0.24663	1.35155
11.1446	0.0	0.222891	1.4955
10.3052	0.0	0.206104	1.61731
9.86524	0.0	0.197305	1.68943
9.86524	0.0	0.197305	1.68943
7.73249	0.0	0.15465	2.15541
7.73249	0.0	0.15465	2.15541
6.86012	0.0	0.137202	2.4295
6.69362	0.0	0.133872	2.48993
5.86666	0.0	0.117333	2.84091
5.62241	0.0	0.112448	2.96433
12.1771	0.0	0.243542	1.36869
12.17	0.0	0.2434	1.36949
10.8747	0.0	0.217493	1.53262
10.2727	0.0	0.205453	1.62243
10.1458	0.0	0.202916	1.64271
9.93938	0.0	0.198788	1.67683
7.92988	0.0	0.158598	2.10176
7.92204	0.0	0.158441	2.10384
7.04826	0.0	0.140965	2.36465
6.60842	0.0	0.132168	2.52204
6.04099	0.0	0.12082	2.75893
5.50969	0.0	0.110194	3.02498
12.0089	0.0	0.240179	1.38785
11.9567	0.0	0.239135	1.39391
10.6688	0.0	0.213376	1.56219
10.6365	0.0	0.21273	1.56693
10.4066	0.0	0.208133	1.60154
9.61063	0.0	0.192213	1.73419
8.07497	0.0	0.161499	2.06399
8.05632	0.0	0.161126	2.06877
7.27879	0.0	0.145576	2.28976
6.49954	0.0	0.129991	2.56428
6.29876	0.0	0.125975	2.64602
5.36716	0.0	0.107343	3.1053
11.8609	0.0	0.237219	1.40517
11.6954	0.0	0.233908	1.42506
11.0429	0.0	0.220859	1.50926
10.6117	0.0	0.212233	1.5706
10.4664	0.0	0.209327	1.5924
9.36862	0.0	0.187372	1.77899
8.16317	0.0	0.163263	2.04169
8.13625	0.0	0.162725	2.04845
7.44981	0.0	0.148996	2.23719
6.50722	0.0	0.130144	2.56126
6.42982	0.0	0.128596	2.59209
5.27403	0.0	0.105481	3.16014
11.7965	0.0	0.235931	1.41284
11.4163	0.0	0.228327	1.4599
11.3601	0.0	0.227201	1.46713
10.6954	0.0	0.213908	1.5583
10.4035	0.0	0.20807	1.60203
9.2767	0.0	0.185534	1.79662
8.1927	0.0	0.163854	2.03433
8.16277	0.0	0.163255	2.04179
7.51372	0.0	0.150274	2.21816
6.58912	0.0	0.131782	2.52942
6.40603	0.0	0.128121	2.60171
5.24203	0.0	0.104841	3.17943
12.0565	0.0	0.24113	1.38238
12.0565	0.0	0.24113	1.38238
10.6216	0.0	0.212432	1.56913
10.4821	0.0	0.209642	1.59001
10.4821	0.0	0.209642	1.59001
9.57617	0.0	0.191523	1.74043
8.16595	0.0	0.163319	2.04099
8.16595	0.0	0.163319	2.04099
6.90707	0.0	0.138141	2.41299
6.78561	0.0	0.135712	2.45618
5.88256	0.0	0.117651	2.83323
5.6735	0.0	0.11347	2.93764
11.9337	0.0	0.238673	1.39661
11.8899	0.0	0.237797	1.40175
10.8064	0.0	0.216129	1.54229
10.6668	0.0	0.213336	1.56248
10.4015	0.0	0.208029	1.60234
9.25177	0.0	0.185035	1.80146
8.35337	0.0	0.167067	1.9952
8.33695	0.0	0.166739	1.99913
7.06059	0.0	0.141212	2.36052
6.69775	0.0	0.133955	2.4884
6.04509	0.0	0.120902	2.75706
5.58148	0.0	0.11163	2.98606
11.8286	0.0	0.236573	1.40901
11.6857	0.0	0.233714	1.42624
11.107	0.0	0.222141	1.50055
10.8059	0.0	0.216119	1.54236
10.2465	0.0	0.204929	1.62658
9.01421	0.0	0.180284	1.84893
8.47131	0.0	0.169426	1.96742
8.44008	0.0	0.168802	1.97471
7.20716	0.0	0.144143	2.31251
6.61361	0.0	0.132272	2.52006
6.23223	0.0	0.124645	2.67427
5.4801	0.0	0.109602	3.04131
11.7845	0.0	0.23569	1.41429
11.5192	0.0	0.230385	1.44686
11.306	0.0	0.22612	1.47414
10.8609	0.0	0.217219	1.53455
10.1897	0.0	0.203795	1.63563
8.92428	0.0	0.178486	1.86756
8.51156	0.0	0.170231	1.95812
8.47449	0.0	0.16949	1.96669
7.2622	0.0	0.145244	2.29499
6.58445	0.0	0.131689	2.53122
6.3076	0.0	0.126152	2.64231
5.44412	0.0	0.108882	3.06141
11.825	0.0	0.236499	1.40945
11.825	0.0	0.236499	1.40945
10.9041	0.0	0.218082	1.52848
10.9041	0.0	0.218082	1.52848
10.1988	0.0	0.203976	1.63418
8.93208	0.0	0.178642	1.86593
8.56156	0.0	0.171231	1.94669
8.56156	0.0	0.171231	1.94669
6.92215	0.0	0.138443	2.40773
6.85521	0.0	0.137104	2.43124
5.89768	0.0	0.117954	2.82597
5.76402	0.0	0.11528	2.8915
11.7774	0.0	0.235548	1.41514
11.7028	0.0	0.234056	1.42416
11.102	0.0	0.22204	1.50123
10.9617	0.0	0.219233	1.52045
10.0575	0.0	0.20115	1.65714
8.70844	0.0	0.174169	1.91385
8.69831	0.0	0.173966	1.91608
8.69017	0.0	0.173803	1.91788
7.02404	0.0	0.140481	2.3728
6.78375	0.0	0.135675	2.45685
6.02336	0.0	0.120467	2.76701
5.70114	0.0	0.114023	2.92339
11.7599	0.0	0.235199	1.41724
11.6343	0.0	0.232687	1.43254
11.1956	0.0	0.223911	1.48869
10.9805	0.0	0.21961	1.51784
10.0061	0.0	0.200123	1.66565
8.75979	0.0	0.175196	1.90263
8.73364	0.0	0.174673	1.90833
8.60988	0.0	0.172198	1.93576
7.07215	0.0	0.141443	2.35666
6.7499	0.0	0.134998	2.46917
6.09297	0.0	0.121859	2.73539
5.6629	0.0	0.113258	2.94313
11.7265	0.0	0.234531	1.42128
11.7265	0.0	0.234531	1.42128
11.0695	0.0	0.22139	1.50564
11.0695	0.0	0.22139	1.50564
9.92631	0.0	0.198526	1.67904
8.85876	0.0	0.177175	1.88138
8.85876	0.0	0.177175	1.88138
8.46696	0.0	0.169339	1.96844
6.91791	0.0	0.138358	2.4092
6.89856	0.0	0.137971	2.41596
5.90832	0.0	0.118166	2.82088
5.86451	0.0	0.11729	2.84195
11.7367	0.0	0.234734	1.42005
11.7039	0.0	0.234079	1.42402
11.11	0.0	0.222199	1.50015
11.0528	0.0	0.221056	1.50791
9.87879	0.0	0.197576	1.68712
8.91896	0.0	0.178379	1.86868
8.91036	0.0	0.178207	1.87048
8.37928	0.0	0.167586	1.98903
6.95359	0.0	0.139072	2.39684
6.86932	0.0	0.137386	2.42625
5.95815	0.0	0.119163	2.79729
5.84119	0.0	0.116824	2.8533
11.7272	0.0	0.234545	1.42119
11.7272	0.0	0.234545	1.42119
11.077	0.0	0.22154	1.50462
11.077	0.0	0.22154	1.50462
9.8327	0.0	0.196654	1.69502
8.97402	0.0	0.17948	1.85721
8.97402	0.0	0.17948	1.85721
8.29178	0.0	0.165836	2.01002
6.91327	0.0	0.138265	2.41082
6.91327	0.0	0.138265	2.41082
5.91214	0.0	0.118243	2.81906
5.91214	0.0	0.118243	2.81906
13.0806	0.0	0.261611	1.27416
13.0806	0.0	0.261611	1.27416
13.0806	0.0	0.261611	1.27416
12.61	0.0	0.2522	1.3217
6.81986	0.0	0.136397	2.44384
6.81986	0.0	0.136397	2.44384
6.81986	0.0	0.136397	2.44384
6.37413	0.0	0.127483	2.61474
6.37413	0.0	0.127483	2.61474
6.37413	0.0	0.127483	2.61474
5.72647	0.0	0.114529	2.91046
5.72647	0.0	0.114529	2.91046
13.0511	0.0	0.261022	1.27703
12.9494	0.0	0.258989	1.28706
12.9494	0.0	0.258989	1.28706
12.3577	0.0	0.247154	1.34869
7.31653	0.0	0.146331	2.27795
7.00438	0.0	0.140088	2.37946
7.00438	0.0	0.140088	2.37946
6.51603	0.0	0.130321	2.55779
6.45296	0.0	0.129059	2.58279
6.45296	0.0	0.129059	2.58279
5.76712	0.0	0.115342	2.88995
5.56258	0.0	0.111252	2.99621
12.9614	0.0	0.259227	1.28587
12.7704	0.0	0.255408	1.3051
12.7704	0.0	0.255408	1.3051
12.0607	0.0	0.241214	1.3819
7.8546	0.0	0.157092	2.1219
7.30093	0.0	0.146019	2.28282
7.30093	0.0	0.146019	2.28282
6.64413	0.0	0.132883	2.50848
6.49549	0.0	0.12991	2.56588
6.49549	0.0	0.12991	2.56588
5.93393	0.0	0.118679	2.80871
5.40649	0.0	0.10813	3.08272
12.8124	0.0	0.256248	1.30082
12.5488	0.0	0.250976	1.32815
12.5488	0.0	0.250976	1.32815
11.7269	0.0	0.234537	1.42124
8.41289	0.0	0.168258	1.98109
7.67233	0.0	0.153447	2.17231
7.67233	0.0	0.153447	2.17231
6.75621	0.0	0.135124	2.46687
6.51535	0.0	0.130307	2.55806
6.51535	0.0	0.130307	2.55806
6.20443	0.0	0.124089	2.68625
5.26297	0.0	0.105259	3.16678
12.6069	0.0	0.252137	1.32203
12.2932	0.0	0.245864	1.35576
12.2932	0.0	0.245864	1.35576
11.3677	0.0	0.227354	1.46614
8.97283	0.0	0.179457	1.85746
8.08077	0.0	0.161615	2.06251
8.08077	0.0	0.161615	2.06251
6.85041	0.0	0.137008	2.43294
6.54713	0.0	0.130943	2.54565
6.52486	0.0	0.130497	2.55433
6.52486	0.0	0.130497	2.55433
5.13691	0.0	0.102738	3.24449
12.3499	0.0	0.246998	1.34954
12.0181	0.0	0.240363	1.38679
12.0181	0.0	0.240363	1.38679
11.0016	0.0	0.220032	1.51493
9.51701	0.0	0.19034	1.75125
8.49195	0.0	0.169839	1.96264
8.49195	0.0	0.169839	1.96264
6.92523	0.0	0.138505	2.40666
6.92347	0.0	0.138469	2.40727
6.52952	0.0	0.13059	2.55251
6.52952	0.0	0.13059	2.55251
5.03296	0.0	0.100659	3.31151
12.0532	0.0	0.241063	1.38276
11.7499	0.0	0.234998	1.41845
11.7499	0.0	0.234998	1.41845
10.6601	0.0	0.213202	1.56346
10.0248	0.0	0.200497	1.66254
8.86616	0.0	0.177323	1.87981
8.86616	0.0	0.177323	1.87981
7.28471	0.0	0.145694	2.2879
6.97951	0.0	0.13959	2.38794
6.53178	0.0	0.130636	2.55163
6.53178	0.0	0.130636	2.55163
4.9553	0.0	0.0991061	3.3634
11.7524	0.0	0.235047	1.41815
11.537	0.0	0.230739	1.44463
11.537	0.0	0.230739	1.44463
10.4546	0.0	0.209092	1.59419
10.3989	0.0	0.207979	1.60273
9.146	0.0	0.18292	1.82229
9.146	0.0	0.18292	1.82229
7.56272	0.0	0.151254	2.20379
7.01241	0.0	0.140248	2.37674
6.53279	0.0	0.130656	2.55123
6.53279	0.0	0.130656	2.55123
4.90727	0.0	0.0981454	3.39632
11.589	0.0	0.231779	1.43815
11.4517	0.0	0.229034	1.45539
11.4517	0.0	0.229034	1.45539
10.6614	0.0	0.213228	1.56327
10.2968	0.0	0.205937	1.61862
9.25416	0.0	0.185083	1.80099
9.25416	0.0	0.185083	1.80099
7.67128	0.0	0.153426	2.17261
7.02343	0.0	0.140469	2.37301
6.53307	0.0	0.130661	2.55112
6.53307	0.0	0.130661	2.55112
4.89101	0.0	0.0978202	3.40761
12.9509	0.0	0.259019	1.28691
12.9509	0.0	0.259019	1.28691
12.8014	0.0	0.256027	1.30195
12.0783	0.0	0.241567	1.37988
7.51396	0.0	0.150279	2.21809
7.51396	0.0	0.150279	2.21809
7.05417	0.0	0.141083	2.36267
6.64382	0.0	0.132876	2.5086
6.64382	0.0	0.132876	2.5086
6.56074	0.0	0.131215	2.54037
5.61508	0.0	0.112302	2.9682
5.47756	0.0	0.109551	3.04272
12.8912	0.0	0.257823	1.29287
12.804	0.0	0.25608	1.30168
12.6101	0.0	0.252202	1.32169
11.7565	0.0	0.23513	1.41765
8.06352	0.0	0.16127	2.06692
7.78619	0.0	0.155724	2.14054
7.23264	0.0	0.144653	2.30437
6.80855	0.0	0.136171	2.4479
6.75708	0.0	0.135142	2.46655
6.6202	0.0	0.132404	2.51755
5.68276	0.0	0.113655	2.93285
5.31342	0.0	0.106268	3.13671
12.7703	0.0	0.255407	1.30511
12.615	0.0	0.252299	1.32118
12.3819	0.0	0.247638	1.34605
11.4006	0.0	0.228013	1.46191
8.62913	0.0	0.172583	1.93144
8.12327	0.0	0.162465	2.05172
7.52395	0.0	0.150479	2.21515
6.9495	0.0	0.13899	2.39825
6.84328	0.0	0.136866	2.43548
6.62663	0.0	0.132533	2.5151
5.89462	0.0	0.117892	2.82744
5.13387	0.0	0.102677	3.24642
12.5898	0.0	0.251796	1.32383
12.3917	0.0	0.247835	1.34498
12.1265	0.0	0.24253	1.3744
11.0227	0.0	0.220455	1.51203
9.19272	0.0	0.183854	1.81303
8.49851	0.0	0.16997	1.96113
7.87158	0.0	0.157432	2.11732
7.06652	0.0	0.14133	2.35854
6.90512	0.0	0.138102	2.41367
6.61255	0.0	0.132251	2.52046
6.19407	0.0	0.123881	2.69075
4.97207	0.0	0.0994414	3.35206
12.3523	0.0	0.247047	1.34927
12.1478	0.0	0.242956	1.37199
11.8596	0.0	0.237193	1.40533
10.6417	0.0	0.212835	1.56616
9.73925	0.0	0.194785	1.71129
8.87932	0.0	0.177586	1.87702
8.2306	0.0	0.164612	2.02496
7.15876	0.0	0.143175	2.32815
6.94831	0.0	0.138966	2.39867
6.5945	0.0	0.13189	2.52736
6.53925	0.0	0.130785	2.54871
4.8372	0.0	0.0967439	3.44552
12.0645	0.0	0.241289	1.38147
11.9076	0.0	0.238151	1.39967
11.608	0.0	0.232161	1.43579
10.29	0.0	0.2058	1.6197
10.2537	0.0	0.205073	1.62544
9.22677	0.0	0.184535	1.80634
8.55776	0.0	0.171155	1.94755
7.22537	0.0	0.144507	2.30669
6.97693	0.0	0.139539	2.38882
6.87924	0.0	0.137585	2.42275
6.57897	0.0	0.131579	2.53332
4.73571	0.0	0.0947142	3.51936
11.7469	0.0	0.234939	1.41881
11.7159	0.0	0.234318	1.42257
11.4161	0.0	0.228322	1.45992
10.7093	0.0	0.214186	1.55628
10.0234	0.0	0.200467	1.66278
9.4864	0.0	0.189728	1.7569
8.7987	0.0	0.175974	1.89422
7.26562	0.0	0.145313	2.29391
7.14435	0.0	0.142887	2.33285
6.99334	0.0	0.139867	2.38322
6.56881	0.0	0.131376	2.53724
4.67263	0.0	0.0934527	3.56687
11.639	0.0	0.23278	1.43197
11.5388	0.0	0.230776	1.4444
11.3417	0.0	0.226835	1.4695
10.9638	0.0	0.219277	1.52015
9.91978	0.0	0.198396	1.68015
9.58655	0.0	0.191731	1.73855
8.89001	0.0	0.1778	1.87476
7.27909	0.0	0.145582	2.28966
7.24837	0.0	0.144967	2.29937
6.9987	0.0	0.139974	2.38139
6.5653	0.0	0.131306	2.5386
4.65123	0.0	0.0930245	3.58328
12.7763	0.0	0.255526	1.3045
12.7763	0.0	0.255526	1.3045
12.4118	0.0	0.248235	1.34281
11.4126	0.0	0.228252	1.46038
8.31482	0.0	0.166296	2.00445
8.31482	0.0	0.166296	2.00445
7.24787	0.0	0.144957	2.29952
6.97638	0.0	0.139528	2.38901
6.97638	0.0	0.139528	2.38901
6.74256	0.0	0.134851	2.47186
5.52758	0.0	0.110552	3.01518
5.26678	0.0	0.105336	3.16449
12.687	0.0	0.25374	1.31368
12.6211	0.0	0.252421	1.32054
12.1824	0.0	0.243648	1.36809
11.0376	0.0	0.220751	1.51
8.86218	0.0	0.177244	1.88065
8.60864	0.0	0.172173	1.93604
7.41122	0.0	0.148224	2.24884
7.1581	0.0	0.143162	2.32836
7.12609	0.0	0.142522	2.33882
6.78114	0.0	0.135623	2.4578
5.62039	0.0	0.112408	2.96539
5.1095	0.0	0.10219	3.2619
12.5365	0.0	0.250729	1.32945
12.4327	0.0	0.248653	1.34056
11.9324	0.0	0.238649	1.39675
10.6439	0.0	0.212879	1.56584
9.40857	0.0	0.188171	1.77143
8.93298	0.0	0.17866	1.86574
7.68112	0.0	0.153622	2.16982
7.30547	0.0	0.146109	2.2814
7.24709	0.0	0.144942	2.29977
6.75611	0.0	0.135122	2.4669
5.86329	0.0	0.117266	2.84255
4.92087	0.0	0.0984174	3.38694
12.326	0.0	0.24652	1.35216
12.2236	0.0	0.244471	1.36349
11.6782	0.0	0.233565	1.42715
10.251	0.0	0.205021	1.62585
9.939	0.0	0.19878	1.6769
9.26434	0.0	0.185287	1.79901
7.98205	0.0	0.159641	2.08802
7.41986	0.0	0.148397	2.24622
7.33768	0.0	0.146754	2.27138
6.71657	0.0	0.134331	2.48143
6.17111	0.0	0.123422	2.70076
4.75602	0.0	0.0951203	3.50433
12.0581	0.0	0.241162	1.3822
12.0162	0.0	0.240325	1.38701
11.4458	0.0	0.228916	1.45614
10.4415	0.0	0.20883	1.5962
9.89152	0.0	0.19783	1.68495
9.56841	0.0	0.191368	1.74184
8.2603	0.0	0.165206	2.01768
7.50164	0.0	0.150033	2.22174
7.39989	0.0	0.147998	2.25229
6.68194	0.0	0.133639	2.49429
6.48578	0.0	0.129716	2.56972
4.62994	0.0	0.0925989	3.59976
11.8508	0.0	0.237016	1.40637
11.739	0.0	0.23478	1.41977
11.2743	0.0	0.225486	1.47829
10.9037	0.0	0.218073	1.52854
9.79568	0.0	0.195914	1.70143
9.62115	0.0	0.192423	1.7323
8.46353	0.0	0.169271	1.96923
7.55078	0.0	0.151016	2.20728
7.43614	0.0	0.148723	2.2413
6.73551	0.0	0.13471	2.47445
6.65929	0.0	0.133186	2.50277
4.55095	0.0	0.091019	3.66224
11.7847	0.0	0.235693	1.41427
11.4555	0.0	0.229111	1.4549
11.2352	0.0	0.224704	1.48343
11.2095	0.0	0.224191	1.48683
9.88308	0.0	0.197662	1.68638
9.51664	0.0	0.190333	1.75132
8.53953	0.0	0.170791	1.95171
7.56718	0.0	0.151344	2.20249
7.44805	0.0	0.148961	2.23772
6.83417	0.0	0.136683	2.43872
6.65147	0.0	0.133029	2.50571
4.52405	0.0	0.090481	3.68402
12.5664	0.0	0.251328	1.32629
12.5664	0.0	0.251328	1.32629
11.9576	0.0	0.239153	1.39381
10.6466	0.0	0.212931	1.56545
9.11334	0.0	0.182267	1.82882
9.11334	0.0	0.182267	1.82882
7.38832	0.0	0.147766	2.25581
7.36021	0.0	0.147204	2.26443
7.36021	0.0	0.147204	2.26443
6.91174	0.0	0.138235	2.41136
5.46233	0.0	0.109247	3.0512
5.11111	0.0	0.102222	3.26087
12.4509	0.0	0.249019	1.33859
12.4153	0.0	0.248305	1.34243
11.7185	0.0	0.234369	1.42226
10.2403	0.0	0.204806	1.62756
9.61992	0.0	0.192398	1.73252
9.37875	0.0	0.187575	1.77707
7.54774	0.0	0.150955	2.20817
7.53824	0.0	0.150765	2.21095
7.52689	0.0	0.150538	2.21428
6.9289	0.0	0.138578	2.40538
5.57519	0.0	0.111504	2.98943
4.97096	0.0	0.0994193	3.3528
12.2757	0.0	0.245513	1.3577
12.2453	0.0	0.244906	1.36107
11.481	0.0	0.229621	1.45167
10.113	0.0	0.20226	1.64804
9.83823	0.0	0.196765	1.69407
9.64571	0.0	0.192914	1.72788
7.75645	0.0	0.155129	2.14875
7.69136	0.0	0.153827	2.16693
7.68109	0.0	0.153622	2.16983
6.87986	0.0	0.137597	2.42253
5.83127	0.0	0.116625	2.85815
4.79054	0.0	0.0958109	3.47908
12.0766	0.0	0.241533	1.38008
12.0425	0.0	0.240849	1.38399
11.2697	0.0	0.225394	1.47889
10.5801	0.0	0.211603	1.57528
9.8896	0.0	0.197792	1.68527
9.473	0.0	0.18946	1.75939
7.98415	0.0	0.159683	2.08747
7.79298	0.0	0.15586	2.13868
7.78379	0.0	0.155676	2.1412
6.82724	0.0	0.136545	2.4412
6.11613	0.0	0.122323	2.72503
4.64371	0.0	0.0928741	3.58909
11.9434	0.0	0.238868	1.39547
11.7551	0.0	0.235103	1.41782
11.1181	0.0	0.222362	1.49906
11.0104	0.0	0.220209	1.51372
10.0708	0.0	0.201417	1.65494
9.19999	0.0	0.184	1.8116
8.1516	0.0	0.163032	2.04459
7.85362	0.0	0.157072	2.12216
7.8452	0.0	0.156904	2.12444
6.79137	0.0	0.135827	2.45409
6.3488	0.0	0.126976	2.62517
4.54997	0.0	0.0909994	3.66303
11.8907	0.0	0.237815	1.40165
11.4714	0.0	0.229428	1.45289
11.3422	0.0	0.226845	1.46943
11.062	0.0	0.22124	1.50666
10.14	0.0	0.2028	1.64366
9.09486	0.0	0.181897	1.83254
8.21383	0.0	0.164277	2.0291
7.87379	0.0	0.157476	2.11673
7.86558	0.0	0.157312	2.11894
6.77886	0.0	0.135577	2.45862
6.44172	0.0	0.128834	2.5873
4.51783	0.0	0.0903566	3.68909
12.34	0.0	0.246799	1.35063
12.34	0.0	0.246799	1.35063
11.4952	0.0	0.229904	1.44988
9.82511	0.0	0.196502	1.69633
9.82511	0.0	0.196502	1.69633
9.8244	0.0	0.196488	1.69646
7.77414	0.0	0.155483	2.14386
7.77414	0.0	0.155483	2.14386
7.46475	0.0	0.149295	2.23272
7.06098	0.0	0.14122	2.36039
5.41634	0.0	0.108327	3.07711
5.02859	0.0	0.100572	3.31438
12.2144	0.0	0.244289	1.36451
12.2088	0.0	0.244175	1.36514
11.2782	0.0	0.225563	1.47778
10.2586	0.0	0.205171	1.62466
10.0187	0.0	0.200373	1.66356
9.41557	0.0	0.188311	1.77012
7.96754	0.0	0.159351	2.09182
7.95497	0.0	0.159099	2.09513
7.57012	0.0	0.151402	2.20164
7.05772	0.0	0.141154	2.36148
5.54186	0.0	0.110837	3.00741
4.91679	0.0	0.0983358	3.38974
12.0917	0.0	0.241834	1.37836
12.0268	0.0	0.240537	1.38579
11.0893	0.0	0.221785	1.50296
10.6638	0.0	0.213276	1.56292
10.1877	0.0	0.203753	1.63596
9.04611	0.0	0.180922	1.84241
8.11443	0.0	0.162289	2.05395
8.08247	0.0	0.161649	2.06208
7.74061	0.0	0.154812	2.15315
6.99634	0.0	0.139927	2.3822
5.78498	0.0	0.1157	2.88102
4.76495	0.0	0.0952991	3.49776
11.9975	0.0	0.239949	1.38918
11.8117	0.0	0.236234	1.41103
11.0159	0.0	0.220317	1.51297
10.9568	0.0	0.219136	1.52113
10.309	0.0	0.20618	1.61671
8.77087	0.0	0.175417	1.90023
8.20575	0.0	0.164115	2.03109
8.15827	0.0	0.163165	2.04292
7.87452	0.0	0.15749	2.11653
6.94792	0.0	0.138958	2.3988
5.99883	0.0	0.119977	2.77832
4.66088	0.0	0.0932176	3.57586
11.9612	0.0	0.239224	1.39339
11.6691	0.0	0.233381	1.42828
11.2046	0.0	0.224093	1.48748
10.9085	0.0	0.21817	1.52786
10.3542	0.0	0.207084	1.60965
8.66505	0.0	0.173301	1.92344
8.23668	0.0	0.164734	2.02347
8.18342	0.0	0.163668	2.03664
7.92466	0.0	0.158493	2.10314
6.93054	0.0	0.138611	2.40482
6.08599	0.0	0.12172	2.73853
4.62459	0.0	0.0924917	3.60393
12.1352	0.0	0.242705	1.37341
12.1352	0.0	0.242705	1.37341
11.0839	0.0	0.221678	1.50369
10.3736	0.0	0.207472	1.60664
10.3736	0.0	0.207472	1.60664
9.00191	0.0	0.180038	1.85146
8.19139	0.0	0.163828	2.03466
8.19139	0.0	0.163828	2.03466
7.47427	0.0	0.149485	2.22987
7.18396	0.0	0.143679	2.31998
5.38591	0.0	0.107718	3.0945
5.03436	0.0	0.100687	3.31058
12.0677	0.0	0.241354	1.3811
12.0181	0.0	0.240361	1.3868
10.9176	0.0	0.218352	1.52659
10.6938	0.0	0.213876	1.55854
10.4566	0.0	0.209132	1.59389
8.62888	0.0	0.172578	1.9315
8.38073	0.0	0.167615	1.98869
8.35084	0.0	0.167017	1.99581
7.54359	0.0	0.150872	2.20938
7.16395	0.0	0.143279	2.32646
5.51303	0.0	0.110261	3.02314
4.95958	0.0	0.0991916	3.3605
12.0197	0.0	0.240394	1.38662
11.8906	0.0	0.237811	1.40167
10.9457	0.0	0.218915	1.52266
10.8029	0.0	0.216058	1.5428
10.5066	0.0	0.210132	1.5863
8.50409	0.0	0.170082	1.95984
8.44607	0.0	0.168921	1.9733
8.35091	0.0	0.167018	1.99579
7.64393	0.0	0.152879	2.18038
7.1081	0.0	0.142162	2.34474
5.70195	0.0	0.114039	2.92298
4.85694	0.0	0.0971388	3.43152
12.0022	0.0	0.240044	1.38863
11.8255	0.0	0.236509	1.40939
11.0528	0.0	0.221056	1.50792
10.7616	0.0	0.215231	1.54872
10.5233	0.0	0.210466	1.58379
8.54706	0.0	0.170941	1.94999
8.47772	0.0	0.169554	1.96594
8.24385	0.0	0.164877	2.02171
7.68384	0.0	0.153677	2.16906
7.08612	0.0	0.141722	2.35202
5.78356	0.0	0.115671	2.88173
4.81856	0.0	0.0963712	3.45885
12.0172	0.0	0.240344	1.3869
12.0172	0.0	0.240344	1.3869
10.772	0.0	0.215439	1.54723
10.6835	0.0	0.213669	1.56004
10.6835	0.0	0.213669	1.56004
8.57504	0.0	0.171501	1.94362
8.57504	0.0	0.171501	1.94362
8.25203	0.0	0.165041	2.0197
7.43214	0.0	0.148643	2.24251
7.27555	0.0	0.145511	2.29078
5.36734	0.0	0.107347	3.1052
5.12963	0.0	0.102593	3.2491
12.0201	0.0	0.240402	1.38657
11.9631	0.0	0.239261	1.39318
10.8442	0.0	0.216885	1.53691
10.6725	0.0	0.213449	1.56165
10.6581	0.0	0.213162	1.56376
8.72777	0.0	0.174555	1.90961
8.69297	0.0	0.173859	1.91726
7.96978	0.0	0.159396	2.09123
7.47112	0.0	0.149422	2.23081
7.24791	0.0	0.144958	2.29951
5.4759	0.0	0.109518	3.04364
5.09197	0.0	0.101839	3.27313
12.0218	0.0	0.240435	1.38638
11.9386	0.0	0.238772	1.39603
10.9044	0.0	0.218089	1.52843
10.6454	0.0	0.212908	1.56562
10.6368	0.0	0.212737	1.56688
8.78262	0.0	0.175652	1.89769
8.73246	0.0	0.174649	1.90859
7.86043	0.0	0.157209	2.12033
7.50239	0.0	0.150048	2.22151
7.2227	0.0	0.144454	2.30754
5.55138	0.0	0.111028	3.00226
5.05537	0.0	0.101107	3.29682
12.0117	0.0	0.240234	1.38754
12.0117	0.0	0.240234	1.38754
10.7552	0.0	0.215104	1.54964
10.7552	0.0	0.215104	1.54964
10.5836	0.0	0.211672	1.57476
8.86656	0.0	0.177331	1.87972
8.86656	0.0	0.177331	1.87972
7.68174	0.0	0.153635	2.16965
7.37633	0.0	0.147527	2.25948
7.33201	0.0	0.14664	2.27314
5.35757	0.0	0.107151	3.11087
5.27483	0.0	0.105497	3.15966
12.0286	0.0	0.240572	1.38559
12.007	0.0	0.240141	1.38807
10.789	0.0	0.215779	1.54479
10.7192	0.0	0.214384	1.55485
10.5519	0.0	0.211037	1.5795
8.93045	0.0	0.178609	1.86627
8.91362	0.0	0.178272	1.8698
7.56909	0.0	0.151382	2.20194
7.38945	0.0	0.147789	2.25547
7.31718	0.0	0.146344	2.27774
5.40474	0.0	0.108095	3.08371
5.26572	0.0	0.105314	3.16513
12.03	0.0	0.240599	1.38543
12.03	0.0	0.240599	1.38543
10.7439	0.0	0.214877	1.55127
10.7439	0.0	0.214877	1.55127
10.5215	0.0	0.21043	1.58405
8.98093	0.0	0.179619	1.85578
8.98093	0.0	0.179619	1.85578
7.45449	0.0	0.14909	2.23579
7.35109	0.0	0.147022	2.26724
7.35109	0.0	0.147022	2.26724
5.35454	0.0	0.107091	3.11262
5.35454	0.0	0.107091	3.11262
12.8358	0.0	0.256715	1.29845
12.8358	0.0	0.256715	1.29845
12.8358	0.0	0.256715	1.29845
11.7685	0.0	0.235371	1.4162
7.61422	0.0	0.152284	2.18889
7.61422	0.0	0.152284	2.18889
7.61422	0.0	0.152284	2.18889
6.76264	0.0	0.135253	2.46452
6.76264	0.0	0.135253	2.46452
6.76264	0.0	0.135253	2.46452
5.36784	0.0	0.107357	3.10491
5.36784	0.0	0.107357	3.10491
12.8079	0.0	0.256157	1.30128
12.6794	0.0	0.253588	1.31447
12.6794	0.0	0.253588	1.31447
11.4181	0.0	0.228363	1.45967
8.19505	0.0	0.163901	2.03375
7.78664	0.0	0.155733	2.14042
7.78664	0.0	0.155733	2.14042
6.94359	0.0	0.138872	2.4003
6.87339	0.0	0.137468	2.42481
6.87339	0.0	0.137468	2.42481
5.39698	0.0	0.10794	3.08815
5.12849	0.0	0.10257	3.24982
12.7171	0.0	0.254342	1.31057
12.4877	0.0	0.249753	1.33465
12.4877	0.0	0.249753	1.33465
11.0358	0.0	0.220716	1.51023
8.77946	0.0	0.175589	1.89837
8.03472	0.0	0.160694	2.07433
8.03472	0.0	0.160694	2.07433
7.10097	0.0	0.142019	2.3471
6.9527	0.0	0.139054	2.39715
6.9527	0.0	0.139054	2.39715
5.55287	0.0	0.111057	3.00145
4.90464	0.0	0.0980929	3.39814
12.5638	0.0	0.251277	1.32656
12.2696	0.0	0.245392	1.35837
12.2696	0.0	0.245392	1.35837
10.6341	0.0	0.212682	1.56729
9.35335	0.0	0.187067	1.78189
8.33499	0.0	0.1667	1.9996
8.33499	0.0	0.1667	1.9996
7.23261	0.0	0.144652	2.30438
7.00135	0.0	0.140027	2.38049
7.00135	0.0	0.140027	2.38049
5.80816	0.0	0.116163	2.86952
4.70458	0.0	0.0940915	3.54265
12.3491	0.0	0.246983	1.34962
12.04	0.0	0.2408	1.38428
12.04	0.0	0.2408	1.38428
10.2324	0.0	0.204648	1.62881
9.90512	0.0	0.198102	1.68263
8.65076	0.0	0.173015	1.92661
8.65076	0.0	0.173015	1.92661
7.33678	0.0	0.146736	2.27166
7.02944	0.0	0.140589	2.37098
7.02944	0.0	0.140589	2.37098
6.12324	0.0	0.122465	2.72187
4.53688	0.0	0.0907375	3.6736
12.0752	0.0	0.241504	1.38024
11.8234	0.0	0.236468	1.40963
11.8234	0.0	0.236468	1.40963
10.425	0.0	0.208499	1.59873
9.86376	0.0	0.197275	1.68969
8.93997	0.0	0.178799	1.86429
8.93997	0.0	0.178799	1.86429
7.41213	0.0	0.148243	2.24857
7.04508	0.0	0.140902	2.36572
7.04508	0.0	0.140902	2.36572
6.44552	0.0	0.12891	2.58578
4.4098	0.0	0.088196	3.77946
11.7468	0.0	0.234937	1.41882
11.6592	0.0	0.233183	1.42949
11.6592	0.0	0.233183	1.42949
10.9029	0.0	0.218058	1.52865
9.58538	0.0	0.191708	1.73876
9.15199	0.0	0.18304	1.8211
9.15199	0.0	0.18304	1.8211
7.45773	0.0	0.149155	2.23482
7.05295	0.0	0.141059	2.36308
7.05295	0.0	0.141059	2.36308
6.7024	0.0	0.134048	2.48667
4.33036	0.0	0.0866073	3.84879
11.596	0.0	0.231919	1.43728
11.596	0.0	0.231919	1.43728
11.4391	0.0	0.228781	1.45699
11.2608	0.0	0.225217	1.48006
9.47738	0.0	0.189548	1.75857
9.23178	0.0	0.184636	1.80536
9.23178	0.0	0.184636	1.80536
7.47299	0.0	0.14946	2.23026
7.05534	0.0	0.141107	2.36228
7.05534	0.0	0.141107	2.36228
6.80431	0.0	0.136086	2.44943
4.30332	0.0	0.0860664	3.87298
12.6866	0.0	0.253732	1.31372
12.6866	0.0	0.253732	1.31372
12.5198	0.0	0.250396	1.33122
11.0413	0.0	0.220827	1.50948
8.36322	0.0	0.167264	1.99285
8.36322	0.0	0.167264	1.99285
7.84471	0.0	0.156894	2.12457
7.09052	0.0	0.14181	2.35056
7.09052	0.0	0.14181	2.35056
6.99614	0.0	0.139923	2.38227
5.19992	0.0	0.103998	3.20518
5.00206	0.0	0.100041	3.33196
12.6307	0.0	0.252615	1.31953
12.5327	0.0	0.250655	1.32985
12.3316	0.0	0.246633	1.35154
10.6352	0.0	0.212703	1.56713
8.94043	0.0	0.178809	1.86419
8.57182	0.0	0.171436	1.94436
7.982	0.0	0.15964	2.08803
7.27523	0.0	0.145505	2.29088
7.22653	0.0	0.144531	2.30632
7.08728	0.0	0.141746	2.35163
5.24712	0.0	0.104942	3.17634
4.78261	0.0	0.0956522	3.48485
12.5118	0.0	0.250237	1.33207
12.3549	0.0	0.247098	1.349
12.1248	0.0	0.242496	1.3746
10.2124	0.0	0.204248	1.632
9.50295	0.0	0.190059	1.75384
8.81365	0.0	0.176273	1.89101
8.19109	0.0	0.163822	2.03473
7.42785	0.0	0.148557	2.24381
7.33739	0.0	0.146748	2.27147
7.13411	0.0	0.142682	2.3362
5.4449	0.0	0.108898	3.06097
4.55113	0.0	0.0910226	3.6621
12.3307	0.0	0.246614	1.35164
12.1667	0.0	0.243334	1.36986
11.9143	0.0	0.238286	1.39888
10.0391	0.0	0.200781	1.66018
9.79275	0.0	0.195855	1.70194
9.06783	0.0	0.181357	1.838
8.43353	0.0	0.168671	1.97624
7.54774	0.0	0.150955	2.20817
7.41917	0.0	0.148383	2.24643
7.15059	0.0	0.143012	2.33081
5.7225	0.0	0.11445	2.91248
4.35085	0.0	0.0870171	3.83067
12.0894	0.0	0.241788	1.37862
11.9901	0.0	0.239801	1.39004
11.7233	0.0	0.234465	1.42167
10.539	0.0	0.210779	1.58143
9.40966	0.0	0.188193	1.77123
9.30154	0.0	0.186031	1.79182
8.6622	0.0	0.173244	1.92407
7.63408	0.0	0.152682	2.18319
7.47397	0.0	0.149479	2.22996
7.15314	0.0	0.143063	2.32998
6.022	0.0	0.12044	2.76763
4.1969	0.0	0.0839381	3.97118
11.8578	0.0	0.237155	1.40555
11.7936	0.0	0.235872	1.4132
11.5842	0.0	0.231685	1.43874
10.9919	0.0	0.219838	1.51627
9.47224	0.0	0.189445	1.75953
9.12124	0.0	0.182425	1.82724
8.82914	0.0	0.176583	1.88769
7.68618	0.0	0.153724	2.16839
7.50521	0.0	0.150104	2.22068
7.15158	0.0	0.143032	2.33049
6.26755	0.0	0.125351	2.6592
4.09984	0.0	0.0819967	4.0652
11.8075	0.0	0.236149	1.41154
11.5323	0.0	0.230647	1.44521
11.5276	0.0	0.230551	1.44581
11.3106	0.0	0.226213	1.47354
9.53604	0.0	0.190721	1.74776
9.00943	0.0	0.180189	1.84991
8.89115	0.0	0.177823	1.87452
7.7036	0.0	0.154072	2.16349
7.51534	0.0	0.150307	2.21769
7.15061	0.0	0.143012	2.3308
6.36629	0.0	0.127326	2.61796
4.06665	0.0	0.081333	4.09838
12.5164	0.0	0.250327	1.33159
12.5164	0.0	0.250327	1.33159
12.1538	0.0	0.243075	1.37132
10.2079	0.0	0.204157	1.63273
9.11295	0.0	0.182259	1.8289
9.11295	0.0	0.182259	1.8289
7.99093	0.0	0.159819	2.0857
7.45311	0.0	0.149062	2.2362
7.45311	0.0	0.149062	2.2362
7.20856	0.0	0.144171	2.31207
5.06047	0.0	0.101209	3.2935
4.69729	0.0	0.0939458	3.54815
12.4389	0.0	0.248779	1.33988
12.3821	0.0	0.247641	1.34603
11.9639	0.0	0.239278	1.39308
9.76671	0.0	0.195334	1.70648
9.63956	0.0	0.192791	1.72899
9.29459	0.0	0.185892	1.79316
8.08329	0.0	0.161666	2.06187
7.63633	0.0	0.152727	2.18255
7.6167	0.0	0.152334	2.18817
7.27815	0.0	0.145563	2.28996
5.1289	0.0	0.102578	3.24956
4.50754	0.0	0.0901508	3.69751
12.3026	0.0	0.246053	1.35472
12.2402	0.0	0.244803	1.36164
11.7765	0.0	0.235531	1.41524
10.1365	0.0	0.20273	1.64422
9.47615	0.0	0.189523	1.7588
9.33154	0.0	0.186631	1.78606
8.23877	0.0	0.164775	2.02296
7.77816	0.0	0.155563	2.14275
7.75232	0.0	0.155047	2.14989
7.29556	0.0	0.145911	2.2845
5.35101	0.0	0.10702	3.11468
4.29223	0.0	0.0858447	3.88298
12.1139	0.0	0.242277	1.37583
12.1089	0.0	0.242179	1.37639
11.612	0.0	0.23224	1.4353
10.5886	0.0	0.211771	1.57403
9.63904	0.0	0.192781	1.72908
8.93586	0.0	0.178717	1.86514
8.40434	0.0	0.168087	1.9831
7.87933	0.0	0.157587	2.11524
7.8519	0.0	0.157038	2.12263
7.28812	0.0	0.145762	2.28683
5.62123	0.0	0.112425	2.96495
4.11686	0.0	0.0823371	4.0484
12.0129	0.0	0.240258	1.3874
11.8951	0.0	0.237902	1.40114
11.4961	0.0	0.229923	1.44976
10.9675	0.0	0.21935	1.51964
9.75603	0.0	0.195121	1.70834
8.63838	0.0	0.172768	1.92937
8.52901	0.0	0.17058	1.95412
7.94003	0.0	0.158801	2.09907
7.91211	0.0	0.158242	2.10648
7.27707	0.0	0.145541	2.2903
5.85284	0.0	0.117057	2.84762
4.00403	0.0	0.0800807	4.16247
11.9771	0.0	0.239542	1.39154
11.7599	0.0	0.235197	1.41725
11.4539	0.0	0.229077	1.45511
11.1565	0.0	0.223129	1.4939
9.79922	0.0	0.195984	1.70082
8.57541	0.0	0.171508	1.94354
8.52301	0.0	0.17046	1.95549
7.96028	0.0	0.159205	2.09373
7.93218	0.0	0.158644	2.10115
7.27245	0.0	0.145449	2.29175
5.94777	0.0	0.118955	2.80217
3.96516	0.0	0.0793032	4.20328
12.3526	0.0	0.247053	1.34924
12.3526	0.0	0.247053	1.34924
11.7963	0.0	0.235926	1.41287
9.76116	0.0	0.195223	1.70745
9.76116	0.0	0.195223	1.70745
9.30975	0.0	0.186195	1.79024
8.03986	0.0	0.160797	2.073
7.84083	0.0	0.156817	2.12562
7.84083	0.0	0.156817	2.12562
7.39273	0.0	0.147855	2.25447
4.94954	0.0	0.0989908	3.36732
4.48706	0.0	0.0897413	3.71438
12.2712	0.0	0.245424	1.35819
12.2632	0.0	0.245263	1.35908
11.6349	0.0	0.232699	1.43247
10.1955	0.0	0.203909	1.63471
9.86495	0.0	0.197299	1.68948
8.86103	0.0	0.177221	1.88089
8.08286	0.0	0.161657	2.06198
8.02381	0.0	0.160476	2.07715
8.0125	0.0	0.16025	2.08008
7.43964	0.0	0.148793	2.24025
5.0363	0.0	0.100726	3.30931
4.34341	0.0	0.0868682	3.83723
12.1834	0.0	0.243667	1.36799
12.1496	0.0	0.242992	1.37179
11.4969	0.0	0.229938	1.44967
10.5757	0.0	0.211515	1.57593
9.94654	0.0	0.198931	1.67562
8.45381	0.0	0.169076	1.9715
8.17809	0.0	0.163562	2.03797
8.16876	0.0	0.163375	2.04029
8.13387	0.0	0.162677	2.04905
7.43334	0.0	0.148667	2.24215
5.25995	0.0	0.105199	3.1686
4.16915	0.0	0.0833831	3.99761
12.1274	0.0	0.242548	1.3743
12.0191	0.0	0.240381	1.38669
11.402	0.0	0.22804	1.46173
10.864	0.0	0.217281	1.53411
9.99975	0.0	0.199995	1.66671
8.26293	0.0	0.165259	2.01704
8.26189	0.0	0.165238	2.01729
8.20624	0.0	0.164125	2.03097
8.14726	0.0	0.162945	2.04568
7.41463	0.0	0.148293	2.24781
5.47406	0.0	0.109481	3.04466
4.04797	0.0	0.0809593	4.11729
12.1072	0.0	0.242143	1.3766
11.9543	0.0	0.239087	1.3942
11.368	0.0	0.227359	1.46611
10.9818	0.0	0.219636	1.51767
10.0184	0.0	0.200368	1.66361
8.29582	0.0	0.165916	2.00904
8.29401	0.0	0.16588	2.00948
8.2303	0.0	0.164606	2.02504
8.028	0.0	0.16056	2.07607
7.40634	0.0	0.148127	2.25033
5.56484	0.0	0.111297	2.995
4.00535	0.0	0.0801069	4.1611
12.2422	0.0	0.244844	1.36141
12.2422	0.0	0.244844	1.36141
11.5006	0.0	0.230012	1.4492
10.2183	0.0	0.204366	1.63106
10.2183	0.0	0.204366	1.63106
8.40009	0.0	0.168002	1.98411
8.23285	0.0	0.164657	2.02441
8.23285	0.0	0.164657	2.02441
7.99477	0.0	0.159895	2.0847
7.54253	0.0	0.150851	2.20969
4.86601	0.0	0.0973201	3.42512
4.40576	0.0	0.0881153	3.78292
12.2197	0.0	0.244393	1.36392
12.1907	0.0	0.243815	1.36716
11.3876	0.0	0.227752	1.46358
10.5139	0.0	0.210279	1.5852
10.2141	0.0	0.204282	1.63173
8.41818	0.0	0.168364	1.97984
8.3806	0.0	0.167612	1.98872
7.99784	0.0	0.159957	2.0839
7.98129	0.0	0.159626	2.08822
7.56689	0.0	0.151338	2.20258
4.96406	0.0	0.0992812	3.35747
4.32225	0.0	0.086445	3.85602
12.2058	0.0	0.244115	1.36547
12.134	0.0	0.242681	1.37355
11.3111	0.0	0.226222	1.47348
10.7199	0.0	0.214398	1.55474
10.199	0.0	0.203981	1.63414
8.54456	0.0	0.170891	1.95056
8.46855	0.0	0.169371	1.96807
8.04212	0.0	0.160842	2.07242
7.66421	0.0	0.153284	2.17461
7.54757	0.0	0.150951	2.20822
5.14977	0.0	0.102995	3.23639
4.21168	0.0	0.0842336	3.95725
12.2011	0.0	0.244022	1.36599
12.1083	0.0	0.242166	1.37647
11.2839	0.0	0.225678	1.47703
10.7959	0.0	0.215917	1.5438
10.1912	0.0	0.203824	1.6354
8.58989	0.0	0.171798	1.94026
8.49774	0.0	0.169955	1.96131
8.06357	0.0	0.161271	2.06691
7.53996	0.0	0.150799	2.21045
7.5361	0.0	0.150722	2.21158
5.23601	0.0	0.10472	3.18308
4.16909	0.0	0.0833817	3.99768
12.2283	0.0	0.244565	1.36296
12.2283	0.0	0.244565	1.36296
11.2959	0.0	0.225918	1.47546
10.427	0.0	0.208539	1.59842
10.427	0.0	0.208539	1.59842
8.59702	0.0	0.17194	1.93866
8.59702	0.0	0.17194	1.93866
7.88975	0.0	0.157795	2.11245
7.65308	0.0	0.153062	2.17777
7.54959	0.0	0.150992	2.20762
4.80816	0.0	0.0961633	3.46633
4.47183	0.0	0.0894367	3.72703
12.2542	0.0	0.245083	1.36008
12.2234	0.0	0.244469	1.3635
11.2342	0.0	0.224683	1.48357
10.5667	0.0	0.211334	1.57728
10.3484	0.0	0.206968	1.61055
8.75211	0.0	0.175042	1.9043
8.70433	0.0	0.174087	1.91476
7.8776	0.0	0.157552	2.1157
7.65781	0.0	0.153156	2.17643
7.21877	0.0	0.144375	2.3088
4.90156	0.0	0.0980312	3.40028
4.447	0.0	0.08894	3.74785
12.2634	0.0	0.245267	1.35906
12.2197	0.0	0.244393	1.36392
11.2123	0.0	0.224246	1.48646
10.6158	0.0	0.212316	1.56999
10.3159	0.0	0.206318	1.61563
8.8099	0.0	0.176198	1.89181
8.74007	0.0	0.174801	1.90693
7.88897	0.0	0.157779	2.11265
7.64507	0.0	0.152901	2.18005
7.08728	0.0	0.141746	2.35163
4.98115	0.0	0.099623	3.34595
4.41151	0.0	0.0882302	3.778
12.2794	0.0	0.245588	1.35729
12.2794	0.0	0.245588	1.35729
11.1822	0.0	0.223644	1.49047
10.4416	0.0	0.208833	1.59618
10.4416	0.0	0.208833	1.59618
8.87884	0.0	0.177577	1.87712
8.87884	0.0	0.177577	1.87712
7.78624	0.0	0.155725	2.14053
7.72083	0.0	0.154417	2.15866
6.87105	0.0	0.137421	2.42564
4.7743	0.0	0.0954859	3.49092
4.64761	0.0	0.0929521	3.58608
12.2984	0.0	0.245968	1.35519
12.2871	0.0	0.245741	1.35644
11.1638	0.0	0.223275	1.49293
10.4734	0.0	0.209468	1.59133
10.3912	0.0	0.207825	1.60391
8.94572	0.0	0.178914	1.86309
8.92144	0.0	0.178429	1.86816
7.78047	0.0	0.155609	2.14212
7.71797	0.0	0.154359	2.15946
6.72981	0.0	0.134596	2.47654
4.81894	0.0	0.0963787	3.45858
4.6528	0.0	0.093056	3.58207
12.3096	0.0	0.246193	1.35395
12.3096	0.0	0.246193	1.35395
11.1465	0.0	0.22293	1.49523
10.4164	0.0	0.208329	1.60004
10.4164	0.0	0.208329	1.60004
8.99168	0.0	0.179834	1.85357
8.99168	0.0	0.179834	1.85357
7.74365	0.0	0.154873	2.1523
7.74365	0.0	0.154873	2.1523
6.58251	0.0	0.13165	2.53196
4.76316	0.0	0.0952631	3.49908
4.76316	0.0	0.0952631	3.49908
12.5662	0.0	0.251325	1.32631
12.5662	0.0	0.251325	1.32631
12.5662	0.0	0.251325	1.32631
10.6336	0.0	0.212672	1.56736
8.44163	0.0	0.168833	1.97434
8.44163	0.0	0.168833	1.97434
8.44163	0.0	0.168833	1.97434
7.22207	0.0	0.144441	2.30774
7.22207	0.0	0.144441	2.30774
7.22207	0.0	0.144441	2.30774
4.87725	0.0	0.097545	3.41722
4.87725	0.0	0.097545	3.41722
12.5502	0.0	0.251004	1.328
12.4213	0.0	0.248426	1.34178
12.4213	0.0	0.248426	1.34178
10.1986	0.0	0.203972	1.63421
9.02429	0.0	0.180486	1.84687
8.55675	0.0	0.171135	1.94778
8.55675	0.0	0.171135	1.94778
7.41764	0.0	0.148353	2.2469
7.34861	0.0	0.146972	2.268
7.34861	0.0	0.146972	2.268
4.89694	0.0	0.0979389	3.40348
4.56957	0.0	0.0913914	3.64731
12.4721	0.0	0.249442	1.33632
12.2608	0.0	0.245217	1.35934
12.2608	0.0	0.245217	1.35934
9.74924	0.0	0.194985	1.70954
9.58044	0.0	0.191609	1.73966
8.7074	0.0	0.174148	1.91408
8.7074	0.0	0.174148	1.91408
7.58061	0.0	0.151612	2.19859
7.45252	0.0	0.14905	2.23638
7.45252	0.0	0.14905	2.23638
5.04529	0.0	0.100906	3.30341
4.28872	0.0	0.0857743	3.88617
12.3342	0.0	0.246685	1.35125
12.0983	0.0	0.241966	1.3776
12.0983	0.0	0.241966	1.3776
10.0988	0.0	0.201975	1.65037
9.30547	0.0	0.186109	1.79106
8.87825	0.0	0.177565	1.87725
8.87825	0.0	0.177565	1.87725
7.70921	0.0	0.154184	2.16192
7.527	0.0	0.15054	2.21425
7.527	0.0	0.15054	2.21425
5.28638	0.0	0.105728	3.15275
4.04817	0.0	0.0809633	4.11709
12.1435	0.0	0.242869	1.37248
11.9529	0.0	0.239057	1.39437
11.9529	0.0	0.239057	1.39437
10.5658	0.0	0.211316	1.57741
9.04066	0.0	0.180813	1.84352
9.04066	0.0	0.180813	1.84352
8.90121	0.0	0.178024	1.8724
7.80204	0.0	0.156041	2.13619
7.57441	0.0	0.151488	2.20039
7.57441	0.0	0.151488	2.20039
5.56525	0.0	0.111305	2.99477
3.8622	0.0	0.077244	4.31533
11.9237	0.0	0.238474	1.39778
11.8491	0.0	0.236982	1.40658
11.8491	0.0	0.236982	1.40658
10.9531	0.0	0.219062	1.52164
9.15948	0.0	0.18319	1.81961
9.15948	0.0	0.18319	1.81961
8.59642	0.0	0.171928	1.93879
7.85813	0.0	0.157163	2.12095
7.60009	0.0	0.152002	2.19296
7.60009	0.0	0.152002	2.19296
5.80311	0.0	0.116062	2.87202
3.74409	0.0	0.0748818	4.45146
11.811	0.0	0.236219	1.41112
11.811	0.0	0.236219	1.41112
11.7903	0.0	0.235805	1.41359
11.1426	0.0	0.222853	1.49576
9.20345	0.0	0.184069	1.81091
9.20345	0.0	0.184069	1.81091
8.47789	0.0	0.169558	1.9659
7.87689	0.0	0.157538	2.11589
7.60817	0.0	0.152163	2.19063
7.60817	0.0	0.152163	2.19063
5.90075	0.0	0.118015	2.8245
3.70353	0.0	0.0740705	4.50021
12.4509	0.0	0.249019	1.33859
12.4509	0.0	0.249019	1.33859
12.2927	0.0	0.245855	1.35582
9.73708	0.0	0.194742	1.71167
9.11424	0.0	0.182285	1.82864
9.11424	0.0	0.182285	1.82864
8.57211	0.0	0.171442	1.94429
7.56993	0.0	0.151399	2.20169
7.56993	0.0	0.151399	2.20169
7.47181	0.0	0.149436	2.23061
4.65796	0.0	0.0931592	3.5781
4.40726	0.0	0.0881453	3.78164
12.4221	0.0	0.248442	1.3417
12.3409	0.0	0.246818	1.35052
12.1557	0.0	0.243114	1.3711
9.63885	0.0	0.192777	1.72911
9.26356	0.0	0.185271	1.79917
9.20927	0.0	0.184185	1.80977
8.62368	0.0	0.172474	1.93266
7.75215	0.0	0.155043	2.14994
7.716	0.0	0.15432	2.16001
7.57557	0.0	0.151511	2.20006
4.69013	0.0	0.0938027	3.55356
4.14215	0.0	0.082843	4.02367
12.3396	0.0	0.246792	1.35066
12.231	0.0	0.24462	1.36266
12.022	0.0	0.24044	1.38635
10.1159	0.0	0.202317	1.64758
9.30462	0.0	0.186092	1.79122
8.7979	0.0	0.175958	1.89439
8.70583	0.0	0.174117	1.91443
7.8949	0.0	0.157898	2.11107
7.84154	0.0	0.156831	2.12543
7.64791	0.0	0.152958	2.17924
4.87764	0.0	0.0975529	3.41695
3.87499	0.0	0.0774998	4.30109
12.216	0.0	0.24432	1.36433
12.1351	0.0	0.242702	1.37343
11.9069	0.0	0.238137	1.39975
10.5259	0.0	0.210517	1.5834
9.39006	0.0	0.187801	1.77493
8.79729	0.0	0.175946	1.89452
8.37419	0.0	0.167484	1.99024
7.99751	0.0	0.15995	2.08398
7.93624	0.0	0.158725	2.10007
7.69003	0.0	0.153801	2.16731
5.12856	0.0	0.102571	3.24977
3.66091	0.0	0.0732182	4.5526
12.084	0.0	0.241679	1.37924
12.0686	0.0	0.241372	1.38099
11.8276	0.0	0.236552	1.40913
10.8315	0.0	0.21663	1.53872
9.45087	0.0	0.189018	1.76351
8.86878	0.0	0.177376	1.87925
8.05936	0.0	0.161187	2.06799
8.05383	0.0	0.161077	2.06941
7.99445	0.0	0.159889	2.08478
7.71032	0.0	0.154206	2.16161
5.35552	0.0	0.10711	3.11205
3.52273	0.0	0.0704545	4.73118
12.0447	0.0	0.240894	1.38374
12.0192	0.0	0.240384	1.38667
11.7992	0.0	0.235983	1.41253
10.9544	0.0	0.219089	1.52145
9.4731	0.0	0.189462	1.75937
8.89579	0.0	0.177916	1.87355
8.08002	0.0	0.1616	2.0627
8.014	0.0	0.16028	2.07969
7.92867	0.0	0.158573	2.10208
7.71618	0.0	0.154324	2.15996
5.4513	0.0	0.109026	3.05738
3.47491	0.0	0.0694982	4.79629
12.3677	0.0	0.247354	1.3476
12.3677	0.0	0.247354	1.3476
12.0466	0.0	0.240932	1.38352
9.67727	0.0	0.193545	1.72225
9.67727	0.0	0.193545	1.72225
8.76802	0.0	0.17536	1.90085
8.57314	0.0	0.171463	1.94406
7.92874	0.0	0.158575	2.10206
7.92874	0.0	0.158575	2.10206
7.68594	0.0	0.153719	2.16846
4.47455	0.0	0.0894911	3.72477
4.03367	0.0	0.0806733	4.13189
12.3479	0.0	0.246958	1.34975
12.3155	0.0	0.246311	1.3533
11.943	0.0	0.23886	1.39552
10.0925	0.0	0.201851	1.65138
9.69689	0.0	0.193938	1.71876
8.56225	0.0	0.171245	1.94653
8.28214	0.0	0.165643	2.01236
8.09483	0.0	0.161897	2.05893
8.09311	0.0	0.161862	2.05937
7.7651	0.0	0.155302	2.14636
4.52764	0.0	0.0905528	3.68109
3.82783	0.0	0.0765567	4.35407
12.2957	0.0	0.245913	1.35549
12.2722	0.0	0.245445	1.35808
11.8562	0.0	0.237123	1.40574
10.4327	0.0	0.208653	1.59755
9.70185	0.0	0.194037	1.71789
8.58289	0.0	0.171658	1.94185
8.23326	0.0	0.164665	2.02431
8.21018	0.0	0.164204	2.03
7.83968	0.0	0.156794	2.12594
7.80769	0.0	0.156154	2.13465
4.7305	0.0	0.0946101	3.52323
3.6116	0.0	0.072232	4.61476
12.2436	0.0	0.244872	1.36125
12.2374	0.0	0.244749	1.36194
11.7977	0.0	0.235955	1.4127
10.6657	0.0	0.213313	1.56265
9.69937	0.0	0.193987	1.71832
8.61132	0.0	0.172226	1.93544
8.32633	0.0	0.166527	2.00168
8.28035	0.0	0.165607	2.0128
7.82414	0.0	0.156483	2.13016
7.50329	0.0	0.150066	2.22125
4.94168	0.0	0.0988336	3.37267
3.46291	0.0	0.0692581	4.81291
12.2336	0.0	0.244672	1.36237
12.2109	0.0	0.244218	1.3649
11.777	0.0	0.235541	1.41518
10.7508	0.0	0.215016	1.55027
9.69735	0.0	0.193947	1.71868
8.6239	0.0	0.172478	1.93261
8.35935	0.0	0.167187	1.99378
8.30373	0.0	0.166075	2.00713
7.82784	0.0	0.156557	2.12915
7.37085	0.0	0.147417	2.26116
5.03503	0.0	0.100701	3.31014
3.41048	0.0	0.0682096	4.8869
12.3583	0.0	0.247166	1.34862
12.3583	0.0	0.247166	1.34862
11.8684	0.0	0.237369	1.40429
10.037	0.0	0.200739	1.66053
10.037	0.0	0.200739	1.66053
8.46064	0.0	0.169213	1.96991
8.28912	0.0	0.165782	2.01067
8.28912	0.0	0.165782	2.01067
7.85865	0.0	0.157173	2.1208
7.77685	0.0	0.155537	2.14311
4.32979	0.0	0.0865958	3.8493
3.8161	0.0	0.0763221	4.36746
12.3701	0.0	0.247402	1.34733
12.3684	0.0	0.247369	1.34752
11.8064	0.0	0.236128	1.41166
10.3049	0.0	0.206097	1.61736
9.96473	0.0	0.199295	1.67257
8.46346	0.0	0.169269	1.96925
8.42651	0.0	0.16853	1.97788
8.40964	0.0	0.168193	1.98185
7.91215	0.0	0.158243	2.10646
7.31495	0.0	0.146299	2.27844
4.40201	0.0	0.0880403	3.78615
3.69488	0.0	0.0738975	4.51075
12.3758	0.0	0.247517	1.34671
12.3663	0.0	0.247327	1.34774
11.765	0.0	0.2353	1.41663
10.4789	0.0	0.209578	1.5905
9.90049	0.0	0.19801	1.68342
8.5895	0.0	0.17179	1.94035
8.50843	0.0	0.170169	1.95884
8.39794	0.0	0.167959	1.98461
7.92926	0.0	0.158585	2.10192
6.96007	0.0	0.139201	2.39461
4.58269	0.0	0.0916538	3.63687
3.56218	0.0	0.0712437	4.67878
12.3785	0.0	0.247571	1.34642
12.3627	0.0	0.247254	1.34814
11.7504	0.0	0.235009	1.41839
10.5397	0.0	0.210794	1.58132
9.874	0.0	0.19748	1.68794
8.63668	0.0	0.172734	1.92975
8.53566	0.0	0.170713	1.95259
8.39849	0.0	0.16797	1.98448
7.93124	0.0	0.158625	2.10139
6.8185	0.0	0.13637	2.44433
4.67275	0.0	0.0934549	3.56678
3.51121	0.0	0.0702242	4.7467
12.4296	0.0	0.248591	1.34089
12.4296	0.0	0.248591	1.34089
11.7641	0.0	0.235282	1.41674
10.1658	0.0	0.203317	1.63948
10.1658	0.0	0.203317	1.63948
8.62692	0.0	0.172538	1.93194
8.62692	0.0	0.172538	1.93194
8.29167	0.0	0.165833	2.01005
7.98535	0.0	0.159707	2.08716
6.83117	0.0	0.136623	2.4398
4.22544	0.0	0.0845087	3.94437
3.80616	0.0	0.0761232	4.37887
12.4676	0.0	0.249352	1.3368
12.4624	0.0	0.249248	1.33736
11.7356	0.0	0.234711	1.42019
10.2928	0.0	0.205856	1.61926
10.0493	0.0	0.200986	1.65849
8.77975	0.0	0.175595	1.89831
8.72446	0.0	0.174489	1.91034
8.23891	0.0	0.164778	2.02292
8.01333	0.0	0.160267	2.07987
6.45243	0.0	0.129049	2.583
4.30503	0.0	0.0861006	3.87144
3.77655	0.0	0.0755309	4.4132
12.4806	0.0	0.249613	1.3354
12.4726	0.0	0.249451	1.33627
11.7255	0.0	0.234509	1.42141
10.3363	0.0	0.206725	1.61245
10.0014	0.0	0.200027	1.66644
8.83969	0.0	0.176794	1.88544
8.75688	0.0	0.175138	1.90327
8.22931	0.0	0.164586	2.02528
8.01506	0.0	0.160301	2.07942
6.29778	0.0	0.125956	2.64643
4.38813	0.0	0.0877625	3.79813
3.73855	0.0	0.074771	4.45806
12.5214	0.0	0.250427	1.33106
12.5214	0.0	0.250427	1.33106
11.7151	0.0	0.234302	1.42267
10.141	0.0	0.202819	1.6435
10.141	0.0	0.202819	1.6435
8.89464	0.0	0.177893	1.87379
8.89464	0.0	0.177893	1.87379
8.14572	0.0	0.162914	2.04606
8.0627	0.0	0.161254	2.06713
6.04342	0.0	0.120868	2.75782
4.1625	0.0	0.0832499	4.00401
3.98746	0.0	0.0797492	4.17977
12.5412	0.0	0.250825	1.32895
12.539	0.0	0.250781	1.32918
11.7077	0.0	0.234155	1.42356
10.172	0.0	0.20344	1.63849
10.0783	0.0	0.201565	1.65372
8.96356	0.0	0.179271	1.85938
8.93304	0.0	0.178661	1.86573
8.12431	0.0	0.162486	2.05146
8.06972	0.0	0.161394	2.06533
5.86985	0.0	0.117397	2.83937
4.2049	0.0	0.084098	3.96363
4.00538	0.0	0.0801076	4.16107
12.5613	0.0	0.251226	1.32683
12.5613	0.0	0.251226	1.32683
11.7013	0.0	0.234027	1.42434
10.104	0.0	0.202079	1.64952
10.104	0.0	0.202079	1.64952
9.00521	0.0	0.180104	1.85078
9.00521	0.0	0.180104	1.85078
8.08871	0.0	0.161774	2.06049
8.08871	0.0	0.161774	2.06049
5.68281	0.0	0.113656	2.93282
4.14147	0.0	0.0828294	4.02434
4.14147	0.0	0.0828294	4.02434
12.3748	0.0	0.247497	1.34682
12.3748	0.0	0.247497	1.34682
12.3748	0.0	0.247497	1.34682
9.24346	0.0	0.184869	1.80308
9.11867	0.0	0.182373	1.82775
9.11867	0.0	0.182373	1.82775
9.11867	0.0	0.182373	1.82775
7.69886	0.0	0.153977	2.16482
7.69886	0.0	0.153977	2.16482
7.69886	0.0	0.153977	2.16482
4.26613	0.0	0.0853225	3.90674
4.26613	0.0	0.0853225	3.90674
12.4028	0.0	0.248055	1.34379
12.2945	0.0	0.245889	1.35562
12.2945	0.0	0.245889	1.35562
9.61777	0.0	0.192355	1.7329
9.12736	0.0	0.182547	1.82601
9.12736	0.0	0.182547	1.82601
8.73979	0.0	0.174796	1.90699
7.88753	0.0	0.157751	2.11304
7.82668	0.0	0.156534	2.12947
7.82668	0.0	0.156534	2.12947
4.27961	0.0	0.0855922	3.89444
3.89959	0.0	0.0779918	4.27395
12.3833	0.0	0.247666	1.3459
12.2177	0.0	0.244354	1.36414
12.2177	0.0	0.244354	1.36414
10.0548	0.0	0.201095	1.65759
9.14022	0.0	0.182804	1.82344
9.14022	0.0	0.182804	1.82344
8.24581	0.0	0.164916	2.02123
8.03608	0.0	0.160722	2.07398
7.94029	0.0	0.158806	2.099
7.94029	0.0	0.158806	2.099
4.42539	0.0	0.0885077	3.76615
3.57689	0.0	0.0715379	4.65953
12.3308	0.0	0.246615	1.35163
12.1535	0.0	0.243069	1.37135
12.1535	0.0	0.243069	1.37135
10.4096	0.0	0.208191	1.60109
9.15496	0.0	0.183099	1.82051
9.15496	0.0	0.183099	1.82051
8.14315	0.0	0.162863	2.04671
8.02862	0.0	0.160572	2.07591
8.02862	0.0	0.160572	2.07591
7.79571	0.0	0.155914	2.13793
4.65088	0.0	0.0930176	3.58355
3.3203	0.0	0.0664061	5.01962
12.272	0.0	0.24544	1.3581
12.1105	0.0	0.242209	1.37622
12.1105	0.0	0.242209	1.37622
10.6512	0.0	0.213025	1.56476
9.16712	0.0	0.183342	1.81809
9.16712	0.0	0.183342	1.81809
8.20778	0.0	0.164156	2.03059
8.08412	0.0	0.161682	2.06166
8.08412	0.0	0.161682	2.06166
7.45314	0.0	0.149063	2.2362
4.86996	0.0	0.0973992	3.42234
3.15335	0.0	0.0630671	5.28538
12.2452	0.0	0.244905	1.36107
12.0953	0.0	0.241906	1.37795
12.0953	0.0	0.241906	1.37795
10.7392	0.0	0.214785	1.55194
9.17188	0.0	0.183438	1.81715
9.17188	0.0	0.183438	1.81715
8.22939	0.0	0.164588	2.02526
8.10297	0.0	0.162059	2.05686
8.10297	0.0	0.162059	2.05686
7.31809	0.0	0.146362	2.27746
4.96584	0.0	0.0993169	3.35626
3.09519	0.0	0.0619038	5.3847
12.3833	0.0	0.247666	1.3459
12.3833	0.0	0.247666	1.3459
12.2464	0.0	0.244929	1.36094
9.57825	0.0	0.191565	1.74005
9.57825	0.0	0.191565	1.74005
9.05335	0.0	0.181067	1.84094
8.20787	0.0	0.164157	2.03057
8.03289	0.0	0.160658	2.0748
8.03289	0.0	0.160658	2.0748
7.93814	0.0	0.158763	2.09957
4.00251	0.0	0.0800503	4.16405
3.7093	0.0	0.0741859	4.49322
12.4287	0.0	0.248574	1.34098
12.3658	0.0	0.247316	1.34781
12.2014	0.0	0.244028	1.36596
9.96082	0.0	0.199216	1.67322
9.52504	0.0	0.190501	1.74977
8.99132	0.0	0.179826	1.85364
8.19413	0.0	0.163883	2.03398
8.17642	0.0	0.163528	2.03838
8.03948	0.0	0.16079	2.0731
7.68703	0.0	0.153741	2.16815
4.02697	0.0	0.0805394	4.13876
3.41338	0.0	0.0682676	4.88275
12.4417	0.0	0.248834	1.33958
12.352	0.0	0.24704	1.34931
12.1644	0.0	0.243287	1.37012
10.2577	0.0	0.205153	1.6248
9.46731	0.0	0.189346	1.76044
8.94468	0.0	0.178894	1.86331
8.30986	0.0	0.166197	2.00565
8.30309	0.0	0.166062	2.00728
8.12046	0.0	0.162409	2.05243
7.2111	0.0	0.144222	2.31125
4.20788	0.0	0.0841576	3.96082
3.13552	0.0	0.0627104	5.31544
12.4382	0.0	0.248765	1.33995
12.3432	0.0	0.246864	1.35027
12.1399	0.0	0.242797	1.37289
10.4487	0.0	0.208974	1.59509
9.41999	0.0	0.1884	1.76929
8.91584	0.0	0.178317	1.86933
8.39356	0.0	0.167871	1.98565
8.37954	0.0	0.167591	1.98897
8.17268	0.0	0.163454	2.03931
6.84544	0.0	0.136909	2.43471
4.41373	0.0	0.0882746	3.77609
2.94754	0.0	0.0589509	5.65442
12.4346	0.0	0.248692	1.34035
12.3402	0.0	0.246803	1.3506
12.1313	0.0	0.242626	1.37386
10.5151	0.0	0.210303	1.58502
9.40116	0.0	0.188023	1.77283
8.90611	0.0	0.178122	1.87137
8.42708	0.0	0.168542	1.97775
8.40281	0.0	0.168056	1.98346
8.19072	0.0	0.163814	2.03482
6.69953	0.0	0.133991	2.48774
4.50917	0.0	0.0901833	3.69617
2.88108	0.0	0.0576217	5.78486
12.4703	0.0	0.249406	1.33651
12.4703	0.0	0.249406	1.33651
12.1844	0.0	0.243688	1.36787
9.84508	0.0	0.196902	1.69289
9.84508	0.0	0.196902	1.69289
8.86536	0.0	0.177307	1.87998
8.35873	0.0	0.167175	1.99392
8.35873	0.0	0.167175	1.99392
8.13004	0.0	0.162601	2.05001
7.13983	0.0	0.142797	2.33432
3.78669	0.0	0.0757338	4.40138
3.30589	0.0	0.0661178	5.04151
12.5372	0.0	0.250744	1.32938
12.5035	0.0	0.25007	1.33296
12.1694	0.0	0.243387	1.36956
10.0865	0.0	0.201731	1.65237
9.72373	0.0	0.194475	1.71402
8.76882	0.0	0.175376	1.90067
8.51448	0.0	0.17029	1.95745
8.48847	0.0	0.169769	1.96345
8.20344	0.0	0.164069	2.03167
6.63693	0.0	0.132739	2.5112
3.83504	0.0	0.0767009	4.34589
3.11255	0.0	0.0622509	5.35467
12.5733	0.0	0.251466	1.32556
12.5248	0.0	0.250496	1.33069
12.159	0.0	0.243181	1.37072
10.2374	0.0	0.204747	1.62802
9.62303	0.0	0.192461	1.73196
8.70737	0.0	0.174147	1.91409
8.63565	0.0	0.172713	1.92998
8.56618	0.0	0.171324	1.94564
8.25198	0.0	0.16504	2.01972
6.24487	0.0	0.124897	2.66886
4.01052	0.0	0.0802104	4.15574
2.93637	0.0	0.0587275	5.67593
12.5846	0.0	0.251692	1.32437
12.5321	0.0	0.250643	1.32991
12.1554	0.0	0.243107	1.37114
10.2887	0.0	0.205775	1.61989
9.58158	0.0	0.191632	1.73945
8.68609	0.0	0.173722	1.91878
8.68389	0.0	0.173678	1.91926
8.59207	0.0	0.171841	1.93977
8.26914	0.0	0.165383	2.01553
6.08541	0.0	0.121708	2.73879
4.10436	0.0	0.0820873	4.06072
2.87007	0.0	0.0574015	5.80705
12.6097	0.0	0.252194	1.32174
12.6097	0.0	0.252194	1.32174
12.1707	0.0	0.243414	1.36941
9.91465	0.0	0.198293	1.68101
9.91465	0.0	0.198293	1.68101
8.66426	0.0	0.173285	1.92361
8.66426	0.0	0.173285	1.92361
8.63539	0.0	0.172708	1.93004
8.27022	0.0	0.165404	2.01526
6.10366	0.0	0.122073	2.7306
3.62604	0.0	0.0725208	4.59638
3.15661	0.0	0.0631322	5.27992
12.6724	0.0	0.253448	1.31519
12.6548	0.0	0.253095	1.31703
12.1704	0.0	0.243408	1.36944
10.0325	0.0	0.200649	1.66127
9.77194	0.0	0.195439	1.70556
8.8089	0.0	0.176178	1.89203
8.75365	0.0	0.175073	1.90397
8.55078	0.0	0.171016	1.94914
8.31477	0.0	0.166295	2.00446
5.67778	0.0	0.113556	2.93542
3.69289	0.0	0.0738578	4.51318
3.09601	0.0	0.0619201	5.38328
12.6931	0.0	0.253862	1.31305
12.67	0.0	0.253401	1.31544
12.1701	0.0	0.243403	1.36947
10.0723	0.0	0.201446	1.6547
9.71157	0.0	0.194231	1.71617
8.86987	0.0	0.177397	1.87902
8.78336	0.0	0.175667	1.89753
8.52117	0.0	0.170423	1.95591
8.33102	0.0	0.16662	2.00056
5.4988	0.0	0.109976	3.03097
3.78005	0.0	0.075601	4.40911
3.04771	0.0	0.0609541	5.46859
12.7328	0.0	0.254656	1.30896
12.7328	0.0	0.254656	1.30896
12.1762	0.0	0.243524	1.36879
9.86299	0.0	0.19726	1.68982
9.86299	0.0	0.19726	1.68982
8.91287	0.0	0.178257	1.86996
8.91287	0.0	0.178257	1.86996
8.45303	0.0	0.169061	1.97168
8.35559	0.0	0.167112	1.99467
5.20722	0.0	0.104144	3.20068
3.5268	0.0	0.070536	4.72572
3.30111	0.0	0.0660223	5.0488
12.7588	0.0	0.255176	1.30629
12.7531	0.0	0.255062	1.30687
12.1779	0.0	0.243559	1.3686
9.89363	0.0	0.197873	1.68458
9.79001	0.0	0.1958	1.70242
8.98247	0.0	0.179649	1.85547
8.94751	0.0	0.17895	1.86272
8.41891	0.0	0.168378	1.97967
8.37062	0.0	0.167412	1.99109
4.99751	0.0	0.0999503	3.33499
3.56757	0.0	0.0713513	4.67172
3.3269	0.0	0.0665379	5.00967
12.7808	0.0	0.255616	1.30404
12.7808	0.0	0.255616	1.30404
12.1803	0.0	0.243607	1.36833
9.81623	0.0	0.196325	1.69787
9.81623	0.0	0.196325	1.69787
9.02018	0.0	0.180404	1.84771
9.02018	0.0	0.180404	1.84771
8.38425	0.0	0.167685	1.98785
8.38425	0.0	0.167685	1.98785
4.76176	0.0	0.0952353	3.5001
3.49322	0.0	0.0698643	4.77115
3.49322	0.0	0.0698643	4.77115
12.3978	0.0	0.247956	1.34432
12.3978	0.0	0.247956	1.34432
12.3978	0.0	0.247956	1.34432
9.46963	0.0	0.189393	1.76001
9.46963	0.0	0.189393	1.76001
9.46963	0.0	0.189393	1.76001
8.14728	0.0	0.162946	2.04567
8.14728	0.0	0.162946	2.04567
8.14728	0.0	0.162946	2.04567
7.64132	0.0	0.152826	2.18112
3.54894	0.0	0.0709787	4.69624
3.54894	0.0	0.0709787	4.69624
12.5048	0.0	0.250096	1.33282
12.4101	0.0	0.248201	1.343
12.4101	0.0	0.248201	1.343
9.81101	0.0	0.19622	1.69877
9.35816	0.0	0.187163	1.78098
9.35816	0.0	0.187163	1.78098
8.31169	0.0	0.166234	2.00521
8.26444	0.0	0.165289	2.01667
8.26444	0.0	0.165289	2.01667
7.08699	0.0	0.14174	2.35173
3.56145	0.0	0.0712289	4.67975
3.13591	0.0	0.0627182	5.31477
12.5734	0.0	0.251467	1.32555
12.4192	0.0	0.248385	1.342
12.4192	0.0	0.248385	1.342
10.0663	0.0	0.201327	1.65568
9.25358	0.0	0.185072	1.80111
9.25358	0.0	0.185072	1.80111
8.43005	0.0	0.168601	1.97705
8.37384	0.0	0.167477	1.99033
8.37384	0.0	0.167477	1.99033
6.57817	0.0	0.131563	2.53363
3.71106	0.0	0.0742212	4.49108
2.79439	0.0	0.0558877	5.96434
12.6105	0.0	0.252209	1.32165
12.4249	0.0	0.248498	1.34139
12.4249	0.0	0.248498	1.34139
10.225	0.0	0.2045	1.62999
9.17244	0.0	0.183449	1.81704
9.17244	0.0	0.183449	1.81704
8.50144	0.0	0.170029	1.96045
8.4582	0.0	0.169164	1.97047
8.4582	0.0	0.169164	1.97047
6.1822	0.0	0.123644	2.69591
3.90739	0.0	0.0781479	4.26542
2.56354	0.0	0.0512708	6.50143
12.622	0.0	0.252441	1.32044
12.4268	0.0	0.248536	1.34119
12.4268	0.0	0.248536	1.34119
10.2789	0.0	0.205578	1.62144
9.14013	0.0	0.182803	1.82346
9.14013	0.0	0.182803	1.82346
8.5253	0.0	0.170506	1.95497
8.49165	0.0	0.169833	1.96271
8.49165	0.0	0.169833	1.96271
6.02146	0.0	0.120429	2.76788
4.00469	0.0	0.0800937	4.16179
2.48109	0.0	0.0496217	6.71749
12.5698	0.0	0.251396	1.32593
12.5698	0.0	0.251396	1.32593
12.446	0.0	0.24892	1.33912
9.65364	0.0	0.193073	1.72646
9.65364	0.0	0.193073	1.72646
9.2036	0.0	0.184072	1.81088
8.44008	0.0	0.168802	1.9747
8.44008	0.0	0.168802	1.9747
8.35475	0.0	0.167095	1.99487
6.49953	0.0	0.129991	2.56429
3.25049	0.0	0.0650099	5.12743
2.92954	0.0	0.0585908	5.68917
12.6821	0.0	0.253641	1.31419
12.6191	0.0	0.252382	1.32075
12.4723	0.0	0.249446	1.33629
9.87044	0.0	0.197409	1.68854
9.50155	0.0	0.190031	1.7541
9.06885	0.0	0.181377	1.83779
8.56966	0.0	0.171393	1.94485
8.56603	0.0	0.171321	1.94567
8.44212	0.0	0.168842	1.97423
5.9566	0.0	0.119132	2.79802
3.27803	0.0	0.0655606	5.08435
2.62689	0.0	0.0525377	6.34465
12.7485	0.0	0.25497	1.30734
12.6498	0.0	0.252995	1.31755
12.4883	0.0	0.249766	1.33458
10.0029	0.0	0.200059	1.66618
9.37706	0.0	0.187541	1.77739
8.96644	0.0	0.179329	1.85878
8.67996	0.0	0.173599	1.92013
8.64182	0.0	0.172836	1.92861
8.51552	0.0	0.17031	1.95721
5.52648	0.0	0.11053	3.01578
3.44805	0.0	0.0689611	4.83364
2.38224	0.0	0.0476447	6.99623
12.7705	0.0	0.25541	1.30509
12.6601	0.0	0.253203	1.31647
12.4936	0.0	0.249873	1.33401
10.0475	0.0	0.200951	1.65878
9.32409	0.0	0.186482	1.78749
8.92427	0.0	0.178485	1.86757
8.72811	0.0	0.174562	1.90954
8.66712	0.0	0.173342	1.92298
8.54793	0.0	0.170959	1.94979
5.34745	0.0	0.106949	3.11675
3.54627	0.0	0.0709254	4.69978
2.29149	0.0	0.0458299	7.27328
12.7626	0.0	0.255253	1.30589
12.7626	0.0	0.255253	1.30589
12.5105	0.0	0.250209	1.33222
9.68265	0.0	0.193653	1.72129
9.68265	0.0	0.193653	1.72129
8.919	0.0	0.17838	1.86867
8.70902	0.0	0.17418	1.91372
8.70902	0.0	0.17418	1.91372
8.50587	0.0	0.170117	1.95943
5.37563	0.0	0.107513	3.10041
3.01987	0.0	0.0603974	5.519
2.56384	0.0	0.0512767	6.50068
12.8491	0.0	0.256982	1.29711
12.8121	0.0	0.256242	1.30085
12.5334	0.0	0.250668	1.32978
9.79286	0.0	0.195857	1.70192
9.5261	0.0	0.190522	1.74958
8.83798	0.0	0.17676	1.8858
8.80982	0.0	0.176196	1.89183
8.79248	0.0	0.17585	1.89556
8.56218	0.0	0.171244	1.94654
4.90249	0.0	0.0980498	3.39963
3.07512	0.0	0.0615024	5.41984
2.4318	0.0	0.0486359	6.85365
12.878	0.0	0.257559	1.2942
12.8287	0.0	0.256575	1.29917
12.5411	0.0	0.250821	1.32897
9.82985	0.0	0.196597	1.69552
9.45652	0.0	0.18913	1.76245
8.89826	0.0	0.177965	1.87302
8.82028	0.0	0.176406	1.88958
8.76263	0.0	0.175253	1.90202
8.59153	0.0	0.171831	1.93989
4.69712	0.0	0.0939424	3.54827
3.16817	0.0	0.0633633	5.26067
2.35902	0.0	0.0471803	7.06509
12.9102	0.0	0.258204	1.29097
12.9102	0.0	0.258204	1.29097
12.5604	0.0	0.251207	1.32693
9.61672	0.0	0.192334	1.73309
9.61672	0.0	0.192334	1.73309
8.9326	0.0	0.178652	1.86583
8.9326	0.0	0.178652	1.86583
8.70667	0.0	0.174133	1.91424
8.59772	0.0	0.171954	1.9385
4.37095	0.0	0.087419	3.81305
2.87297	0.0	0.0574594	5.80119
2.59985	0.0	0.051997	6.41063
12.943	0.0	0.25886	1.2877
12.9307	0.0	0.258613	1.28893
12.5693	0.0	0.251387	1.32598
9.64713	0.0	0.192943	1.72763
9.53641	0.0	0.190728	1.74769
9.00085	0.0	0.180017	1.85168
8.9641	0.0	0.179282	1.85927
8.66247	0.0	0.173249	1.92401
8.6191	0.0	0.172382	1.93369
4.1211	0.0	0.0824221	4.04422
2.91326	0.0	0.0582652	5.72097
2.62203	0.0	0.0524407	6.35639
12.9648	0.0	0.259295	1.28554
12.9648	0.0	0.259295	1.28554
12.5787	0.0	0.251575	1.32499
9.5631	0.0	0.191262	1.74281
9.5631	0.0	0.191262	1.74281
9.03512	0.0	0.180702	1.84465
9.03512	0.0	0.180702	1.84465
8.62854	0.0	0.172571	1.93158
8.62854	0.0	0.172571	1.93158
3.82492	0.0	0.0764984	4.35739
2.82238	0.0	0.0564475	5.90519
2.82238	0.0	0.0564475	5.90519
12.6514	0.0	0.253028	1.31738
12.6514	0.0	0.253028	1.31738
12.6514	0.0	0.253028	1.31738
9.47108	0.0	0.189422	1.75974
9.47108	0.0	0.189422	1.75974
9.47108	0.0	0.189422	1.75974
8.53119	0.0	0.170624	1.95362
8.53119	0.0	0.170624	1.95362
8.53119	0.0	0.170624	1.95362
5.8723	0.0	0.117446	2.83818
2.74299	0.0	0.0548598	6.07609
2.74299	0.0	0.0548598	6.07609
12.7991	0.0	0.255981	1.30218
12.7117	0.0	0.254234	1.31113
12.7117	0.0	0.254234	1.31113
9.66449	0.0	0.19329	1.72453
9.3056	0.0	0.186112	1.79104
9.3056	0.0	0.186112	1.79104
8.65813	0.0	0.173162	1.92497
8.62835	0.0	0.172567	1.93162
8.62835	0.0	0.172567	1.93162
5.28848	0.0	0.10577	3.1515
2.76353	0.0	0.0552707	6.03093
2.30058	0.0	0.0460116	7.24454
12.8881	0.0	0.257761	1.29319
12.7487	0.0	0.254973	1.30733
12.7487	0.0	0.254973	1.30733
9.78148	0.0	0.19563	1.7039
9.17165	0.0	0.183433	1.81719
9.17165	0.0	0.183433	1.81719
8.73465	0.0	0.174693	1.90811
8.72011	0.0	0.174402	1.91129
8.72011	0.0	0.174402	1.91129
4.81658	0.0	0.0963317	3.46027
2.91949	0.0	0.0583899	5.70875
1.98243	0.0	0.0396485	8.40721
12.9178	0.0	0.258355	1.29021
12.7611	0.0	0.255222	1.30605
12.7611	0.0	0.255222	1.30605
9.82064	0.0	0.196413	1.69711
9.11133	0.0	0.182227	1.82923
9.11133	0.0	0.182227	1.82923
8.76618	0.0	0.175324	1.90125
8.76618	0.0	0.175324	1.90125
8.76022	0.0	0.175204	1.90254
4.61385	0.0	0.092277	3.61231
3.02234	0.0	0.0604468	5.51449
1.86327	0.0	0.0372654	8.94485
12.8847	0.0	0.257695	1.29352
12.8847	0.0	0.257695	1.29352
12.7792	0.0	0.255584	1.3042
9.47635	0.0	0.189527	1.75876
9.47635	0.0	0.189527	1.75876
9.14104	0.0	0.182821	1.82328
8.7618	0.0	0.175236	1.9022
8.7618	0.0	0.175236	1.9022
8.69077	0.0	0.173815	1.91774
4.65996	0.0	0.0931992	3.57657
2.42324	0.0	0.0484648	6.87785
2.09959	0.0	0.0419917	7.93807
12.9894	0.0	0.259787	1.2831
12.9369	0.0	0.258738	1.2883
12.8202	0.0	0.256403	1.30003
9.57944	0.0	0.191589	1.73984
9.32018	0.0	0.186404	1.78823
9.01353	0.0	0.180271	1.84907
8.86605	0.0	0.177321	1.87983
8.84207	0.0	0.176841	1.88493
8.75529	0.0	0.175106	1.90361
4.13703	0.0	0.0827406	4.02866
2.46915	0.0	0.0493829	6.74997
1.83746	0.0	0.0367491	9.07051
13.0244	0.0	0.260488	1.27965
12.9544	0.0	0.259089	1.28656
12.8339	0.0	0.256678	1.29864
9.6139	0.0	0.192278	1.7336
9.2459	0.0	0.184918	1.8026
8.95211	0.0	0.179042	1.86176
8.92282	0.0	0.178456	1.86787
8.86887	0.0	0.177377	1.87923
8.79543	0.0	0.175909	1.89492
3.90077	0.0	0.0780153	4.27267
2.57103	0.0	0.0514206	6.48248
1.71705	0.0	0.034341	9.70657
13.0508	0.0	0.261016	1.27706
13.0508	0.0	0.261016	1.27706
12.8634	0.0	0.257268	1.29566
9.41007	0.0	0.188201	1.77115
9.41007	0.0	0.188201	1.77115
8.95355	0.0	0.179071	1.86146
8.95355	0.0	0.179071	1.86146
8.90535	0.0	0.178107	1.87153
8.78763	0.0	0.175753	1.89661
3.54456	0.0	0.0708913	4.70204
2.20925	0.0	0.0441849	7.54406
1.90709	0.0	0.0381418	8.73931
13.0889	0.0	0.261778	1.27334
13.0714	0.0	0.261427	1.27505
12.8779	0.0	0.257558	1.29421
9.44017	0.0	0.188803	1.76551
9.32704	0.0	0.186541	1.78692
9.01711	0.0	0.180342	1.84834
8.9827	0.0	0.179654	1.85542
8.8535	0.0	0.17707	1.88249
8.81383	0.0	0.176277	1.89097
3.24942	0.0	0.0649884	5.12912
2.25138	0.0	0.0450276	7.40287
1.89939	0.0	0.0379879	8.77473
13.1105	0.0	0.26221	1.27125
13.1105	0.0	0.26221	1.27125
12.8926	0.0	0.257852	1.29273
9.35415	0.0	0.187083	1.78174
9.35415	0.0	0.187083	1.78174
9.04858	0.0	0.180972	1.84191
9.04858	0.0	0.180972	1.84191
8.8201	0.0	0.176402	1.88962
8.8201	0.0	0.176402	1.88962
2.87694	0.0	0.0575389	5.79318
2.13315	0.0	0.0426631	7.81315
2.13315	0.0	0.0426631	7.81315
12.9735	0.0	0.25947	1.28467
12.9735	0.0	0.25947	1.28467
12.9735	0.0	0.25947	1.28467
9.30039	0.0	0.186008	1.79204
9.30039	0.0	0.186008	1.79204
9.30039	0.0	0.186008	1.79204
8.82371	0.0	0.176474	1.88885
8.82371	0.0	0.176474	1.88885
8.82371	0.0	0.176474	1.88885
3.981	0.0	0.07962	4.18655
1.86808	0.0	0.0373616	8.92181
1.86808	0.0	0.0373616	8.92181
13.091	0.0	0.261821	1.27314
13.0274	0.0	0.260547	1.27936
13.0274	0.0	0.260547	1.27936
9.39631	0.0	0.187926	1.77375
9.16018	0.0	0.183204	1.81947
9.16018	0.0	0.183204	1.81947
8.90383	0.0	0.178077	1.87185
8.89367	0.0	0.177873	1.87399
8.89367	0.0	0.177873	1.87399
3.40055	0.0	0.068011	4.90117
1.91331	0.0	0.0382662	8.71091
1.42647	0.0	0.0285294	11.6839
13.1304	0.0	0.262607	1.26932
13.0454	0.0	0.260908	1.27759
13.0454	0.0	0.260908	1.27759
9.42834	0.0	0.188567	1.76772
9.08836	0.0	0.181767	1.83385
9.08836	0.0	0.181767	1.83385
8.94176	0.0	0.178835	1.86391
8.94176	0.0	0.178835	1.86391
8.93059	0.0	0.178612	1.86624
3.12251	0.0	0.0624502	5.33759
2.02393	0.0	0.0404785	8.23482
1.2432	0.0	0.0248639	13.4063
13.1526	0.0	0.263052	1.26717
13.1526	0.0	0.263052	1.26717
13.0821	0.0	0.261643	1.274
9.2486	0.0	0.184972	1.80207
9.2486	0.0	0.184972	1.80207
9.04802	0.0	0.18096	1.84202
8.97691	0.0	0.179538	1.85662
8.97691	0.0	0.179538	1.85662
8.92413	0.0	0.178483	1.86759
2.74395	0.0	0.0548789	6.07398
1.55119	0.0	0.0310238	10.7444
1.28754	0.0	0.0257509	12.9446
13.1945	0.0	0.263891	1.26315
13.1732	0.0	0.263465	1.26519
13.1005	0.0	0.26201	1.27222
9.27815	0.0	0.185563	1.79634
9.17047	0.0	0.183409	1.81743
9.02985	0.0	0.180597	1.84573
9.00468	0.0	0.180094	1.85089
8.99082	0.0	0.179816	1.85374
8.95371	0.0	0.179074	1.86143
2.39357	0.0	0.0478713	6.96311
1.60033	0.0	0.0320065	10.4145
1.18444	0.0	0.0236888	14.0713
13.216	0.0	0.26432	1.2611
13.216	0.0	0.26432	1.2611
13.1189	0.0	0.262378	1.27043
9.19791	0.0	0.183958	1.81201
9.19791	0.0	0.183958	1.81201
9.05925	0.0	0.181185	1.83974
9.05925	0.0	0.181185	1.83974
8.95779	0.0	0.179156	1.86058
8.95779	0.0	0.179156	1.86058
1.92159	0.0	0.0384318	8.67337
1.42996	0.0	0.0285991	11.6554
1.42996	0.0	0.0285991	11.6554
13.2143	0.0	0.264285	1.26126
13.2143	0.0	0.264285	1.26126
13.2143	0.0	0.264285	1.26126
9.13393	0.0	0.182679	1.8247
9.13393	0.0	0.182679	1.8247
9.13393	0.0	0.182679	1.8247
9.00638	0.0	0.180128	1.85054
9.00638	0.0	0.180128	1.85054
9.00638	0.0	0.180128	1.85054
2.01006	0.0	0.0402013	8.29161
0.946014	0.0	0.0189203	17.6178
0.946014	0.0	0.0189203	17.6178
13.2585	0.0	0.265169	1.25706
13.2349	0.0	0.264698	1.2593
13.2349	0.0	0.264698	1.2593
9.16263	0.0	0.183253	1.81898
9.07356	0.0	0.181471	1.83684
9.07356	0.0	0.181471	1.83684
9.03796	0.0	0.180759	1.84407
9.03796	0.0	0.180759	1.84407
9.03386	0.0	0.180677	1.84491
1.57524	0.0	0.0315047	10.5804
1.01469	0.0	0.0202938	16.4254
0.621874	0.0	0.0124375	26.8007
13.2799	0.0	0.265597	1.25503
13.2799	0.0	0.265597	1.25503
13.2555	0.0	0.265111	1.25734
9.1012	0.0	0.182024	1.83126
9.1012	0.0	0.182024	1.83126
9.0661	0.0	0.181322	1.83835
9.0661	0.0	0.181322	1.83835
9.04074	0.0	0.180815	1.84351
9.04074	0.0	0.180815	1.84351
0.961819	0.0	0.0192364	17.3283
0.717346	0.0	0.0143469	23.2338
0.717346	0.0	0.0143469	23.2338
13.3012	0.0	0.266025	1.25302
13.3012	0.0	0.266025	1.25302
13.3012	0.0	0.266025	1.25302
9.06846	0.0	0.181369	1.83787
9.06846	0.0	0.181369	1.83787
9.06846	0.0	0.181369	1.83787
9.06846	0.0	0.181369	1.83787
9.06846	0.0	0.181369	1.83787
9.06846	0.0	0.181369	1.83787
0	0.0	0	0
0	0.0	0	0
0	0.0	0	0
