3996 Out of 7986 Normal Mode Frequencies in 1/ps for a 11x11x11 Si Lattice.
  105.540188  105.540188   86.504612   71.272828   29.205249   29.205249
  105.590229  105.086610   88.821899   67.582921   31.499829   30.036780
  104.779452  103.732111   90.444077   64.129429   37.216868   32.571801
  102.863612  101.809748   91.137864   64.348306   41.024361   35.964870
  100.280247   99.873169   90.371851   69.518816   41.080682   39.174497
   98.604277   98.604277   86.926197   75.949205   41.203015   41.203015
   98.811691   98.536099   81.189663   80.406402   43.513063   41.365794
  100.407810   99.700981   83.263639   73.923897   46.707917   39.610674
  102.384558  101.603781   83.733995   70.377258   46.426429   36.542691
  103.955565  103.558549   83.535285   71.739439   40.317359   33.119481
  104.989419  104.969388   84.266178   73.034671   32.949853   30.374755
  105.590229  105.086610   88.821899   67.582921   31.499829   30.036780
  106.036963  105.461464   91.548714   63.725710   31.693268   28.113440
  105.830737  104.759065   93.291312   59.968456   35.316397   29.454736
  104.509674  103.290993   93.975671   59.232349   38.497689   33.058975
  102.246417  101.492215   93.297667   63.392623   39.183975   36.979316
  100.280247   99.873169   90.371851   69.518816   41.080682   39.174497
   99.503537   99.246898   84.848720   74.854082   42.882813   42.079144
  100.060222   99.660711   79.363513   77.080141   47.012975   41.772420
  101.409989  100.974698   80.815468   72.238123   49.256429   39.169337
  102.879002  102.759891   82.607881   70.799156   45.341036   35.526081
  104.506163  104.071482   85.475399   70.080609   37.817248   32.097135
  104.779452  103.732111   90.444077   64.129429   37.216868   32.571801
  105.830737  104.759065   93.291312   59.968456   35.316397   29.454736
  106.328154  104.997656   94.850842   56.134294   37.481903   27.455449
  105.875821  104.445051   95.119621   55.533424   38.806171   29.149444
  104.509674  103.290993   93.975671   59.232349   38.497689   33.058975
  102.863612  101.809748   91.137864   64.348306   41.024361   35.964870
  101.457322  100.689173   86.515901   69.146617   44.628266   39.359162
  100.647937  100.358554   80.850171   73.211504   46.512219   43.523764
  100.765497  100.702024   78.410855   73.865460   48.682331   43.341942
  101.793882  101.473330   82.109267   70.200484   48.069621   39.697175
  103.338787  102.492773   86.483052   67.421469   43.200985   35.547315
  102.863612  101.809748   91.137864   64.348306   41.024361   35.964870
  104.509674  103.290993   93.975671   59.232349   38.497689   33.058975
  105.875821  104.445051   95.119621   55.533424   38.806171   29.149444
  106.328154  104.997656   94.850842   56.134294   37.481903   27.455449
  105.830737  104.759065   93.291312   59.968456   35.316397   29.454736
  104.779452  103.732111   90.444077   64.129429   37.216868   32.571801
  103.338787  102.492773   86.483052   67.421469   43.200985   35.547315
  101.793882  101.473330   82.109267   70.200484   48.069621   39.697175
  100.765497  100.702024   78.410855   73.865460   48.682331   43.341942
  100.647937  100.358554   80.850171   73.211504   46.512219   43.523764
  101.457322  100.689173   86.515901   69.146617   44.628266   39.359162
  100.280247   99.873169   90.371851   69.518816   41.080682   39.174497
  102.246417  101.492215   93.297667   63.392623   39.183975   36.979316
  104.509674  103.290993   93.975671   59.232349   38.497689   33.058975
  105.830737  104.759065   93.291312   59.968456   35.316397   29.454736
  106.036963  105.461464   91.548714   63.725710   31.693268   28.113440
  105.590229  105.086610   88.821899   67.582921   31.499829   30.036780
  104.506163  104.071482   85.475399   70.080609   37.817248   32.097135
  102.879002  102.759891   82.607881   70.799156   45.341036   35.526081
  101.409989  100.974698   80.815468   72.238123   49.256429   39.169337
  100.060222   99.660711   79.363513   77.080141   47.012975   41.772420
   99.503537   99.246898   84.848720   74.854082   42.882813   42.079144
   98.604277   98.604277   86.926197   75.949205   41.203015   41.203015
  100.280247   99.873169   90.371851   69.518816   41.080682   39.174497
  102.863612  101.809748   91.137864   64.348306   41.024361   35.964870
  104.779452  103.732111   90.444077   64.129429   37.216868   32.571801
  105.590229  105.086610   88.821899   67.582921   31.499829   30.036780
  105.540188  105.540188   86.504612   71.272828   29.205249   29.205249
  104.989419  104.969388   84.266178   73.034671   32.949853   30.374755
  103.955565  103.558549   83.535285   71.739439   40.317359   33.119481
  102.384558  101.603781   83.733995   70.377258   46.426429   36.542691
  100.407810   99.700981   83.263639   73.923897   46.707917   39.610674
   98.811691   98.536099   81.189663   80.406402   43.513063   41.365794
   98.811691   98.536099   81.189663   80.406402   43.513063   41.365794
   99.503537   99.246898   84.848720   74.854082   42.882813   42.079144
  101.457322  100.689173   86.515901   69.146617   44.628266   39.359162
  103.338787  102.492773   86.483052   67.421469   43.200985   35.547315
  104.506163  104.071482   85.475399   70.080609   37.817248   32.097135
  104.989419  104.969388   84.266178   73.034671   32.949853   30.374755
  104.989419  104.969388   84.266178   73.034671   32.949853   30.374755
  104.506163  104.071482   85.475399   70.080609   37.817248   32.097135
  103.338787  102.492773   86.483052   67.421469   43.200985   35.547315
  101.457322  100.689173   86.515901   69.146617   44.628266   39.359162
   99.503537   99.246898   84.848720   74.854082   42.882813   42.079144
  100.407810   99.700981   83.263639   73.923897   46.707917   39.610674
  100.060222   99.660711   79.363513   77.080141   47.012975   41.772420
  100.647937  100.358554   80.850171   73.211504   46.512219   43.523764
  101.793882  101.473330   82.109267   70.200484   48.069621   39.697175
  102.879002  102.759891   82.607881   70.799156   45.341036   35.526081
  103.955565  103.558549   83.535285   71.739439   40.317359   33.119481
  104.506163  104.071482   85.475399   70.080609   37.817248   32.097135
  104.561371  104.014491   87.341845   66.611974   40.528666   31.256875
  104.086723  103.224334   88.343374   63.749188   44.090375   33.105917
  102.920874  102.007998   88.158539   64.775904   44.636738   36.948444
  101.457322  100.689173   86.515901   69.146617   44.628266   39.359162
  102.384558  101.603781   83.733995   70.377258   46.426429   36.542691
  101.409989  100.974698   80.815468   72.238123   49.256429   39.169337
  100.765497  100.702024   78.410855   73.865460   48.682331   43.341942
  100.765497  100.702024   78.410855   73.865460   48.682331   43.341942
  101.409989  100.974698   80.815468   72.238123   49.256429   39.169337
  102.384558  101.603781   83.733995   70.377258   46.426429   36.542691
  103.338787  102.492773   86.483052   67.421469   43.200985   35.547315
  104.086723  103.224334   88.343374   63.749188   44.090375   33.105917
  104.400068  103.477629   88.984352   61.733565   45.673648   31.583657
  104.086723  103.224334   88.343374   63.749188   44.090375   33.105917
  103.338787  102.492773   86.483052   67.421469   43.200985   35.547315
  103.955565  103.558549   83.535285   71.739439   40.317359   33.119481
  102.879002  102.759891   82.607881   70.799156   45.341036   35.526081
  101.793882  101.473330   82.109267   70.200484   48.069621   39.697175
  100.647937  100.358554   80.850171   73.211504   46.512219   43.523764
  100.060222   99.660711   79.363513   77.080141   47.012975   41.772420
  100.407810   99.700981   83.263639   73.923897   46.707917   39.610674
  101.457322  100.689173   86.515901   69.146617   44.628266   39.359162
  102.920874  102.007998   88.158539   64.775904   44.636738   36.948444
  104.086723  103.224334   88.343374   63.749188   44.090375   33.105917
  104.561371  104.014491   87.341845   66.611974   40.528666   31.256875
  104.506163  104.071482   85.475399   70.080609   37.817248   32.097135
  104.989419  104.969388   84.266178   73.034671   32.949853   30.374755
  104.506163  104.071482   85.475399   70.080609   37.817248   32.097135
  103.338787  102.492773   86.483052   67.421469   43.200985   35.547315
  101.457322  100.689173   86.515901   69.146617   44.628266   39.359162
   99.503537   99.246898   84.848720   74.854082   42.882813   42.079144
   98.811691   98.536099   81.189663   80.406402   43.513063   41.365794
   99.503537   99.246898   84.848720   74.854082   42.882813   42.079144
  101.457322  100.689173   86.515901   69.146617   44.628266   39.359162
  103.338787  102.492773   86.483052   67.421469   43.200985   35.547315
  104.506163  104.071482   85.475399   70.080609   37.817248   32.097135
  104.989419  104.969388   84.266178   73.034671   32.949853   30.374755
  105.590229  105.086610   88.821899   67.582921   31.499829   30.036780
  106.036963  105.461464   91.548714   63.725710   31.693268   28.113440
  105.830737  104.759065   93.291312   59.968456   35.316397   29.454736
  104.509674  103.290993   93.975671   59.232349   38.497689   33.058975
  102.246417  101.492215   93.297667   63.392623   39.183975   36.979316
  100.280247   99.873169   90.371851   69.518816   41.080682   39.174497
   99.503537   99.246898   84.848720   74.854082   42.882813   42.079144
  100.060222   99.660711   79.363513   77.080141   47.012975   41.772420
  101.409989  100.974698   80.815468   72.238123   49.256429   39.169337
  102.879002  102.759891   82.607881   70.799156   45.341036   35.526081
  104.506163  104.071482   85.475399   70.080609   37.817248   32.097135
  106.036963  105.461464   91.548714   63.725710   31.693268   28.113440
  106.658830  106.658830   94.832292   59.746969   26.539994   26.539994
  107.065674  106.285453   96.994110   55.611196   27.640537   27.158897
  106.136728  105.004234   98.125895   53.670131   31.942893   29.735222
  103.757300  103.130723   98.158420   56.767687   34.639084   33.339916
  101.198191  101.198191   95.981375   63.195110   36.837707   36.837707
  100.280247   99.873169   90.371851   69.518816   41.080682   39.174497
  100.407810   99.700981   83.263639   73.923897   46.707917   39.610674
  101.273437  100.762006   80.285565   72.833494   50.747910   38.014583
  102.606894  102.572603   83.130919   68.819729   48.624106   34.918782
  104.561371  104.014491   87.341845   66.611974   40.528666   31.256875
  105.830737  104.759065   93.291312   59.968456   35.316397   29.454736
  107.065674  106.285453   96.994110   55.611196   27.640537   27.158897
  107.804095  106.871526   99.318471   51.112260   27.920844   23.704129
  107.584546  106.275350  100.417394   48.520308   30.440055   24.955029
  105.979520  104.908894  100.247387   50.768227   32.241335   29.047102
  103.757300  103.130723   98.158420   56.767687   34.639084   33.339916
  102.246417  101.492215   93.297667   63.392623   39.183975   36.979316
  101.457322  100.689173   86.515901   69.146617   44.628266   39.359162
  101.409989  100.974698   80.815468   72.238123   49.256429   39.169337
  102.262958  102.055317   83.085704   68.177635   49.722677   36.772613
  104.086723  103.224334   88.343374   63.749188   44.090375   33.105917
  104.509674  103.290993   93.975671   59.232349   38.497689   33.058975
  106.136728  105.004234   98.125895   53.670131   31.942893   29.735222
  107.584546  106.275350  100.417394   48.520308   30.440055   24.955029
  108.219985  106.673730  101.140595   46.055440   30.995572   22.594011
  107.584546  106.275350  100.417394   48.520308   30.440055   24.955029
  106.136728  105.004234   98.125895   53.670131   31.942893   29.735222
  104.509674  103.290993   93.975671   59.232349   38.497689   33.058975
  102.920874  102.007998   88.158539   64.775904   44.636738   36.948444
  101.793882  101.473330   82.109267   70.200484   48.069621   39.697175
  101.793882  101.473330   82.109267   70.200484   48.069621   39.697175
  102.920874  102.007998   88.158539   64.775904   44.636738   36.948444
  102.246417  101.492215   93.297667   63.392623   39.183975   36.979316
  103.757300  103.130723   98.158420   56.767687   34.639084   33.339916
  105.979520  104.908894  100.247387   50.768227   32.241335   29.047102
  107.584546  106.275350  100.417394   48.520308   30.440055   24.955029
  107.804095  106.871526   99.318471   51.112260   27.920844   23.704129
  107.065674  106.285453   96.994110   55.611196   27.640537   27.158897
  105.830737  104.759065   93.291312   59.968456   35.316397   29.454736
  104.086723  103.224334   88.343374   63.749188   44.090375   33.105917
  102.262958  102.055317   83.085704   68.177635   49.722677   36.772613
  101.409989  100.974698   80.815468   72.238123   49.256429   39.169337
  101.457322  100.689173   86.515901   69.146617   44.628266   39.359162
  100.280247   99.873169   90.371851   69.518816   41.080682   39.174497
  101.198191  101.198191   95.981375   63.195110   36.837707   36.837707
  103.757300  103.130723   98.158420   56.767687   34.639084   33.339916
  106.136728  105.004234   98.125895   53.670131   31.942893   29.735222
  107.065674  106.285453   96.994110   55.611196   27.640537   27.158897
  106.658830  106.658830   94.832292   59.746969   26.539994   26.539994
  106.036963  105.461464   91.548714   63.725710   31.693268   28.113440
  104.561371  104.014491   87.341845   66.611974   40.528666   31.256875
  102.606894  102.572603   83.130919   68.819729   48.624106   34.918782
  101.273437  100.762006   80.285565   72.833494   50.747910   38.014583
  100.407810   99.700981   83.263639   73.923897   46.707917   39.610674
   99.503537   99.246898   84.848720   74.854082   42.882813   42.079144
  100.280247   99.873169   90.371851   69.518816   41.080682   39.174497
  102.246417  101.492215   93.297667   63.392623   39.183975   36.979316
  104.509674  103.290993   93.975671   59.232349   38.497689   33.058975
  105.830737  104.759065   93.291312   59.968456   35.316397   29.454736
  106.036963  105.461464   91.548714   63.725710   31.693268   28.113440
  105.590229  105.086610   88.821899   67.582921   31.499829   30.036780
  104.506163  104.071482   85.475399   70.080609   37.817248   32.097135
  102.879002  102.759891   82.607881   70.799156   45.341036   35.526081
  101.409989  100.974698   80.815468   72.238123   49.256429   39.169337
  100.060222   99.660711   79.363513   77.080141   47.012975   41.772420
  100.060222   99.660711   79.363513   77.080141   47.012975   41.772420
  100.407810   99.700981   83.263639   73.923897   46.707917   39.610674
  101.457322  100.689173   86.515901   69.146617   44.628266   39.359162
  102.920874  102.007998   88.158539   64.775904   44.636738   36.948444
  104.086723  103.224334   88.343374   63.749188   44.090375   33.105917
  104.561371  104.014491   87.341845   66.611974   40.528666   31.256875
  104.506163  104.071482   85.475399   70.080609   37.817248   32.097135
  103.955565  103.558549   83.535285   71.739439   40.317359   33.119481
  102.879002  102.759891   82.607881   70.799156   45.341036   35.526081
  101.793882  101.473330   82.109267   70.200484   48.069621   39.697175
  100.647937  100.358554   80.850171   73.211504   46.512219   43.523764
  101.409989  100.974698   80.815468   72.238123   49.256429   39.169337
  101.273437  100.762006   80.285565   72.833494   50.747910   38.014583
  101.409989  100.974698   80.815468   72.238123   49.256429   39.169337
  101.793882  101.473330   82.109267   70.200484   48.069621   39.697175
  102.262958  102.055317   83.085704   68.177635   49.722677   36.772613
  102.606894  102.572603   83.130919   68.819729   48.624106   34.918782
  102.879002  102.759891   82.607881   70.799156   45.341036   35.526081
  102.879002  102.759891   82.607881   70.799156   45.341036   35.526081
  102.606894  102.572603   83.130919   68.819729   48.624106   34.918782
  102.262958  102.055317   83.085704   68.177635   49.722677   36.772613
  101.793882  101.473330   82.109267   70.200484   48.069621   39.697175
  102.879002  102.759891   82.607881   70.799156   45.341036   35.526081
  102.606894  102.572603   83.130919   68.819729   48.624106   34.918782
  102.262958  102.055317   83.085704   68.177635   49.722677   36.772613
  101.793882  101.473330   82.109267   70.200484   48.069621   39.697175
  101.409989  100.974698   80.815468   72.238123   49.256429   39.169337
  101.273437  100.762006   80.285565   72.833494   50.747910   38.014583
  101.409989  100.974698   80.815468   72.238123   49.256429   39.169337
  101.793882  101.473330   82.109267   70.200484   48.069621   39.697175
  102.262958  102.055317   83.085704   68.177635   49.722677   36.772613
  102.606894  102.572603   83.130919   68.819729   48.624106   34.918782
  102.879002  102.759891   82.607881   70.799156   45.341036   35.526081
  104.506163  104.071482   85.475399   70.080609   37.817248   32.097135
  104.561371  104.014491   87.341845   66.611974   40.528666   31.256875
  104.086723  103.224334   88.343374   63.749188   44.090375   33.105917
  102.920874  102.007998   88.158539   64.775904   44.636738   36.948444
  101.457322  100.689173   86.515901   69.146617   44.628266   39.359162
  100.407810   99.700981   83.263639   73.923897   46.707917   39.610674
  100.060222   99.660711   79.363513   77.080141   47.012975   41.772420
  100.647937  100.358554   80.850171   73.211504   46.512219   43.523764
  101.793882  101.473330   82.109267   70.200484   48.069621   39.697175
  102.879002  102.759891   82.607881   70.799156   45.341036   35.526081
  103.955565  103.558549   83.535285   71.739439   40.317359   33.119481
  104.779452  103.732111   90.444077   64.129429   37.216868   32.571801
  105.830737  104.759065   93.291312   59.968456   35.316397   29.454736
  106.328154  104.997656   94.850842   56.134294   37.481903   27.455449
  105.875821  104.445051   95.119621   55.533424   38.806171   29.149444
  104.509674  103.290993   93.975671   59.232349   38.497689   33.058975
  102.863612  101.809748   91.137864   64.348306   41.024361   35.964870
  101.457322  100.689173   86.515901   69.146617   44.628266   39.359162
  100.647937  100.358554   80.850171   73.211504   46.512219   43.523764
  100.765497  100.702024   78.410855   73.865460   48.682331   43.341942
  101.793882  101.473330   82.109267   70.200484   48.069621   39.697175
  103.338787  102.492773   86.483052   67.421469   43.200985   35.547315
  105.830737  104.759065   93.291312   59.968456   35.316397   29.454736
  107.065674  106.285453   96.994110   55.611196   27.640537   27.158897
  107.804095  106.871526   99.318471   51.112260   27.920844   23.704129
  107.584546  106.275350  100.417394   48.520308   30.440055   24.955029
  105.979520  104.908894  100.247387   50.768227   32.241335   29.047102
  103.757300  103.130723   98.158420   56.767687   34.639084   33.339916
  102.246417  101.492215   93.297667   63.392623   39.183975   36.979316
  101.457322  100.689173   86.515901   69.146617   44.628266   39.359162
  101.409989  100.974698   80.815468   72.238123   49.256429   39.169337
  102.262958  102.055317   83.085704   68.177635   49.722677   36.772613
  104.086723  103.224334   88.343374   63.749188   44.090375   33.105917
  106.328154  104.997656   94.850842   56.134294   37.481903   27.455449
  107.804095  106.871526   99.318471   51.112260   27.920844   23.704129
  108.446415  108.446415  102.177941   46.070950   21.662362   21.662362
  108.843925  108.106335  103.733821   42.320666   22.285173   22.067216
  107.529147  106.865303  104.203612   42.924891   25.760952   25.284086
  105.032546  105.032546  103.038258   48.887179   29.412001   29.412001
  103.757300  103.130723   98.158420   56.767687   34.639084   33.339916
  102.863612  101.809748   91.137864   64.348306   41.024361   35.964870
  102.384558  101.603781   83.733995   70.377258   46.426429   36.542691
  102.606894  102.572603   83.130919   68.819729   48.624106   34.918782
  104.400068  103.477629   88.984352   61.733565   45.673648   31.583657
  105.875821  104.445051   95.119621   55.533424   38.806171   29.149444
  107.584546  106.275350  100.417394   48.520308   30.440055   24.955029
  108.843925  108.106335  103.733821   42.320666   22.285173   22.067216
  109.661179  108.689295  105.385425   37.694575   22.162641   17.905611
  109.197549  108.161357  105.649532   37.545401   23.616161   19.866108
  107.529147  106.865303  104.203612   42.924891   25.760952   25.284086
  105.979520  104.908894  100.247387   50.768227   32.241335   29.047102
  104.509674  103.290993   93.975671   59.232349   38.497689   33.058975
  103.338787  102.492773   86.483052   67.421469   43.200985   35.547315
  102.879002  102.759891   82.607881   70.799156   45.341036   35.526081
  104.086723  103.224334   88.343374   63.749188   44.090375   33.105917
  104.509674  103.290993   93.975671   59.232349   38.497689   33.058975
  105.979520  104.908894  100.247387   50.768227   32.241335   29.047102
  107.529147  106.865303  104.203612   42.924891   25.760952   25.284086
  109.197549  108.161357  105.649532   37.545401   23.616161   19.866108
  109.661179  108.689295  105.385425   37.694575   22.162641   17.905611
  108.843925  108.106335  103.733821   42.320666   22.285173   22.067216
  107.584546  106.275350  100.417394   48.520308   30.440055   24.955029
  105.875821  104.445051   95.119621   55.533424   38.806171   29.149444
  104.086723  103.224334   88.343374   63.749188   44.090375   33.105917
  102.879002  102.759891   82.607881   70.799156   45.341036   35.526081
  103.338787  102.492773   86.483052   67.421469   43.200985   35.547315
  102.863612  101.809748   91.137864   64.348306   41.024361   35.964870
  103.757300  103.130723   98.158420   56.767687   34.639084   33.339916
  105.032546  105.032546  103.038258   48.887179   29.412001   29.412001
  107.529147  106.865303  104.203612   42.924891   25.760952   25.284086
  108.843925  108.106335  103.733821   42.320666   22.285173   22.067216
  108.446415  108.446415  102.177941   46.070950   21.662362   21.662362
  107.804095  106.871526   99.318471   51.112260   27.920844   23.704129
  106.328154  104.997656   94.850842   56.134294   37.481903   27.455449
  104.400068  103.477629   88.984352   61.733565   45.673648   31.583657
  102.606894  102.572603   83.130919   68.819729   48.624106   34.918782
  102.384558  101.603781   83.733995   70.377258   46.426429   36.542691
  101.457322  100.689173   86.515901   69.146617   44.628266   39.359162
  102.246417  101.492215   93.297667   63.392623   39.183975   36.979316
  103.757300  103.130723   98.158420   56.767687   34.639084   33.339916
  105.979520  104.908894  100.247387   50.768227   32.241335   29.047102
  107.584546  106.275350  100.417394   48.520308   30.440055   24.955029
  107.804095  106.871526   99.318471   51.112260   27.920844   23.704129
  107.065674  106.285453   96.994110   55.611196   27.640537   27.158897
  105.830737  104.759065   93.291312   59.968456   35.316397   29.454736
  104.086723  103.224334   88.343374   63.749188   44.090375   33.105917
  102.262958  102.055317   83.085704   68.177635   49.722677   36.772613
  101.409989  100.974698   80.815468   72.238123   49.256429   39.169337
  100.647937  100.358554   80.850171   73.211504   46.512219   43.523764
  101.457322  100.689173   86.515901   69.146617   44.628266   39.359162
  102.863612  101.809748   91.137864   64.348306   41.024361   35.964870
  104.509674  103.290993   93.975671   59.232349   38.497689   33.058975
  105.875821  104.445051   95.119621   55.533424   38.806171   29.149444
  106.328154  104.997656   94.850842   56.134294   37.481903   27.455449
  105.830737  104.759065   93.291312   59.968456   35.316397   29.454736
  104.779452  103.732111   90.444077   64.129429   37.216868   32.571801
  103.338787  102.492773   86.483052   67.421469   43.200985   35.547315
  101.793882  101.473330   82.109267   70.200484   48.069621   39.697175
  100.765497  100.702024   78.410855   73.865460   48.682331   43.341942
  100.765497  100.702024   78.410855   73.865460   48.682331   43.341942
  101.409989  100.974698   80.815468   72.238123   49.256429   39.169337
  102.384558  101.603781   83.733995   70.377258   46.426429   36.542691
  103.338787  102.492773   86.483052   67.421469   43.200985   35.547315
  104.086723  103.224334   88.343374   63.749188   44.090375   33.105917
  104.400068  103.477629   88.984352   61.733565   45.673648   31.583657
  104.086723  103.224334   88.343374   63.749188   44.090375   33.105917
  103.338787  102.492773   86.483052   67.421469   43.200985   35.547315
  102.384558  101.603781   83.733995   70.377258   46.426429   36.542691
  101.409989  100.974698   80.815468   72.238123   49.256429   39.169337
  100.765497  100.702024   78.410855   73.865460   48.682331   43.341942
  101.793882  101.473330   82.109267   70.200484   48.069621   39.697175
  102.262958  102.055317   83.085704   68.177635   49.722677   36.772613
  102.606894  102.572603   83.130919   68.819729   48.624106   34.918782
  102.879002  102.759891   82.607881   70.799156   45.341036   35.526081
  102.879002  102.759891   82.607881   70.799156   45.341036   35.526081
  102.606894  102.572603   83.130919   68.819729   48.624106   34.918782
  102.262958  102.055317   83.085704   68.177635   49.722677   36.772613
  101.793882  101.473330   82.109267   70.200484   48.069621   39.697175
  101.409989  100.974698   80.815468   72.238123   49.256429   39.169337
  101.273437  100.762006   80.285565   72.833494   50.747910   38.014583
  101.409989  100.974698   80.815468   72.238123   49.256429   39.169337
  103.338787  102.492773   86.483052   67.421469   43.200985   35.547315
  104.086723  103.224334   88.343374   63.749188   44.090375   33.105917
  104.400068  103.477629   88.984352   61.733565   45.673648   31.583657
  104.086723  103.224334   88.343374   63.749188   44.090375   33.105917
  103.338787  102.492773   86.483052   67.421469   43.200985   35.547315
  102.384558  101.603781   83.733995   70.377258   46.426429   36.542691
  101.409989  100.974698   80.815468   72.238123   49.256429   39.169337
  100.765497  100.702024   78.410855   73.865460   48.682331   43.341942
  100.765497  100.702024   78.410855   73.865460   48.682331   43.341942
  101.409989  100.974698   80.815468   72.238123   49.256429   39.169337
  102.384558  101.603781   83.733995   70.377258   46.426429   36.542691
  102.863612  101.809748   91.137864   64.348306   41.024361   35.964870
  104.509674  103.290993   93.975671   59.232349   38.497689   33.058975
  105.875821  104.445051   95.119621   55.533424   38.806171   29.149444
  106.328154  104.997656   94.850842   56.134294   37.481903   27.455449
  105.830737  104.759065   93.291312   59.968456   35.316397   29.454736
  104.779452  103.732111   90.444077   64.129429   37.216868   32.571801
  103.338787  102.492773   86.483052   67.421469   43.200985   35.547315
  101.793882  101.473330   82.109267   70.200484   48.069621   39.697175
  100.765497  100.702024   78.410855   73.865460   48.682331   43.341942
  100.647937  100.358554   80.850171   73.211504   46.512219   43.523764
  101.457322  100.689173   86.515901   69.146617   44.628266   39.359162
  104.509674  103.290993   93.975671   59.232349   38.497689   33.058975
  106.136728  105.004234   98.125895   53.670131   31.942893   29.735222
  107.584546  106.275350  100.417394   48.520308   30.440055   24.955029
  108.219985  106.673730  101.140595   46.055440   30.995572   22.594011
  107.584546  106.275350  100.417394   48.520308   30.440055   24.955029
  106.136728  105.004234   98.125895   53.670131   31.942893   29.735222
  104.509674  103.290993   93.975671   59.232349   38.497689   33.058975
  102.920874  102.007998   88.158539   64.775904   44.636738   36.948444
  101.793882  101.473330   82.109267   70.200484   48.069621   39.697175
  101.793882  101.473330   82.109267   70.200484   48.069621   39.697175
  102.920874  102.007998   88.158539   64.775904   44.636738   36.948444
  105.875821  104.445051   95.119621   55.533424   38.806171   29.149444
  107.584546  106.275350  100.417394   48.520308   30.440055   24.955029
  108.843925  108.106335  103.733821   42.320666   22.285173   22.067216
  109.661179  108.689295  105.385425   37.694575   22.162641   17.905611
  109.197549  108.161357  105.649532   37.545401   23.616161   19.866108
  107.529147  106.865303  104.203612   42.924891   25.760952   25.284086
  105.979520  104.908894  100.247387   50.768227   32.241335   29.047102
  104.509674  103.290993   93.975671   59.232349   38.497689   33.058975
  103.338787  102.492773   86.483052   67.421469   43.200985   35.547315
  102.879002  102.759891   82.607881   70.799156   45.341036   35.526081
  104.086723  103.224334   88.343374   63.749188   44.090375   33.105917
  106.328154  104.997656   94.850842   56.134294   37.481903   27.455449
  108.219985  106.673730  101.140595   46.055440   30.995572   22.594011
  109.661179  108.689295  105.385425   37.694575   22.162641   17.905611
  110.275954  110.275954  107.628425   31.288752   15.220816   15.220816
  110.349197  109.919509  108.502300   28.685541   16.244589   15.814471
  108.677964  108.677964  108.070865   33.328040   20.276949   20.276949
  107.529147  106.865303  104.203612   42.924891   25.760952   25.284086
  106.136728  105.004234   98.125895   53.670131   31.942893   29.735222
  104.779452  103.732111   90.444077   64.129429   37.216868   32.571801
  103.955565  103.558549   83.535285   71.739439   40.317359   33.119481
  104.561371  104.014491   87.341845   66.611974   40.528666   31.256875
  105.830737  104.759065   93.291312   59.968456   35.316397   29.454736
  107.584546  106.275350  100.417394   48.520308   30.440055   24.955029
  109.197549  108.161357  105.649532   37.545401   23.616161   19.866108
  110.349197  109.919509  108.502300   28.685541   16.244589   15.814471
  111.048144  110.402314  109.329074   24.812192   14.970411   11.773932
  110.349197  109.919509  108.502300   28.685541   16.244589   15.814471
  109.197549  108.161357  105.649532   37.545401   23.616161   19.866108
  107.584546  106.275350  100.417394   48.520308   30.440055   24.955029
  105.830737  104.759065   93.291312   59.968456   35.316397   29.454736
  104.506163  104.071482   85.475399   70.080609   37.817248   32.097135
  104.506163  104.071482   85.475399   70.080609   37.817248   32.097135
  104.779452  103.732111   90.444077   64.129429   37.216868   32.571801
  106.136728  105.004234   98.125895   53.670131   31.942893   29.735222
  107.529147  106.865303  104.203612   42.924891   25.760952   25.284086
  108.677964  108.677964  108.070865   33.328040   20.276949   20.276949
  110.349197  109.919509  108.502300   28.685541   16.244589   15.814471
  110.275954  110.275954  107.628425   31.288752   15.220816   15.220816
  109.661179  108.689295  105.385425   37.694575   22.162641   17.905611
  108.219985  106.673730  101.140595   46.055440   30.995572   22.594011
  106.328154  104.997656   94.850842   56.134294   37.481903   27.455449
  104.561371  104.014491   87.341845   66.611974   40.528666   31.256875
  103.955565  103.558549   83.535285   71.739439   40.317359   33.119481
  103.338787  102.492773   86.483052   67.421469   43.200985   35.547315
  104.509674  103.290993   93.975671   59.232349   38.497689   33.058975
  105.979520  104.908894  100.247387   50.768227   32.241335   29.047102
  107.529147  106.865303  104.203612   42.924891   25.760952   25.284086
  109.197549  108.161357  105.649532   37.545401   23.616161   19.866108
  109.661179  108.689295  105.385425   37.694575   22.162641   17.905611
  108.843925  108.106335  103.733821   42.320666   22.285173   22.067216
  107.584546  106.275350  100.417394   48.520308   30.440055   24.955029
  105.875821  104.445051   95.119621   55.533424   38.806171   29.149444
  104.086723  103.224334   88.343374   63.749188   44.090375   33.105917
  102.879002  102.759891   82.607881   70.799156   45.341036   35.526081
  101.793882  101.473330   82.109267   70.200484   48.069621   39.697175
  102.920874  102.007998   88.158539   64.775904   44.636738   36.948444
  104.509674  103.290993   93.975671   59.232349   38.497689   33.058975
  106.136728  105.004234   98.125895   53.670131   31.942893   29.735222
  107.584546  106.275350  100.417394   48.520308   30.440055   24.955029
  108.219985  106.673730  101.140595   46.055440   30.995572   22.594011
  107.584546  106.275350  100.417394   48.520308   30.440055   24.955029
  106.136728  105.004234   98.125895   53.670131   31.942893   29.735222
  104.509674  103.290993   93.975671   59.232349   38.497689   33.058975
  102.920874  102.007998   88.158539   64.775904   44.636738   36.948444
  101.793882  101.473330   82.109267   70.200484   48.069621   39.697175
  100.765497  100.702024   78.410855   73.865460   48.682331   43.341942
  101.793882  101.473330   82.109267   70.200484   48.069621   39.697175
  103.338787  102.492773   86.483052   67.421469   43.200985   35.547315
  104.779452  103.732111   90.444077   64.129429   37.216868   32.571801
  105.830737  104.759065   93.291312   59.968456   35.316397   29.454736
  106.328154  104.997656   94.850842   56.134294   37.481903   27.455449
  105.875821  104.445051   95.119621   55.533424   38.806171   29.149444
  104.509674  103.290993   93.975671   59.232349   38.497689   33.058975
  102.863612  101.809748   91.137864   64.348306   41.024361   35.964870
  101.457322  100.689173   86.515901   69.146617   44.628266   39.359162
  100.647937  100.358554   80.850171   73.211504   46.512219   43.523764
  100.647937  100.358554   80.850171   73.211504   46.512219   43.523764
  101.793882  101.473330   82.109267   70.200484   48.069621   39.697175
  102.879002  102.759891   82.607881   70.799156   45.341036   35.526081
  103.955565  103.558549   83.535285   71.739439   40.317359   33.119481
  104.506163  104.071482   85.475399   70.080609   37.817248   32.097135
  104.561371  104.014491   87.341845   66.611974   40.528666   31.256875
  104.086723  103.224334   88.343374   63.749188   44.090375   33.105917
  102.920874  102.007998   88.158539   64.775904   44.636738   36.948444
  101.457322  100.689173   86.515901   69.146617   44.628266   39.359162
  100.407810   99.700981   83.263639   73.923897   46.707917   39.610674
  100.060222   99.660711   79.363513   77.080141   47.012975   41.772420
  101.457322  100.689173   86.515901   69.146617   44.628266   39.359162
  102.920874  102.007998   88.158539   64.775904   44.636738   36.948444
  104.086723  103.224334   88.343374   63.749188   44.090375   33.105917
  104.561371  104.014491   87.341845   66.611974   40.528666   31.256875
  104.506163  104.071482   85.475399   70.080609   37.817248   32.097135
  103.955565  103.558549   83.535285   71.739439   40.317359   33.119481
  102.879002  102.759891   82.607881   70.799156   45.341036   35.526081
  101.793882  101.473330   82.109267   70.200484   48.069621   39.697175
  100.647937  100.358554   80.850171   73.211504   46.512219   43.523764
  100.060222   99.660711   79.363513   77.080141   47.012975   41.772420
  100.407810   99.700981   83.263639   73.923897   46.707917   39.610674
  100.280247   99.873169   90.371851   69.518816   41.080682   39.174497
  102.246417  101.492215   93.297667   63.392623   39.183975   36.979316
  104.509674  103.290993   93.975671   59.232349   38.497689   33.058975
  105.830737  104.759065   93.291312   59.968456   35.316397   29.454736
  106.036963  105.461464   91.548714   63.725710   31.693268   28.113440
  105.590229  105.086610   88.821899   67.582921   31.499829   30.036780
  104.506163  104.071482   85.475399   70.080609   37.817248   32.097135
  102.879002  102.759891   82.607881   70.799156   45.341036   35.526081
  101.409989  100.974698   80.815468   72.238123   49.256429   39.169337
  100.060222   99.660711   79.363513   77.080141   47.012975   41.772420
   99.503537   99.246898   84.848720   74.854082   42.882813   42.079144
  102.246417  101.492215   93.297667   63.392623   39.183975   36.979316
  103.757300  103.130723   98.158420   56.767687   34.639084   33.339916
  105.979520  104.908894  100.247387   50.768227   32.241335   29.047102
  107.584546  106.275350  100.417394   48.520308   30.440055   24.955029
  107.804095  106.871526   99.318471   51.112260   27.920844   23.704129
  107.065674  106.285453   96.994110   55.611196   27.640537   27.158897
  105.830737  104.759065   93.291312   59.968456   35.316397   29.454736
  104.086723  103.224334   88.343374   63.749188   44.090375   33.105917
  102.262958  102.055317   83.085704   68.177635   49.722677   36.772613
  101.409989  100.974698   80.815468   72.238123   49.256429   39.169337
  101.457322  100.689173   86.515901   69.146617   44.628266   39.359162
  104.509674  103.290993   93.975671   59.232349   38.497689   33.058975
  105.979520  104.908894  100.247387   50.768227   32.241335   29.047102
  107.529147  106.865303  104.203612   42.924891   25.760952   25.284086
  109.197549  108.161357  105.649532   37.545401   23.616161   19.866108
  109.661179  108.689295  105.385425   37.694575   22.162641   17.905611
  108.843925  108.106335  103.733821   42.320666   22.285173   22.067216
  107.584546  106.275350  100.417394   48.520308   30.440055   24.955029
  105.875821  104.445051   95.119621   55.533424   38.806171   29.149444
  104.086723  103.224334   88.343374   63.749188   44.090375   33.105917
  102.879002  102.759891   82.607881   70.799156   45.341036   35.526081
  103.338787  102.492773   86.483052   67.421469   43.200985   35.547315
  105.830737  104.759065   93.291312   59.968456   35.316397   29.454736
  107.584546  106.275350  100.417394   48.520308   30.440055   24.955029
  109.197549  108.161357  105.649532   37.545401   23.616161   19.866108
  110.349197  109.919509  108.502300   28.685541   16.244589   15.814471
  111.048144  110.402314  109.329074   24.812192   14.970411   11.773932
  110.349197  109.919509  108.502300   28.685541   16.244589   15.814471
  109.197549  108.161357  105.649532   37.545401   23.616161   19.866108
  107.584546  106.275350  100.417394   48.520308   30.440055   24.955029
  105.830737  104.759065   93.291312   59.968456   35.316397   29.454736
  104.506163  104.071482   85.475399   70.080609   37.817248   32.097135
  104.506163  104.071482   85.475399   70.080609   37.817248   32.097135
  106.036963  105.461464   91.548714   63.725710   31.693268   28.113440
  107.804095  106.871526   99.318471   51.112260   27.920844   23.704129
  109.661179  108.689295  105.385425   37.694575   22.162641   17.905611
  111.048144  110.402314  109.329074   24.812192   14.970411   11.773932
  111.603230  111.603230  110.962848   15.814878    7.830008    7.830008
  111.194089  111.194089  111.082272   16.890575   10.304874   10.304874
  110.349197  109.919509  108.502300   28.685541   16.244589   15.814471
  108.843925  108.106335  103.733821   42.320666   22.285173   22.067216
  107.065674  106.285453   96.994110   55.611196   27.640537   27.158897
  105.590229  105.086610   88.821899   67.582921   31.499829   30.036780
  104.989419  104.969388   84.266178   73.034671   32.949853   30.374755
  105.590229  105.086610   88.821899   67.582921   31.499829   30.036780
  107.065674  106.285453   96.994110   55.611196   27.640537   27.158897
  108.843925  108.106335  103.733821   42.320666   22.285173   22.067216
  110.349197  109.919509  108.502300   28.685541   16.244589   15.814471
  111.194089  111.194089  111.082272   16.890575   10.304874   10.304874
  111.603230  111.603230  110.962848   15.814878    7.830008    7.830008
  111.048144  110.402314  109.329074   24.812192   14.970411   11.773932
  109.661179  108.689295  105.385425   37.694575   22.162641   17.905611
  107.804095  106.871526   99.318471   51.112260   27.920844   23.704129
  106.036963  105.461464   91.548714   63.725710   31.693268   28.113440
  104.989419  104.969388   84.266178   73.034671   32.949853   30.374755
  104.506163  104.071482   85.475399   70.080609   37.817248   32.097135
  105.830737  104.759065   93.291312   59.968456   35.316397   29.454736
  107.584546  106.275350  100.417394   48.520308   30.440055   24.955029
  109.197549  108.161357  105.649532   37.545401   23.616161   19.866108
  110.349197  109.919509  108.502300   28.685541   16.244589   15.814471
  111.048144  110.402314  109.329074   24.812192   14.970411   11.773932
  110.349197  109.919509  108.502300   28.685541   16.244589   15.814471
  109.197549  108.161357  105.649532   37.545401   23.616161   19.866108
  107.584546  106.275350  100.417394   48.520308   30.440055   24.955029
  105.830737  104.759065   93.291312   59.968456   35.316397   29.454736
  104.506163  104.071482   85.475399   70.080609   37.817248   32.097135
  102.879002  102.759891   82.607881   70.799156   45.341036   35.526081
  104.086723  103.224334   88.343374   63.749188   44.090375   33.105917
  105.875821  104.445051   95.119621   55.533424   38.806171   29.149444
  107.584546  106.275350  100.417394   48.520308   30.440055   24.955029
  108.843925  108.106335  103.733821   42.320666   22.285173   22.067216
  109.661179  108.689295  105.385425   37.694575   22.162641   17.905611
  109.197549  108.161357  105.649532   37.545401   23.616161   19.866108
  107.529147  106.865303  104.203612   42.924891   25.760952   25.284086
  105.979520  104.908894  100.247387   50.768227   32.241335   29.047102
  104.509674  103.290993   93.975671   59.232349   38.497689   33.058975
  103.338787  102.492773   86.483052   67.421469   43.200985   35.547315
  101.409989  100.974698   80.815468   72.238123   49.256429   39.169337
  102.262958  102.055317   83.085704   68.177635   49.722677   36.772613
  104.086723  103.224334   88.343374   63.749188   44.090375   33.105917
  105.830737  104.759065   93.291312   59.968456   35.316397   29.454736
  107.065674  106.285453   96.994110   55.611196   27.640537   27.158897
  107.804095  106.871526   99.318471   51.112260   27.920844   23.704129
  107.584546  106.275350  100.417394   48.520308   30.440055   24.955029
  105.979520  104.908894  100.247387   50.768227   32.241335   29.047102
  103.757300  103.130723   98.158420   56.767687   34.639084   33.339916
  102.246417  101.492215   93.297667   63.392623   39.183975   36.979316
  101.457322  100.689173   86.515901   69.146617   44.628266   39.359162
  100.060222   99.660711   79.363513   77.080141   47.012975   41.772420
  101.409989  100.974698   80.815468   72.238123   49.256429   39.169337
  102.879002  102.759891   82.607881   70.799156   45.341036   35.526081
  104.506163  104.071482   85.475399   70.080609   37.817248   32.097135
  105.590229  105.086610   88.821899   67.582921   31.499829   30.036780
  106.036963  105.461464   91.548714   63.725710   31.693268   28.113440
  105.830737  104.759065   93.291312   59.968456   35.316397   29.454736
  104.509674  103.290993   93.975671   59.232349   38.497689   33.058975
  102.246417  101.492215   93.297667   63.392623   39.183975   36.979316
  100.280247   99.873169   90.371851   69.518816   41.080682   39.174497
   99.503537   99.246898   84.848720   74.854082   42.882813   42.079144
   99.503537   99.246898   84.848720   74.854082   42.882813   42.079144
  101.457322  100.689173   86.515901   69.146617   44.628266   39.359162
  103.338787  102.492773   86.483052   67.421469   43.200985   35.547315
  104.506163  104.071482   85.475399   70.080609   37.817248   32.097135
  104.989419  104.969388   84.266178   73.034671   32.949853   30.374755
  104.989419  104.969388   84.266178   73.034671   32.949853   30.374755
  104.506163  104.071482   85.475399   70.080609   37.817248   32.097135
  103.338787  102.492773   86.483052   67.421469   43.200985   35.547315
  101.457322  100.689173   86.515901   69.146617   44.628266   39.359162
   99.503537   99.246898   84.848720   74.854082   42.882813   42.079144
   98.811691   98.536099   81.189663   80.406402   43.513063   41.365794
   98.604277   98.604277   86.926197   75.949205   41.203015   41.203015
  100.280247   99.873169   90.371851   69.518816   41.080682   39.174497
  102.863612  101.809748   91.137864   64.348306   41.024361   35.964870
  104.779452  103.732111   90.444077   64.129429   37.216868   32.571801
  105.590229  105.086610   88.821899   67.582921   31.499829   30.036780
  105.540188  105.540188   86.504612   71.272828   29.205249   29.205249
  104.989419  104.969388   84.266178   73.034671   32.949853   30.374755
  103.955565  103.558549   83.535285   71.739439   40.317359   33.119481
  102.384558  101.603781   83.733995   70.377258   46.426429   36.542691
  100.407810   99.700981   83.263639   73.923897   46.707917   39.610674
   98.811691   98.536099   81.189663   80.406402   43.513063   41.365794
  100.280247   99.873169   90.371851   69.518816   41.080682   39.174497
  101.198191  101.198191   95.981375   63.195110   36.837707   36.837707
  103.757300  103.130723   98.158420   56.767687   34.639084   33.339916
  106.136728  105.004234   98.125895   53.670131   31.942893   29.735222
  107.065674  106.285453   96.994110   55.611196   27.640537   27.158897
  106.658830  106.658830   94.832292   59.746969   26.539994   26.539994
  106.036963  105.461464   91.548714   63.725710   31.693268   28.113440
  104.561371  104.014491   87.341845   66.611974   40.528666   31.256875
  102.606894  102.572603   83.130919   68.819729   48.624106   34.918782
  101.273437  100.762006   80.285565   72.833494   50.747910   38.014583
  100.407810   99.700981   83.263639   73.923897   46.707917   39.610674
  102.863612  101.809748   91.137864   64.348306   41.024361   35.964870
  103.757300  103.130723   98.158420   56.767687   34.639084   33.339916
  105.032546  105.032546  103.038258   48.887179   29.412001   29.412001
  107.529147  106.865303  104.203612   42.924891   25.760952   25.284086
  108.843925  108.106335  103.733821   42.320666   22.285173   22.067216
  108.446415  108.446415  102.177941   46.070950   21.662362   21.662362
  107.804095  106.871526   99.318471   51.112260   27.920844   23.704129
  106.328154  104.997656   94.850842   56.134294   37.481903   27.455449
  104.400068  103.477629   88.984352   61.733565   45.673648   31.583657
  102.606894  102.572603   83.130919   68.819729   48.624106   34.918782
  102.384558  101.603781   83.733995   70.377258   46.426429   36.542691
  104.779452  103.732111   90.444077   64.129429   37.216868   32.571801
  106.136728  105.004234   98.125895   53.670131   31.942893   29.735222
  107.529147  106.865303  104.203612   42.924891   25.760952   25.284086
  108.677964  108.677964  108.070865   33.328040   20.276949   20.276949
  110.349197  109.919509  108.502300   28.685541   16.244589   15.814471
  110.275954  110.275954  107.628425   31.288752   15.220816   15.220816
  109.661179  108.689295  105.385425   37.694575   22.162641   17.905611
  108.219985  106.673730  101.140595   46.055440   30.995572   22.594011
  106.328154  104.997656   94.850842   56.134294   37.481903   27.455449
  104.561371  104.014491   87.341845   66.611974   40.528666   31.256875
  103.955565  103.558549   83.535285   71.739439   40.317359   33.119481
  105.590229  105.086610   88.821899   67.582921   31.499829   30.036780
  107.065674  106.285453   96.994110   55.611196   27.640537   27.158897
  108.843925  108.106335  103.733821   42.320666   22.285173   22.067216
  110.349197  109.919509  108.502300   28.685541   16.244589   15.814471
  111.194089  111.194089  111.082272   16.890575   10.304874   10.304874
  111.603230  111.603230  110.962848   15.814878    7.830008    7.830008
  111.048144  110.402314  109.329074   24.812192   14.970411   11.773932
  109.661179  108.689295  105.385425   37.694575   22.162641   17.905611
  107.804095  106.871526   99.318471   51.112260   27.920844   23.704129
  106.036963  105.461464   91.548714   63.725710   31.693268   28.113440
  104.989419  104.969388   84.266178   73.034671   32.949853   30.374755
  105.540188  105.540188   86.504612   71.272828   29.205249   29.205249
  106.658830  106.658830   94.832292   59.746969   26.539994   26.539994
  108.446415  108.446415  102.177941   46.070950   21.662362   21.662362
  110.275954  110.275954  107.628425   31.288752   15.220816   15.220816
  111.603230  111.603230  110.962848   15.814878    7.830008    7.830008
  112.084183  112.084183  112.084183    0.000000    0.000000    0.000000
